timestamp,open,high,low,close,volume
1620763200,4069.32,4134.59,4045.2,4134.59,98073.0
1620766800,4134.57,4156.85,4080.25,4121.59,97898.0
1620770400,4121.5,4141.33,4095.01,4130.0,71693.0
1620774000,4130.99,4182.29,4125.01,4175.45,103515.0
1620777600,4175.69,4197.99,4151.19,4195.0,151681.0
1620781200,4195.0,4195.16,4148.26,4175.99,77250.0
1620784800,4176.0,4272.73,4164.6,4272.73,261990.0
1620788400,4272.73,4360.81,4250.0,4336.62,292582.0
1620792000,4336.69,4353.9,4281.68,4305.64,237304.0
1620795600,4306.01,4339.63,4303.37,4326.01,111887.0
1620799200,4326.01,4372.57,4282.6,4295.23,198941.0
1620802800,4295.23,4335.0,4287.76,4308.82,125079.0
1620806400,4307.85,4320.64,4257.53,4310.96,200021.0
1620810000,4310.97,4323.17,4284.52,4286.46,106875.0
1620813600,4285.96,4296.85,4225.0,4240.28,206553.0
1620817200,4238.81,4283.92,4234.68,4274.98,133600.0
1620820800,4274.69,4315.9,4257.57,4290.98,154976.0
1620824400,4290.34,4310.0,4235.0,4308.86,190083.0
1620828000,4308.86,4374.99,4286.43,4315.51,282874.0
1620831600,4315.5,4315.5,4137.35,4188.27,551777.0
1620835200,4189.59,4216.19,4077.0,4150.2,814878.0
1620838800,4150.19,4195.27,4112.0,4144.61,299576.0
1620842400,4145.93,4170.0,3962.11,4012.8,467569.0
1620846000,4012.67,4087.0,3940.0,4082.37,352021.0
1620849600,4082.16,4110.0,4032.61,4096.2,227429.0
1620853200,4096.2,4135.0,4075.01,4120.58,94121.0
1620856800,4121.03,4242.08,3964.48,4229.97,758895.0
1620860400,4229.97,4234.54,3740.31,3835.08,1029392.0
1620864000,3834.07,3975.1,3510.27,3901.38,1234895.0
1620867600,3900.02,3997.93,3892.06,3997.24,305553.0
1620871200,3996.74,4029.21,3959.15,3982.09,267451.0
1620874800,3983.21,3983.21,3860.34,3941.84,271869.0
1620878400,3941.83,3981.73,3890.0,3906.02,159425.0
1620882000,3906.02,4016.49,3906.02,3988.61,189214.0
1620885600,3989.19,4021.78,3969.5,4012.45,133361.0
1620889200,4012.45,4019.14,3944.71,3970.28,128236.0
1620892800,3970.27,3987.99,3823.08,3838.2,354823.0
1620896400,3838.2,3877.81,3677.52,3735.65,764043.0
1620900000,3736.4,3823.94,3601.7,3639.25,644395.0
1620903600,3638.95,3763.65,3600.0,3742.13,505438.0
1620907200,3745.0,3828.81,3698.03,3806.14,360888.0
1620910800,3807.12,3864.99,3750.03,3855.54,308134.0
1620914400,3855.54,3897.7,3838.01,3849.54,275577.0
1620918000,3849.54,3858.76,3727.02,3751.7,360866.0
1620921600,3750.39,3876.0,3674.06,3695.16,474178.0
1620925200,3694.41,3719.7,3545.07,3696.99,744121.0
1620928800,3696.59,3732.97,3572.47,3583.07,352875.0
1620932400,3582.46,3712.69,3581.77,3649.62,282115.0
1620936000,3650.39,3738.92,3608.0,3714.85,183679.0
1620939600,3714.35,3781.99,3687.34,3751.37,103199.0
1620943200,3751.88,3777.0,3660.51,3660.51,134611.0
1620946800,3662.22,3737.8,3606.74,3716.82,199474.0
1620950400,3716.81,3845.0,3691.74,3823.0,209233.0
1620954000,3823.49,3900.0,3805.97,3867.77,169119.0
1620957600,3868.52,3877.92,3785.05,3791.5,163630.0
1620961200,3793.13,3838.77,3773.17,3794.05,109696.0
1620964800,3793.83,3825.42,3757.35,3802.31,171154.0
1620968400,3803.06,3860.99,3780.42,3850.12,98204.0
1620972000,3850.12,3865.66,3788.0,3814.81,106989.0
1620975600,3813.27,3894.89,3813.27,3881.55,186240.0
1620979200,3882.46,3932.0,3860.11,3931.64,165988.0
1620982800,3931.98,3978.0,3908.94,3944.06,188613.0
1620986400,3944.62,3986.52,3932.2,3986.52,132337.0
1620990000,3986.53,4028.3,3968.41,3999.08,230738.0
1620993600,3998.98,4012.05,3955.0,3998.0,163684.0
1620997200,3998.26,4063.71,3953.36,4062.06,249524.0
1621000800,4061.51,4088.0,4025.58,4082.77,172241.0
1621004400,4082.77,4158.0,4082.77,4128.6,374718.0
1621008000,4128.87,4171.4,4076.86,4113.56,329479.0
1621011600,4112.01,4145.28,4097.0,4100.42,117339.0
1621015200,4099.05,4119.63,4056.33,4094.87,134575.0
1621018800,4095.46,4095.46,4046.01,4049.8,112727.0
1621022400,4051.82,4078.05,3974.97,3989.49,187771.0
1621026000,3990.15,4056.16,3983.21,4056.0,95107.0
1621029600,4056.01,4110.87,4030.72,4077.82,151988.0
1621033200,4077.81,4112.44,4066.62,4082.3,100558.0
1621036800,4081.12,4136.98,4013.1,4034.8,222190.0
1621040400,4034.66,4121.0,4026.66,4114.49,152191.0
1621044000,4114.48,4115.47,4053.39,4060.12,127991.0
1621047600,4059.99,4062.43,4021.36,4027.0,119747.0
1621051200,4027.0,4060.66,3992.77,4003.37,122092.0
1621054800,4003.37,4043.78,3980.0,4037.4,161545.0
1621058400,4036.32,4037.39,3928.32,3961.28,222510.0
1621062000,3961.27,3963.92,3894.28,3907.34,314714.0
1621065600,3907.7,3934.0,3864.56,3914.34,346159.0
1621069200,3914.35,3969.1,3856.11,3896.66,331043.0
1621072800,3894.44,3895.02,3802.7,3848.5,326653.0
1621076400,3848.51,3911.99,3845.68,3901.0,185893.0
1621080000,3902.36,3937.34,3863.49,3917.2,185504.0
1621083600,3917.2,3933.95,3872.0,3892.16,147802.0
1621087200,3892.48,3923.75,3830.0,3904.87,289637.0
1621090800,3904.23,3923.94,3860.5,3876.08,140644.0
1621094400,3876.77,3877.0,3728.31,3772.26,481709.0
1621098000,3772.26,3787.98,3704.0,3743.61,242430.0
1621101600,3743.92,3774.79,3713.19,3748.21,136321.0
1621105200,3749.07,3761.44,3650.0,3751.85,242453.0
1621108800,3752.0,3815.5,3744.28,3789.85,157043.0
1621112400,3790.03,3821.33,3782.8,3805.9,55935.0
1621116000,3806.71,3829.0,3728.94,3767.61,161996.0
1621119600,3767.62,3774.99,3633.02,3648.12,382228.0
1621123200,3647.97,3813.51,3623.42,3769.12,456600.0
1621126800,3769.12,3857.04,3768.93,3831.2,182654.0
1621130400,3831.21,3843.0,3810.69,3815.2,84114.0
1621134000,3815.8,3842.82,3773.81,3828.17,131727.0
1621137600,3826.88,3845.0,3796.64,3798.07,106000.0
1621141200,3798.08,3819.0,3773.71,3783.53,99809.0
1621144800,3783.89,3880.99,3779.17,3859.84,237916.0
1621148400,3859.99,3869.17,3824.16,3867.61,170928.0
1621152000,3867.29,3867.29,3790.33,3799.43,199285.0
1621155600,3799.21,3834.0,3797.0,3813.5,144069.0
1621159200,3814.07,3860.0,3813.49,3846.32,111656.0
1621162800,3846.29,3847.37,3786.01,3791.55,141231.0
1621166400,3791.54,3806.9,3701.64,3709.96,248347.0
1621170000,3709.96,3733.0,3677.47,3727.2,289038.0
1621173600,3728.03,3756.57,3655.0,3676.55,304560.0
1621177200,3676.55,3693.0,3631.99,3634.01,307318.0
1621180800,3634.79,3675.25,3553.01,3578.77,659084.0
1621184400,3577.95,3629.1,3450.0,3605.84,790045.0
1621188000,3605.31,3665.37,3465.5,3475.0,635429.0
1621191600,3475.01,3524.05,3342.53,3422.03,689387.0
1621195200,3422.2,3466.42,3350.37,3363.35,556745.0
1621198800,3363.03,3512.62,3352.51,3478.11,379166.0
1621202400,3477.8,3577.6,3472.61,3532.76,289187.0
1621206000,3532.76,3588.73,3517.6,3582.96,202018.0
1621209600,3582.7,3587.17,3458.87,3467.78,189943.0
1621213200,3467.75,3478.71,3380.75,3418.25,323195.0
1621216800,3419.55,3459.0,3365.73,3384.98,383984.0
1621220400,3384.78,3402.43,3212.32,3244.88,791731.0
1621224000,3244.87,3332.17,3123.0,3327.75,909818.0
1621227600,3327.75,3346.0,3214.18,3342.88,462814.0
1621231200,3342.52,3447.25,3336.44,3399.88,573544.0
1621234800,3399.88,3525.0,3398.22,3517.39,301095.0
1621238400,3518.79,3577.21,3469.44,3538.79,332023.0
1621242000,3538.79,3552.24,3474.02,3511.5,217210.0
1621245600,3511.5,3524.34,3438.51,3447.11,192384.0
1621249200,3447.23,3528.0,3430.86,3517.7,196198.0
1621252800,3519.34,3545.8,3455.0,3479.43,226415.0
1621256400,3480.04,3491.86,3417.02,3457.99,201771.0
1621260000,3456.71,3466.37,3351.02,3392.27,331715.0
1621263600,3392.28,3415.9,3270.02,3287.54,370191.0
1621267200,3288.0,3339.74,3203.19,3208.0,457323.0
1621270800,3208.0,3252.36,3123.31,3202.69,490559.0
1621274400,3202.04,3377.73,3169.17,3350.02,389098.0
1621278000,3350.0,3402.48,3344.1,3381.27,180228.0
1621281600,3382.11,3452.99,3367.69,3439.43,140838.0
1621285200,3439.15,3440.95,3247.0,3262.16,201950.0
1621288800,3262.54,3347.65,3193.18,3226.91,296706.0
1621292400,3226.99,3320.58,3200.0,3282.05,288076.0
1621296000,3281.73,3376.27,3237.97,3356.11,230936.0
1621299600,3356.38,3418.18,3350.28,3400.79,183928.0
1621303200,3402.14,3418.55,3348.0,3406.39,152224.0
1621306800,3405.65,3407.99,3373.2,3385.91,110025.0
1621310400,3384.55,3530.0,3379.39,3509.76,269745.0
1621314000,3509.75,3548.0,3493.1,3521.11,171288.0
1621317600,3521.12,3556.98,3456.69,3465.84,205035.0
1621321200,3465.85,3513.0,3463.1,3510.0,152121.0
1621324800,3510.76,3527.99,3472.72,3484.52,148862.0
1621328400,3484.08,3495.0,3437.75,3473.95,175302.0
1621332000,3473.55,3519.27,3448.0,3519.27,124706.0
1621335600,3519.67,3567.56,3492.02,3539.07,202888.0
1621339200,3539.06,3544.41,3390.01,3419.2,411057.0
1621342800,3419.2,3440.41,3343.88,3371.34,436258.0
1621346400,3369.32,3370.82,3260.0,3317.98,485156.0
1621350000,3316.08,3397.21,3277.56,3346.06,335459.0
1621353600,3346.1,3439.08,3308.13,3424.86,405359.0
1621357200,3423.81,3438.88,3386.88,3396.61,217320.0
1621360800,3397.17,3397.17,3329.0,3363.27,293716.0
1621364400,3361.85,3417.8,3325.02,3400.77,213672.0
1621368000,3399.1,3448.51,3359.01,3426.34,170151.0
1621371600,3428.5,3465.18,3386.81,3401.0,134331.0
1621375200,3401.68,3421.0,3364.29,3368.68,92285.0
1621378800,3368.68,3399.99,3320.53,3371.79,202280.0
1621382400,3372.36,3444.41,3350.0,3353.92,259197.0
1621386000,3355.11,3355.25,3161.0,3192.77,472521.0
1621389600,3192.76,3239.52,3106.19,3112.89,442535.0
1621393200,3113.48,3154.58,3058.52,3102.72,462624.0
1621396800,3103.12,3137.98,2861.38,2936.67,1209739.0
1621400400,2936.29,3029.12,2912.0,2931.22,839480.0
1621404000,2931.22,3017.36,2925.73,2947.23,426718.0
1621407600,2947.24,3015.49,2859.38,2986.07,705329.0
1621411200,2985.35,2997.08,2916.99,2978.0,408310.0
1621414800,2978.0,3006.44,2932.0,2972.08,304425.0
1621418400,2971.58,2983.63,2821.0,2858.86,541632.0
1621422000,2858.85,2868.8,2424.65,2719.72,2613020.0
1621425600,2720.43,2770.72,1959.0,2330.89,3117086.0
1621429200,2332.63,2595.15,1811.4,2498.07,3924200.0
1621432800,2498.21,2622.03,2284.24,2611.59,1825324.0
1621436400,2612.49,2776.68,2513.0,2742.61,1421138.0
1621440000,2742.62,2898.27,2603.58,2858.63,1294957.0
1621443600,2858.62,2930.92,2735.45,2771.18,809484.0
1621447200,2772.53,2794.27,2565.52,2608.42,934296.0
1621450800,2608.29,2661.25,2558.15,2602.66,600206.0
1621454400,2602.68,2717.99,2523.2,2526.27,553339.0
1621458000,2526.5,2602.04,2387.98,2589.0,478040.0
1621461600,2589.72,2717.18,2552.4,2658.86,638819.0
1621465200,2660.39,2674.62,2431.0,2443.67,1000597.0
1621468800,2443.89,2547.44,2150.73,2231.04,1507075.0
1621472400,2229.94,2389.56,2172.0,2339.13,1684180.0
1621476000,2339.31,2483.61,2319.0,2465.04,729253.0
1621479600,2465.05,2499.0,2408.82,2471.56,622316.0
1621483200,2470.54,2590.36,2454.0,2562.06,634404.0
1621486800,2561.14,2662.72,2557.57,2652.15,492386.0
1621490400,2652.82,2688.23,2574.73,2643.33,508718.0
1621494000,2643.02,2777.48,2642.7,2710.44,628860.0
1621497600,2710.44,2750.0,2661.7,2696.67,421650.0
1621501200,2696.31,2703.33,2570.0,2673.31,587186.0
1621504800,2673.31,2722.58,2645.06,2711.99,429870.0
1621508400,2712.24,2761.58,2671.83,2756.04,337040.0
1621512000,2755.84,2905.0,2710.69,2875.8,671744.0
1621515600,2875.8,2993.89,2851.72,2905.26,699104.0
1621519200,2905.26,2959.33,2866.22,2895.41,413310.0
1621522800,2895.34,2954.99,2861.69,2905.59,300883.0
1621526400,2905.57,2906.32,2579.11,2700.74,1549838.0
1621530000,2700.31,2777.7,2634.0,2756.43,518677.0
1621533600,2756.43,2809.6,2714.66,2779.55,284609.0
1621537200,2779.41,2817.1,2747.72,2779.67,211685.0
1621540800,2781.0,2830.22,2745.84,2759.1,195378.0
1621544400,2759.58,2838.0,2724.87,2835.44,131564.0
1621548000,2835.84,2861.39,2713.09,2844.94,306004.0
1621551600,2842.01,2858.56,2738.12,2768.76,296901.0
1621555200,2767.51,2932.85,2761.83,2906.51,305066.0
1621558800,2907.08,2941.38,2881.01,2898.48,183359.0
1621562400,2899.07,2899.07,2835.34,2857.24,197857.0
1621566000,2857.04,2857.04,2773.4,2791.94,252593.0
1621569600,2790.67,2807.66,2740.01,2780.08,228007.0
1621573200,2780.24,2807.27,2727.78,2753.25,198051.0
1621576800,2753.03,2779.33,2702.4,2767.28,278570.0
1621580400,2766.56,2772.36,2678.99,2687.73,261028.0
1621584000,2688.76,2706.97,2623.13,2702.59,388932.0
1621587600,2701.52,2785.74,2701.32,2762.93,261163.0
1621591200,2762.76,2769.88,2680.0,2689.63,230352.0
1621594800,2690.01,2717.99,2652.0,2712.37,308145.0
1621598400,2712.37,2739.0,2639.11,2648.51,333364.0
1621602000,2648.51,2731.99,2632.14,2723.29,233315.0
1621605600,2722.8,2763.15,2375.0,2518.31,2503539.0
1621609200,2518.02,2577.7,2397.02,2421.39,988794.0
1621612800,2421.71,2522.14,2355.54,2451.83,1100025.0
1621616400,2451.34,2507.7,2423.31,2492.92,528318.0
1621620000,2492.75,2492.75,2381.38,2476.39,464502.0
1621623600,2475.84,2477.73,2308.71,2351.27,626171.0
1621627200,2351.17,2374.99,2236.53,2248.85,624480.0
1621630800,2247.52,2397.05,2098.19,2388.81,776628.0
1621634400,2389.64,2440.31,2332.26,2381.38,469559.0
1621638000,2381.51,2435.98,2350.78,2432.02,304544.0
1621641600,2432.12,2468.6,2382.83,2448.17,261734.0
1621645200,2448.18,2482.0,2409.1,2446.71,238072.0
1621648800,2446.71,2486.0,2385.78,2393.91,271169.0
1621652400,2393.79,2417.48,2306.0,2330.78,447155.0
1621656000,2330.79,2354.58,2211.0,2266.37,563445.0
1621659600,2266.23,2282.0,2150.0,2232.65,737160.0
1621663200,2232.38,2255.0,2169.0,2248.7,608080.0
1621666800,2249.7,2257.1,2183.8,2246.47,460010.0
1621670400,2246.34,2374.4,2245.77,2346.27,515778.0
1621674000,2346.28,2389.51,2277.06,2363.22,553615.0
1621677600,2363.5,2478.0,2313.03,2463.84,662449.0
1621681200,2463.85,2475.0,2396.08,2415.92,349330.0
1621684800,2415.22,2454.99,2376.0,2392.45,351522.0
1621688400,2393.25,2489.21,2382.0,2439.19,339053.0
1621692000,2439.32,2455.64,2323.4,2361.65,482043.0
1621695600,2360.76,2398.69,2290.0,2368.38,494247.0
1621699200,2368.38,2397.65,2323.11,2353.02,393594.0
1621702800,2353.06,2371.85,2264.86,2286.59,346340.0
1621706400,2286.38,2303.65,2266.94,2294.26,260686.0
1621710000,2294.79,2326.97,2251.3,2254.83,190622.0
1621713600,2254.22,2370.0,2254.22,2353.28,203386.0
1621717200,2352.98,2380.0,2340.33,2363.98,77094.0
1621720800,2365.38,2383.34,2314.21,2337.62,261556.0
1621724400,2337.97,2372.98,2282.7,2293.77,180933.0
1621728000,2293.77,2363.5,2252.64,2362.43,316987.0
1621731600,2362.34,2382.0,2340.92,2342.51,162283.0
1621735200,2342.74,2355.78,2273.41,2294.24,197863.0
1621738800,2295.17,2335.0,2280.67,2318.27,184101.0
1621742400,2318.01,2318.01,2270.01,2284.66,249847.0
1621746000,2284.78,2284.78,2200.0,2231.01,427534.0
1621749600,2231.0,2261.14,2186.75,2212.55,431691.0
1621753200,2212.56,2218.67,2127.15,2157.72,532764.0
1621756800,2157.95,2157.95,1995.65,2032.12,1164599.0
1621760400,2032.0,2091.83,1978.0,2033.94,1059272.0
1621764000,2034.29,2173.31,2027.4,2113.0,568028.0
1621767600,2113.38,2153.02,2081.25,2115.18,332447.0
1621771200,2115.32,2139.53,1873.09,1937.12,1124708.0
1621774800,1938.75,1980.69,1863.47,1968.1,1194584.0
1621778400,1968.42,2019.0,1908.0,1976.96,622392.0
1621782000,1977.37,1987.89,1895.15,1925.84,532774.0
1621785600,1926.01,1958.56,1728.64,1848.68,1939914.0
1621789200,1848.6,2002.6,1841.32,1913.74,1014579.0
1621792800,1914.28,1952.77,1815.09,1896.99,688837.0
1621796400,1896.98,1996.13,1874.4,1969.21,516586.0
1621800000,1968.07,2099.59,1968.07,2065.61,481864.0
1621803600,2065.71,2149.99,2062.28,2095.76,320853.0
1621807200,2095.76,2150.64,2045.73,2062.98,332628.0
1621810800,2063.2,2122.33,2063.19,2096.79,279389.0
1621814400,2096.78,2198.0,2096.4,2133.86,393917.0
1621818000,2133.85,2148.9,2080.14,2122.8,261639.0
1621821600,2122.8,2167.0,2090.04,2163.82,226524.0
1621825200,2164.76,2197.0,2133.79,2142.88,293487.0
1621828800,2142.88,2156.7,2082.94,2104.65,261047.0
1621832400,2104.49,2156.55,2096.53,2134.04,288578.0
1621836000,2133.56,2192.31,2108.0,2189.47,339324.0
1621839600,2189.25,2297.69,2188.69,2289.67,588041.0
1621843200,2291.05,2318.57,2242.72,2289.45,468102.0
1621846800,2289.43,2289.43,2231.07,2231.45,295169.0
1621850400,2231.65,2279.53,2222.87,2262.28,273214.0
1621854000,2262.28,2375.0,2255.1,2366.56,593536.0
1621857600,2366.56,2469.08,2341.5,2421.2,712238.0
1621861200,2421.68,2443.03,2341.0,2374.05,602794.0
1621864800,2373.74,2474.0,2373.74,2423.72,460026.0
1621868400,2423.99,2529.75,2402.19,2508.37,500992.0
1621872000,2508.93,2562.0,2416.0,2467.76,636660.0
1621875600,2467.75,2546.23,2435.9,2543.87,305935.0
1621879200,2544.75,2599.0,2520.46,2553.3,305368.0
1621882800,2552.4,2663.68,2521.11,2650.47,385141.0
1621886400,2650.47,2675.0,2561.66,2619.49,310548.0
1621890000,2619.4,2669.64,2583.53,2592.25,222282.0
1621893600,2592.14,2647.16,2530.46,2587.6,370628.0
1621897200,2587.9,2657.6,2574.18,2648.42,257676.0
1621900800,2649.47,2749.88,2616.02,2710.79,455748.0
1621904400,2710.42,2736.14,2636.54,2661.59,341409.0
1621908000,2661.39,2677.96,2562.0,2573.74,452419.0
1621911600,2573.74,2594.57,2540.0,2584.58,389351.0
1621915200,2584.14,2615.65,2521.07,2587.5,429481.0
1621918800,2588.94,2600.0,2543.19,2592.3,272625.0
1621922400,2592.42,2678.1,2565.0,2658.11,395386.0
1621926000,2657.31,2685.0,2623.92,2660.71,267549.0
1621929600,2660.62,2674.3,2567.89,2582.58,374614.0
1621933200,2582.58,2593.99,2528.0,2561.87,317953.0
1621936800,2561.5,2562.05,2380.65,2441.02,712713.0
1621940400,2440.75,2482.89,2387.5,2393.9,415758.0
1621944000,2393.05,2463.91,2381.02,2456.67,467440.0
1621947600,2456.66,2565.54,2452.49,2534.01,542995.0
1621951200,2534.25,2648.99,2526.28,2583.77,563027.0
1621954800,2583.46,2634.37,2531.0,2609.97,852645.0
1621958400,2610.28,2611.15,2545.47,2571.76,365348.0
1621962000,2570.31,2598.0,2518.59,2586.27,274590.0
1621965600,2586.66,2623.0,2565.0,2575.7,168153.0
1621969200,2575.43,2592.94,2484.0,2511.36,244687.0
1621972800,2511.93,2568.0,2505.06,2551.2,141163.0
1621976400,2551.13,2623.0,2528.35,2613.3,136785.0
1621980000,2612.39,2738.17,2605.51,2715.09,392846.0
1621983600,2715.73,2720.81,2663.14,2704.45,209348.0
1621987200,2705.0,2738.49,2643.22,2681.61,252809.0
1621990800,2682.36,2773.52,2681.37,2763.32,246936.0
1621994400,2763.26,2845.0,2752.45,2794.73,478673.0
1621998000,2795.43,2845.0,2786.54,2838.32,233236.0
1622001600,2839.14,2850.0,2772.6,2813.19,246143.0
1622005200,2813.53,2843.0,2792.25,2800.52,231417.0
1622008800,2800.78,2898.5,2786.21,2879.61,386671.0
1622012400,2879.56,2894.55,2855.17,2890.02,209199.0
1622016000,2889.65,2913.58,2814.59,2838.97,498672.0
1622019600,2839.1,2870.0,2831.22,2840.16,157451.0
1622023200,2840.17,2854.67,2775.62,2826.38,367836.0
1622026800,2826.52,2841.31,2792.0,2833.51,198028.0
1622030400,2833.61,2868.0,2820.56,2849.61,191118.0
1622034000,2849.99,2849.99,2698.43,2705.91,609901.0
1622037600,2705.91,2778.32,2686.35,2750.95,449937.0
1622041200,2750.38,2765.0,2701.56,2744.7,438402.0
1622044800,2744.44,2792.4,2702.92,2705.8,345029.0
1622048400,2706.3,2749.79,2665.19,2743.45,294642.0
1622052000,2743.23,2759.44,2706.11,2752.2,207853.0
1622055600,2752.71,2755.16,2680.4,2740.8,158057.0
1622059200,2740.24,2809.25,2723.05,2796.79,122090.0
1622062800,2795.58,2831.69,2774.98,2813.05,107680.0
1622066400,2811.47,2844.04,2797.88,2839.03,113234.0
1622070000,2840.13,2887.3,2816.0,2884.22,174894.0
1622073600,2884.2,2885.02,2780.0,2811.37,324997.0
1622077200,2810.8,2818.44,2663.0,2689.77,506676.0
1622080800,2689.77,2734.37,2671.57,2711.88,420754.0
1622084400,2711.88,2713.21,2635.0,2679.43,406388.0
1622088000,2679.72,2707.62,2646.0,2702.94,276018.0
1622091600,2702.94,2739.0,2659.0,2731.0,236028.0
1622095200,2731.67,2757.69,2707.84,2752.75,187182.0
1622098800,2752.75,2757.28,2716.76,2733.68,213369.0
1622102400,2734.51,2781.26,2678.35,2760.61,414190.0
1622106000,2759.75,2815.0,2759.0,2791.54,262129.0
1622109600,2791.54,2812.46,2768.0,2779.89,205883.0
1622113200,2779.88,2842.72,2778.82,2827.22,232166.0
1622116800,2827.75,2845.44,2775.35,2782.59,274942.0
1622120400,2783.12,2867.69,2782.81,2828.82,380921.0
1622124000,2828.93,2869.0,2827.0,2843.3,186452.0
1622127600,2843.01,2850.7,2787.0,2804.81,285155.0
1622131200,2804.5,2813.31,2757.0,2766.18,292188.0
1622134800,2766.18,2796.56,2761.58,2785.01,155532.0
1622138400,2785.01,2795.0,2765.69,2790.0,108774.0
1622142000,2789.76,2790.94,2735.01,2757.37,123950.0
1622145600,2757.63,2760.97,2720.0,2720.75,107032.0
1622149200,2720.75,2787.88,2701.01,2779.69,157729.0
1622152800,2779.61,2797.91,2745.0,2755.89,137578.0
1622156400,2755.89,2777.0,2721.65,2742.5,157609.0
1622160000,2742.83,2761.94,2701.01,2705.18,224762.0
1622163600,2705.2,2717.0,2663.51,2709.6,260293.0
1622167200,2708.71,2731.46,2700.0,2729.51,125601.0
1622170800,2729.25,2729.25,2697.51,2716.18,161946.0
1622174400,2715.26,2715.26,2648.68,2657.01,342317.0
1622178000,2657.0,2677.72,2554.02,2577.98,473266.0
1622181600,2577.19,2591.6,2513.0,2553.01,603961.0
1622185200,2553.02,2588.0,2523.78,2567.21,373760.0
1622188800,2567.01,2583.55,2484.0,2506.09,425511.0
1622192400,2506.14,2514.55,2436.0,2496.1,928214.0
1622196000,2496.51,2522.04,2467.0,2498.3,363502.0
1622199600,2497.46,2518.33,2419.0,2437.13,459087.0
1622203200,2436.28,2580.0,2421.85,2562.38,621147.0
1622206800,2562.38,2620.13,2562.38,2587.07,379234.0
1622210400,2587.07,2589.63,2541.0,2550.75,284115.0
1622214000,2551.41,2581.3,2530.33,2559.38,254790.0
1622217600,2559.38,2574.04,2469.47,2469.75,510817.0
1622221200,2469.75,2511.1,2456.55,2501.14,301004.0
1622224800,2501.36,2545.0,2473.05,2521.62,245320.0
1622228400,2522.23,2556.93,2492.84,2500.15,210744.0
1622232000,2499.93,2525.54,2418.43,2427.82,288457.0
1622235600,2427.43,2444.51,2325.0,2368.84,415086.0
1622239200,2368.57,2409.99,2358.15,2388.3,226322.0
1622242800,2388.73,2435.36,2380.23,2410.97,169823.0
1622246400,2411.55,2504.06,2395.23,2493.68,312334.0
1622250000,2493.25,2540.83,2493.25,2526.23,274795.0
1622253600,2526.78,2537.32,2500.0,2515.0,218796.0
1622257200,2514.34,2549.66,2501.0,2526.88,231965.0
1622260800,2525.98,2535.99,2461.95,2469.55,301403.0
1622264400,2469.55,2576.55,2469.55,2541.41,442559.0
1622268000,2541.4,2556.05,2517.39,2521.82,163085.0
1622271600,2521.83,2532.16,2480.97,2488.69,203025.0
1622275200,2488.55,2497.56,2440.01,2451.85,255504.0
1622278800,2451.59,2461.4,2390.39,2434.72,342980.0
1622282400,2434.23,2445.26,2410.05,2419.8,186784.0
1622286000,2419.79,2467.22,2375.02,2450.03,451937.0
1622289600,2450.04,2451.0,2377.36,2390.64,279919.0
1622293200,2390.67,2404.56,2345.74,2393.79,490615.0
1622296800,2393.31,2425.0,2352.71,2371.36,389992.0
1622300400,2371.92,2371.92,2283.13,2329.47,672417.0
1622304000,2329.28,2389.2,2292.53,2371.91,553703.0
1622307600,2372.36,2372.93,2256.0,2269.62,482424.0
1622311200,2269.23,2288.85,2239.82,2273.49,405492.0
1622314800,2272.57,2288.0,2220.0,2248.58,276933.0
1622318400,2248.59,2275.54,2207.85,2238.32,425041.0
1622322000,2238.32,2280.0,2224.5,2279.08,203750.0
1622325600,2279.08,2290.0,2252.31,2272.36,146474.0
1622329200,2272.33,2321.7,2244.0,2278.64,248328.0
1622332800,2278.69,2283.69,2178.0,2228.44,449509.0
1622336400,2228.52,2249.12,2192.86,2222.98,288880.0
1622340000,2222.74,2282.86,2212.11,2279.69,284984.0
1622343600,2279.69,2309.0,2264.33,2295.65,381805.0
1622347200,2296.54,2318.9,2275.27,2295.88,233939.0
1622350800,2296.4,2386.62,2296.4,2369.06,359476.0
1622354400,2369.79,2434.7,2369.79,2422.39,506599.0
1622358000,2422.39,2462.33,2407.7,2450.65,484871.0
1622361600,2450.26,2476.25,2412.25,2419.55,367802.0
1622365200,2419.54,2442.0,2408.47,2424.56,195442.0
1622368800,2424.37,2434.12,2384.59,2400.32,282458.0
1622372400,2400.32,2465.0,2391.51,2463.58,315873.0
1622376000,2463.57,2469.91,2362.49,2389.11,367960.0
1622379600,2388.8,2406.96,2370.91,2388.62,193096.0
1622383200,2389.08,2394.0,2340.31,2353.43,273790.0
1622386800,2353.43,2387.15,2351.12,2381.44,177795.0
1622390400,2381.44,2434.8,2363.17,2408.0,288687.0
1622394000,2408.0,2437.7,2406.26,2420.08,156556.0
1622397600,2419.98,2464.42,2419.0,2456.45,125220.0
1622401200,2456.76,2463.53,2433.45,2442.19,78721.0
1622404800,2442.05,2460.6,2421.52,2436.51,89682.0
1622408400,2436.85,2450.0,2421.11,2422.09,58632.0
1622412000,2422.09,2433.15,2392.31,2410.53,97611.0
1622415600,2411.1,2419.58,2378.05,2386.11,142322.0
1622419200,2385.24,2414.82,2349.93,2353.48,248169.0
1622422800,2353.53,2363.0,2294.36,2302.89,355392.0
1622426400,2302.89,2337.0,2284.4,2309.24,340072.0
1622430000,2309.44,2320.81,2272.0,2300.4,321906.0
1622433600,2300.4,2318.0,2282.0,2310.02,219008.0
1622437200,2310.34,2338.39,2296.28,2317.74,238757.0
1622440800,2317.99,2395.0,2316.5,2389.99,363194.0
1622444400,2389.45,2456.72,2384.47,2451.66,523040.0
1622448000,2451.05,2507.7,2425.1,2492.38,572932.0
1622451600,2492.57,2522.23,2482.77,2488.02,404020.0
1622455200,2487.83,2562.92,2487.83,2553.43,420316.0
1622458800,2553.67,2587.91,2545.1,2552.26,474212.0
1622462400,2552.27,2585.0,2521.0,2534.49,391927.0
1622466000,2534.5,2574.46,2523.15,2530.56,413701.0
1622469600,2530.56,2557.43,2510.34,2544.28,287840.0
1622473200,2543.63,2645.0,2543.63,2640.3,518224.0
1622476800,2640.38,2678.56,2621.1,2634.42,543167.0
1622480400,2634.24,2637.69,2583.6,2614.82,324582.0
1622484000,2614.83,2618.0,2572.4,2593.54,185585.0
1622487600,2593.54,2629.29,2585.97,2627.24,157693.0
1622491200,2628.27,2648.41,2592.44,2598.96,167726.0
1622494800,2598.31,2631.91,2594.37,2626.68,63467.0
1622498400,2626.51,2671.84,2620.21,2643.02,153324.0
1622502000,2643.79,2722.25,2638.54,2705.27,288030.0
1622505600,2706.49,2740.8,2689.13,2730.82,350954.0
1622509200,2730.82,2730.82,2657.0,2662.75,282145.0
1622512800,2662.75,2675.93,2612.86,2643.68,355191.0
1622516400,2643.69,2678.55,2612.01,2630.54,308355.0
1622520000,2630.54,2660.44,2615.33,2636.92,166540.0
1622523600,2636.36,2718.0,2632.3,2699.99,343987.0
1622527200,2699.09,2703.97,2638.55,2656.56,346169.0
1622530800,2656.55,2679.64,2630.0,2651.98,255631.0
1622534400,2652.55,2673.0,2547.89,2574.26,664986.0
1622538000,2574.25,2595.88,2546.0,2572.26,324508.0
1622541600,2572.26,2626.26,2557.11,2609.91,328712.0
1622545200,2610.49,2638.82,2590.9,2621.87,302600.0
1622548800,2622.23,2622.23,2552.46,2555.74,392038.0
1622552400,2555.75,2679.0,2522.79,2633.73,943722.0
1622556000,2633.54,2644.27,2573.52,2589.29,572351.0
1622559600,2589.04,2589.04,2541.3,2566.63,384099.0
1622563200,2566.9,2588.62,2529.0,2537.69,371458.0
1622566800,2537.69,2565.2,2526.86,2557.58,185092.0
1622570400,2557.58,2584.24,2554.37,2575.22,129541.0
1622574000,2575.81,2575.81,2527.38,2542.4,117491.0
1622577600,2542.4,2581.27,2534.81,2577.58,136988.0
1622581200,2578.35,2604.0,2558.51,2600.72,130855.0
1622584800,2600.82,2615.83,2573.18,2586.19,137908.0
1622588400,2585.91,2652.0,2585.9,2637.0,238900.0
1622592000,2637.0,2654.96,2580.26,2585.79,285822.0
1622595600,2585.79,2599.95,2549.26,2589.38,250464.0
1622599200,2589.38,2620.95,2574.48,2592.3,299688.0
1622602800,2592.1,2645.09,2590.95,2615.57,259667.0
1622606400,2615.73,2647.6,2615.73,2623.63,164703.0
1622610000,2623.63,2646.84,2607.7,2638.56,214970.0
1622613600,2638.57,2659.8,2629.0,2634.66,212340.0
1622617200,2634.66,2709.99,2634.27,2694.8,416383.0
1622620800,2694.81,2715.18,2676.9,2714.23,281931.0
1622624400,2714.23,2723.2,2681.71,2684.26,272306.0
1622628000,2684.27,2704.2,2671.0,2681.91,187349.0
1622631600,2682.0,2703.86,2660.68,2695.37,281536.0
1622635200,2694.73,2717.52,2692.4,2702.0,205026.0
1622638800,2702.01,2752.86,2681.68,2732.01,504898.0
1622642400,2732.3,2778.99,2719.0,2764.72,452784.0
1622646000,2764.72,2796.91,2764.72,2788.93,371022.0
1622649600,2789.42,2800.0,2745.55,2760.37,415807.0
1622653200,2760.25,2772.72,2741.01,2767.63,130448.0
1622656800,2767.63,2776.33,2749.01,2773.28,99048.0
1622660400,2773.28,2773.28,2751.1,2758.41,90388.0
1622664000,2758.41,2763.51,2710.36,2723.88,218377.0
1622667600,2723.41,2738.49,2713.11,2718.65,82384.0
1622671200,2718.65,2731.22,2672.59,2696.88,244949.0
1622674800,2696.71,2722.14,2687.49,2706.96,123342.0
1622678400,2707.2,2726.99,2683.76,2706.17,218206.0
1622682000,2705.9,2718.75,2667.08,2671.4,228168.0
1622685600,2671.4,2701.91,2663.01,2696.7,242916.0
1622689200,2696.7,2728.0,2688.29,2724.03,207634.0
1622692800,2724.19,2773.18,2722.38,2766.16,354977.0
1622696400,2766.47,2827.0,2766.23,2815.91,711047.0
1622700000,2815.2,2846.84,2795.0,2843.96,426790.0
1622703600,2843.99,2847.62,2806.01,2818.44,296117.0
1622707200,2818.01,2851.31,2807.7,2834.64,277958.0
1622710800,2834.64,2873.99,2824.34,2871.83,415488.0
1622714400,2872.07,2890.81,2860.35,2872.77,359994.0
1622718000,2872.77,2878.0,2797.62,2805.99,506496.0
1622721600,2806.0,2835.0,2770.0,2825.13,486420.0
1622725200,2825.13,2842.0,2762.02,2778.89,518948.0
1622728800,2778.89,2803.4,2766.34,2793.14,269326.0
1622732400,2792.48,2819.44,2775.07,2789.01,302614.0
1622736000,2789.0,2848.0,2778.07,2830.99,358398.0
1622739600,2830.72,2851.18,2817.08,2821.0,211512.0
1622743200,2821.77,2834.99,2785.01,2790.39,194676.0
1622746800,2790.01,2803.87,2782.8,2794.17,106353.0
1622750400,2793.8,2824.35,2790.13,2823.32,87783.0
1622754000,2823.32,2850.57,2810.0,2819.96,118878.0
1622757600,2818.71,2850.0,2815.17,2835.3,78105.0
1622761200,2835.35,2875.17,2823.14,2857.69,195734.0
1622764800,2857.41,2861.52,2792.01,2810.86,312861.0
1622768400,2810.86,2811.27,2698.0,2738.56,812701.0
1622772000,2738.56,2738.56,2683.3,2733.99,394632.0
1622775600,2734.0,2766.94,2717.85,2753.36,279037.0
1622779200,2753.36,2763.75,2717.88,2721.55,245846.0
1622782800,2720.91,2737.0,2648.31,2660.39,881188.0
1622786400,2659.81,2682.88,2613.02,2629.53,590000.0
1622790000,2629.52,2644.39,2588.9,2621.69,734855.0
1622793600,2621.88,2645.0,2588.21,2623.47,458394.0
1622797200,2622.85,2652.55,2592.95,2651.97,417327.0
1622800800,2651.96,2664.77,2622.18,2622.27,357254.0
1622804400,2622.28,2639.97,2610.07,2624.68,296921.0
1622808000,2624.68,2656.13,2550.0,2641.7,1151508.0
1622811600,2642.0,2672.0,2627.38,2652.36,351650.0
1622815200,2652.37,2655.99,2602.88,2643.78,490393.0
1622818800,2643.96,2661.88,2632.01,2656.0,305395.0
1622822400,2655.46,2682.56,2650.2,2661.3,322137.0
1622826000,2661.46,2712.02,2649.07,2688.39,302062.0
1622829600,2688.38,2707.12,2676.24,2701.56,150161.0
1622833200,2701.42,2712.17,2663.79,2681.57,132802.0
1622836800,2679.85,2710.0,2678.91,2700.35,85774.0
1622840400,2700.87,2738.42,2700.87,2732.73,167627.0
1622844000,2732.73,2739.68,2711.63,2715.99,109100.0
1622847600,2715.5,2726.99,2648.0,2688.54,327508.0
1622851200,2688.92,2776.88,2673.79,2768.78,386712.0
1622854800,2769.25,2773.8,2747.64,2761.0,208285.0
1622858400,2761.13,2773.0,2745.0,2763.35,189024.0
1622862000,2763.35,2781.95,2752.31,2763.21,193482.0
1622865600,2763.21,2788.85,2761.4,2782.55,259402.0
1622869200,2782.56,2795.12,2750.87,2770.43,226278.0
1622872800,2770.76,2786.2,2764.02,2779.03,202328.0
1622876400,2779.99,2812.0,2775.64,2780.01,384911.0
1622880000,2781.02,2814.85,2766.17,2807.0,290414.0
1622883600,2807.05,2816.74,2652.0,2703.8,796157.0
1622887200,2703.8,2730.0,2679.69,2709.21,602005.0
1622890800,2709.2,2717.23,2625.0,2639.61,764953.0
1622894400,2639.61,2663.99,2600.0,2642.22,563953.0
1622898000,2642.22,2649.55,2610.7,2617.93,294710.0
1622901600,2617.92,2638.23,2591.09,2598.19,362369.0
1622905200,2598.12,2662.18,2580.4,2655.31,476296.0
1622908800,2655.07,2655.31,2615.07,2627.97,249345.0
1622912400,2627.78,2643.97,2608.91,2620.14,173988.0
1622916000,2620.17,2637.47,2608.83,2625.33,133786.0
1622919600,2625.55,2638.86,2596.27,2601.68,172241.0
1622923200,2601.97,2647.15,2596.53,2633.3,192212.0
1622926800,2633.17,2633.18,2552.05,2562.9,265585.0
1622930400,2562.9,2593.99,2558.94,2575.79,146611.0
1622934000,2575.0,2638.94,2575.0,2630.07,262028.0
1622937600,2630.08,2639.75,2615.89,2629.04,246125.0
1622941200,2629.04,2689.65,2629.04,2685.42,298741.0
1622944800,2685.42,2694.5,2668.26,2681.12,228950.0
1622948400,2680.94,2690.86,2660.51,2673.62,244817.0
1622952000,2673.62,2690.12,2670.47,2679.99,139156.0
1622955600,2680.0,2693.99,2670.47,2693.27,163898.0
1622959200,2693.27,2710.0,2646.88,2664.31,495371.0
1622962800,2664.31,2694.99,2664.19,2689.54,248061.0
1622966400,2689.54,2735.0,2689.54,2730.01,466597.0
1622970000,2730.01,2743.6,2715.0,2723.2,291914.0
1622973600,2723.02,2729.93,2697.24,2717.11,226503.0
1622977200,2717.11,2726.99,2687.0,2691.27,183320.0
1622980800,2690.86,2717.93,2683.02,2691.92,264454.0
1622984400,2691.91,2703.6,2653.12,2660.78,391112.0
1622988000,2660.51,2713.76,2655.0,2706.73,427416.0
1622991600,2706.55,2732.8,2703.54,2719.35,329283.0
1622995200,2719.49,2737.59,2713.75,2718.66,212351.0
1622998800,2718.67,2718.67,2678.86,2690.8,176124.0
1623002400,2690.8,2699.0,2675.0,2691.3,178385.0
1623006000,2691.29,2692.43,2671.7,2674.2,103600.0
1623009600,2674.21,2713.86,2666.41,2711.99,151998.0
1623013200,2712.0,2719.87,2700.0,2715.66,57094.0
1623016800,2715.6,2718.0,2670.77,2695.85,183031.0
1623020400,2695.46,2715.39,2689.0,2711.86,116430.0
1623024000,2711.86,2768.0,2691.64,2762.67,458109.0
1623027600,2762.68,2803.13,2748.5,2793.68,423164.0
1623031200,2793.68,2799.01,2780.0,2786.11,158169.0
1623034800,2785.78,2793.99,2755.1,2766.88,257530.0
1623038400,2768.0,2798.68,2766.04,2767.99,200096.0
1623042000,2768.0,2792.25,2761.35,2785.99,231090.0
1623045600,2786.0,2792.0,2752.8,2761.63,210562.0
1623049200,2761.64,2773.33,2734.0,2765.01,403594.0
1623052800,2765.01,2777.88,2744.0,2757.94,237988.0
1623056400,2758.25,2790.0,2746.17,2784.29,370743.0
1623060000,2784.29,2839.23,2784.29,2825.82,597324.0
1623063600,2826.4,2828.91,2800.44,2811.99,220926.0
1623067200,2811.99,2841.79,2806.0,2829.39,278747.0
1623070800,2829.39,2847.7,2785.0,2789.26,477937.0
1623074400,2789.26,2794.85,2753.0,2777.55,580954.0
1623078000,2777.54,2791.37,2767.38,2784.16,294375.0
1623081600,2784.3,2790.67,2760.01,2766.78,314354.0
1623085200,2766.51,2766.51,2714.24,2725.53,473947.0
1623088800,2725.61,2732.14,2678.15,2687.01,503860.0
1623092400,2687.01,2736.27,2675.0,2730.36,248006.0
1623096000,2730.2,2741.29,2629.14,2658.61,525911.0
1623099600,2658.86,2667.17,2568.0,2612.77,549221.0
1623103200,2612.18,2644.5,2599.7,2627.89,217363.0
1623106800,2627.61,2636.02,2571.76,2593.88,427274.0
1623110400,2593.89,2620.0,2560.0,2589.39,623393.0
1623114000,2589.39,2619.0,2579.43,2607.4,297490.0
1623117600,2607.93,2609.39,2434.88,2480.36,1163751.0
1623121200,2480.37,2497.18,2426.25,2489.59,904998.0
1623124800,2489.59,2529.0,2480.86,2499.38,583562.0
1623128400,2499.39,2510.73,2450.89,2503.72,577275.0
1623132000,2503.72,2512.0,2466.5,2470.2,413766.0
1623135600,2470.21,2524.29,2435.03,2514.1,907169.0
1623139200,2514.27,2559.49,2513.49,2521.5,647101.0
1623142800,2521.75,2524.04,2488.58,2495.53,358354.0
1623146400,2496.67,2528.08,2470.24,2493.87,442521.0
1623150000,2493.17,2543.42,2483.34,2533.0,465333.0
1623153600,2532.51,2539.94,2497.45,2501.29,328694.0
1623157200,2501.29,2510.82,2436.12,2438.7,578982.0
1623160800,2438.21,2455.66,2352.88,2385.25,1524516.0
1623164400,2385.61,2395.0,2307.82,2375.58,1333043.0
1623168000,2375.58,2432.82,2357.57,2407.5,790058.0
1623171600,2407.7,2425.9,2391.28,2421.39,286573.0
1623175200,2421.93,2485.83,2415.53,2482.33,511787.0
1623178800,2481.33,2511.0,2463.55,2501.07,300403.0
1623182400,2501.07,2552.35,2483.83,2534.99,459520.0
1623186000,2535.21,2539.08,2501.61,2516.84,208911.0
1623189600,2516.83,2544.89,2509.26,2518.84,187398.0
1623193200,2519.31,2536.52,2505.62,2507.06,215100.0
1623196800,2506.99,2524.42,2452.0,2455.02,519179.0
1623200400,2455.02,2475.24,2426.76,2432.51,375189.0
1623204000,2432.51,2477.49,2415.34,2453.01,556106.0
1623207600,2453.12,2469.55,2438.67,2456.65,282103.0
1623211200,2456.35,2465.0,2406.0,2457.21,465334.0
1623214800,2457.21,2498.83,2449.16,2475.08,512635.0
1623218400,2475.07,2542.98,2463.93,2532.59,685612.0
1623222000,2532.59,2541.0,2500.64,2504.97,569576.0
1623225600,2505.08,2512.9,2471.87,2484.04,547737.0
1623229200,2484.04,2510.7,2472.0,2477.73,444099.0
1623232800,2477.67,2521.8,2466.54,2496.04,517084.0
1623236400,2495.55,2546.04,2486.0,2534.62,415234.0
1623240000,2535.64,2581.88,2533.34,2541.56,694782.0
1623243600,2541.96,2550.0,2512.51,2529.46,422986.0
1623247200,2528.9,2551.96,2444.86,2455.62,829895.0
1623250800,2455.63,2577.7,2454.39,2565.0,1349219.0
1623254400,2565.23,2621.74,2553.1,2597.24,831793.0
1623258000,2597.24,2627.49,2572.4,2590.2,417590.0
1623261600,2590.01,2620.68,2555.36,2562.12,433853.0
1623265200,2562.62,2579.03,2550.14,2563.13,245457.0
1623268800,2563.35,2577.1,2548.53,2560.13,178367.0
1623272400,2560.12,2591.13,2553.93,2581.5,131166.0
1623276000,2581.51,2626.82,2578.15,2599.23,205334.0
1623279600,2599.22,2615.04,2586.46,2611.19,171789.0
1623283200,2611.6,2626.78,2573.38,2580.0,318507.0
1623286800,2580.0,2605.97,2565.31,2570.0,183750.0
1623290400,2570.19,2576.84,2562.0,2573.17,157070.0
1623294000,2573.18,2592.0,2562.53,2562.9,199130.0
1623297600,2562.89,2576.7,2536.22,2546.45,276371.0
1623301200,2546.46,2559.69,2523.39,2537.29,319576.0
1623304800,2538.25,2551.96,2521.85,2540.89,266809.0
1623308400,2540.56,2557.69,2530.02,2548.79,207118.0
1623312000,2548.34,2549.25,2505.04,2511.99,439984.0
1623315600,2512.0,2578.18,2492.69,2568.68,728394.0
1623319200,2568.9,2609.86,2561.14,2576.7,779751.0
1623322800,2576.0,2589.62,2559.17,2567.16,298686.0
1623326400,2567.03,2571.44,2531.39,2556.0,447222.0
1623330000,2555.97,2559.53,2522.63,2544.13,432163.0
1623333600,2544.13,2561.93,2494.99,2521.9,756167.0
1623337200,2521.9,2527.99,2497.0,2512.02,258618.0
1623340800,2512.02,2524.27,2457.05,2479.96,490141.0
1623344400,2479.95,2487.74,2439.19,2465.64,432707.0
1623348000,2465.54,2476.68,2455.06,2473.8,159013.0
1623351600,2473.7,2481.76,2447.57,2458.79,151262.0
1623355200,2458.3,2469.99,2423.99,2468.86,306726.0
1623358800,2469.15,2485.55,2451.37,2482.6,110737.0
1623362400,2482.87,2494.17,2474.24,2487.43,79827.0
1623366000,2487.62,2494.96,2461.4,2471.19,103078.0
1623369600,2471.2,2500.09,2432.0,2437.53,327403.0
1623373200,2437.53,2444.72,2401.0,2426.27,290483.0
1623376800,2425.57,2440.84,2405.01,2438.07,205542.0
1623380400,2438.41,2473.36,2438.41,2466.21,280066.0
1623384000,2465.96,2487.86,2460.0,2480.0,232391.0
1623387600,2480.0,2492.17,2466.0,2466.78,181381.0
1623391200,2466.77,2469.92,2424.51,2428.71,248400.0
1623394800,2428.71,2454.59,2416.1,2444.92,310270.0
1623398400,2445.22,2471.84,2438.25,2441.74,312960.0
1623402000,2441.87,2480.0,2441.29,2458.01,289065.0
1623405600,2458.02,2485.0,2458.02,2474.26,258839.0
1623409200,2473.92,2478.0,2455.68,2469.59,188354.0
1623412800,2469.79,2475.0,2443.0,2458.01,202140.0
1623416400,2458.01,2480.0,2458.01,2473.47,147431.0
1623420000,2473.14,2475.99,2445.25,2446.34,184981.0
1623423600,2446.61,2447.32,2409.99,2417.0,330882.0
1623427200,2416.61,2430.24,2366.67,2376.98,535085.0
1623430800,2376.43,2410.13,2367.24,2403.67,218116.0
1623434400,2403.05,2419.54,2382.56,2416.28,160486.0
1623438000,2416.27,2419.89,2393.61,2398.2,134138.0
1623441600,2398.2,2413.69,2382.88,2382.88,105943.0
1623445200,2382.88,2388.0,2332.78,2341.72,211121.0
1623448800,2341.71,2379.5,2338.6,2361.9,187518.0
1623452400,2361.76,2364.5,2320.63,2355.0,222800.0
1623456000,2354.99,2365.81,2327.68,2341.3,194362.0
1623459600,2341.71,2351.21,2281.73,2290.64,415830.0
1623463200,2290.64,2305.0,2253.0,2267.03,509315.0
1623466800,2267.04,2317.25,2262.15,2301.0,514643.0
1623470400,2300.5,2310.04,2276.46,2284.48,329975.0
1623474000,2284.49,2301.99,2277.2,2290.8,197169.0
1623477600,2290.81,2303.0,2285.0,2299.22,194896.0
1623481200,2299.99,2324.69,2299.69,2320.63,257990.0
1623484800,2320.52,2321.85,2301.53,2307.64,207135.0
1623488400,2307.65,2327.09,2301.3,2325.55,226093.0
1623492000,2325.83,2398.28,2299.01,2392.1,825211.0
1623495600,2392.1,2395.0,2368.27,2388.22,246069.0
1623499200,2388.23,2453.72,2380.55,2437.52,576655.0
1623502800,2437.53,2446.0,2425.23,2434.47,200829.0
1623506400,2434.46,2435.89,2401.09,2421.19,362327.0
1623510000,2421.2,2437.17,2385.0,2393.27,295387.0
1623513600,2392.76,2408.39,2381.89,2391.54,246022.0
1623517200,2391.55,2427.72,2387.35,2413.43,209395.0
1623520800,2412.51,2426.52,2406.0,2421.35,95984.0
1623524400,2420.94,2427.54,2407.01,2410.94,75876.0
1623528000,2410.94,2423.0,2403.15,2404.87,80810.0
1623531600,2404.87,2415.69,2393.4,2405.56,81604.0
1623535200,2405.61,2414.95,2372.01,2382.36,166834.0
1623538800,2382.02,2395.96,2364.0,2370.95,119513.0
1623542400,2371.16,2395.73,2352.65,2389.0,231936.0
1623546000,2388.94,2419.42,2388.94,2411.51,201795.0
1623549600,2411.51,2416.29,2377.17,2382.39,180101.0
1623553200,2382.39,2382.87,2320.58,2333.04,502137.0
1623556800,2333.25,2347.26,2325.41,2341.32,217615.0
1623560400,2341.32,2341.46,2308.78,2315.88,268616.0
1623564000,2315.88,2343.57,2306.21,2343.3,232722.0
1623567600,2343.31,2343.31,2321.23,2323.0,230823.0
1623571200,2322.69,2369.76,2316.46,2355.47,431427.0
1623574800,2355.46,2365.0,2338.42,2361.54,222162.0
1623578400,2361.54,2380.0,2357.5,2370.78,262156.0
1623582000,2370.77,2376.0,2351.12,2362.99,222910.0
1623585600,2362.67,2383.73,2356.34,2358.69,257055.0
1623589200,2358.14,2367.75,2343.66,2355.38,193898.0
1623592800,2355.0,2361.39,2327.31,2334.01,248952.0
1623596400,2334.0,2354.97,2332.0,2352.64,168902.0
1623600000,2352.39,2407.7,2343.62,2396.97,630376.0
1623603600,2396.98,2433.44,2387.14,2417.01,316337.0
1623607200,2417.02,2445.39,2417.01,2436.99,222032.0
1623610800,2436.67,2440.88,2418.39,2429.77,120896.0
1623614400,2429.99,2530.0,2428.49,2524.53,771630.0
1623618000,2524.53,2549.0,2510.0,2522.59,275942.0
1623621600,2522.98,2534.88,2502.57,2519.51,173173.0
1623625200,2519.5,2519.5,2491.03,2509.02,152604.0
1623628800,2509.47,2526.1,2485.14,2499.2,297863.0
1623632400,2499.21,2527.07,2486.2,2501.66,368842.0
1623636000,2501.0,2509.99,2492.0,2498.78,145274.0
1623639600,2498.78,2500.89,2466.42,2478.05,274777.0
1623643200,2478.05,2492.0,2470.38,2489.54,186186.0
1623646800,2489.17,2509.02,2482.21,2497.14,182974.0
1623650400,2497.54,2518.37,2483.71,2504.87,246773.0
1623654000,2504.87,2510.14,2492.5,2500.23,138082.0
1623657600,2500.23,2501.88,2468.41,2478.52,279411.0
1623661200,2478.42,2491.78,2470.3,2471.67,159204.0
1623664800,2471.68,2496.83,2461.41,2488.79,201453.0
1623668400,2488.79,2490.85,2475.33,2479.69,93784.0
1623672000,2479.68,2499.65,2472.0,2492.49,236433.0
1623675600,2492.49,2568.32,2488.35,2554.99,698204.0
1623679200,2555.0,2581.59,2544.27,2553.72,533852.0
1623682800,2553.69,2579.11,2546.61,2575.91,181332.0
1623686400,2575.92,2607.68,2555.07,2576.58,846137.0
1623690000,2575.78,2577.52,2562.01,2571.99,121060.0
1623693600,2571.39,2577.2,2529.05,2534.04,207763.0
1623697200,2534.05,2543.92,2519.29,2539.45,205507.0
1623700800,2539.99,2549.25,2533.18,2541.69,67603.0
1623704400,2541.69,2575.75,2541.69,2570.88,106969.0
1623708000,2570.88,2572.26,2553.03,2557.24,82439.0
1623711600,2557.58,2586.49,2555.25,2581.93,132416.0
1623715200,2581.93,2622.62,2572.26,2597.19,445247.0
1623718800,2597.2,2603.0,2565.21,2571.0,175209.0
1623722400,2570.99,2595.82,2570.04,2586.48,172314.0
1623726000,2586.86,2600.2,2581.22,2585.88,138770.0
1623729600,2585.89,2639.49,2580.6,2632.25,370471.0
1623733200,2631.77,2636.77,2611.0,2619.3,196326.0
1623736800,2618.85,2634.55,2607.32,2611.73,158710.0
1623740400,2611.72,2621.19,2599.22,2620.91,170535.0
1623744000,2620.92,2622.91,2572.66,2580.0,296428.0
1623747600,2580.01,2596.0,2562.0,2588.73,276588.0
1623751200,2588.36,2596.4,2574.32,2578.03,120089.0
1623754800,2578.03,2588.98,2565.07,2578.01,159130.0
1623758400,2577.87,2605.99,2572.38,2597.38,286682.0
1623762000,2597.39,2598.8,2581.0,2587.34,154487.0
1623765600,2587.32,2589.65,2540.0,2549.01,365486.0
1623769200,2549.1,2553.33,2528.59,2551.68,212989.0
1623772800,2551.34,2560.39,2542.0,2556.18,145484.0
1623776400,2555.91,2583.33,2551.7,2576.62,188900.0
1623780000,2576.62,2617.0,2570.49,2576.66,369154.0
1623783600,2576.68,2579.5,2522.68,2531.7,224239.0
1623787200,2531.69,2539.69,2507.0,2522.12,207383.0
1623790800,2522.01,2542.52,2521.21,2532.54,61178.0
1623794400,2532.53,2563.72,2532.0,2555.37,98742.0
1623798000,2555.87,2567.92,2544.36,2544.89,129689.0
1623801600,2544.85,2544.85,2514.37,2519.06,213185.0
1623805200,2518.95,2525.65,2492.77,2525.65,275971.0
1623808800,2525.64,2529.58,2514.51,2522.6,128674.0
1623812400,2522.6,2526.78,2510.63,2521.08,172182.0
1623816000,2521.01,2539.08,2512.33,2531.08,195449.0
1623819600,2530.82,2537.74,2517.17,2529.0,209437.0
1623823200,2528.56,2537.87,2521.0,2535.39,155716.0
1623826800,2535.4,2556.33,2526.48,2527.84,194482.0
1623830400,2527.83,2543.1,2518.71,2522.63,225315.0
1623834000,2522.25,2525.73,2509.13,2512.0,227125.0
1623837600,2511.99,2518.8,2481.0,2489.32,413705.0
1623841200,2489.31,2489.31,2458.0,2461.13,523737.0
1623844800,2461.13,2464.0,2435.0,2449.28,443393.0
1623848400,2448.89,2467.98,2438.0,2457.82,291598.0
1623852000,2457.83,2458.0,2415.01,2424.11,256854.0
1623855600,2424.11,2429.67,2405.76,2418.49,321973.0
1623859200,2417.63,2445.59,2384.19,2394.0,483393.0
1623862800,2394.0,2431.02,2378.61,2426.85,390909.0
1623866400,2426.84,2458.22,2368.01,2417.77,842376.0
1623870000,2417.59,2433.27,2413.67,2417.99,118872.0
1623873600,2418.0,2423.12,2395.64,2399.26,121277.0
1623877200,2399.26,2419.07,2393.21,2413.65,54705.0
1623880800,2413.65,2417.21,2383.45,2386.8,100870.0
1623884400,2386.8,2386.8,2347.5,2367.76,264917.0
1623888000,2367.76,2401.53,2358.6,2396.14,278610.0
1623891600,2396.14,2414.6,2390.63,2414.34,145325.0
1623895200,2413.8,2429.63,2407.41,2417.21,201650.0
1623898800,2417.22,2441.53,2417.22,2434.01,210570.0
1623902400,2434.46,2443.68,2421.0,2426.26,201094.0
1623906000,2426.0,2431.98,2412.3,2415.6,178305.0
1623909600,2415.6,2451.53,2415.6,2446.38,229506.0
1623913200,2446.18,2462.52,2440.51,2441.11,354803.0
1623916800,2440.51,2455.36,2425.35,2438.02,372884.0
1623920400,2438.03,2447.87,2428.53,2445.01,203793.0
1623924000,2445.22,2450.87,2427.34,2430.53,200927.0
1623927600,2431.64,2442.29,2422.55,2424.06,149101.0
1623931200,2424.07,2425.35,2378.0,2388.44,561717.0
1623934800,2388.45,2392.0,2369.32,2377.69,265880.0
1623938400,2377.84,2415.52,2363.0,2398.5,538634.0
1623942000,2398.51,2422.88,2391.7,2417.07,302135.0
1623945600,2417.07,2426.4,2355.01,2364.06,537947.0
1623949200,2364.05,2368.58,2305.16,2313.56,711430.0
1623952800,2313.56,2339.0,2307.95,2329.91,317342.0
1623956400,2329.7,2352.65,2324.36,2340.0,176376.0
1623960000,2339.58,2356.66,2316.94,2343.16,343635.0
1623963600,2343.31,2350.24,2333.03,2347.58,60953.0
1623967200,2347.58,2362.22,2331.56,2360.11,178179.0
1623970800,2360.11,2379.25,2354.02,2373.33,223166.0
1623974400,2373.32,2376.91,2342.01,2348.02,175909.0
1623978000,2348.02,2353.44,2320.02,2330.68,226530.0
1623981600,2330.96,2348.0,2311.0,2339.85,354577.0
1623985200,2339.56,2351.71,2330.72,2340.26,215910.0
1623988800,2339.92,2366.86,2335.11,2357.21,177289.0
1623992400,2357.21,2368.1,2331.47,2337.21,288541.0
1623996000,2336.31,2342.5,2322.24,2325.63,232323.0
1623999600,2325.63,2350.7,2325.63,2339.34,225997.0
1624003200,2339.4,2357.7,2333.06,2344.76,274088.0
1624006800,2345.08,2349.24,2291.0,2297.77,567862.0
1624010400,2297.76,2332.56,2278.25,2328.67,688385.0
1624014000,2328.67,2341.23,2308.81,2318.45,321775.0
1624017600,2318.46,2325.36,2266.71,2284.33,596706.0
1624021200,2284.33,2300.69,2262.01,2278.79,542848.0
1624024800,2278.79,2287.0,2225.54,2248.18,741149.0
1624028400,2248.18,2260.98,2211.75,2216.29,542629.0
1624032000,2216.52,2245.52,2207.31,2236.72,480665.0
1624035600,2236.99,2238.0,2202.41,2203.54,317653.0
1624039200,2203.34,2212.0,2136.39,2152.66,943599.0
1624042800,2152.38,2171.3,2146.53,2154.28,416212.0
1624046400,2154.59,2206.1,2151.52,2194.26,377603.0
1624050000,2194.22,2225.64,2189.54,2220.72,202477.0
1624053600,2220.73,2221.01,2197.9,2214.51,139328.0
1624057200,2214.46,2236.38,2198.95,2231.97,239844.0
1624060800,2231.97,2251.76,2221.63,2239.3,253611.0
1624064400,2239.11,2253.43,2235.45,2248.57,220373.0
1624068000,2248.56,2252.79,2206.0,2209.8,251592.0
1624071600,2209.81,2216.0,2167.19,2187.99,479585.0
1624075200,2187.99,2216.42,2179.54,2197.73,286761.0
1624078800,2197.92,2239.53,2197.92,2237.27,350931.0
1624082400,2237.28,2248.0,2219.13,2235.43,295223.0
1624086000,2235.43,2246.36,2213.0,2244.5,292209.0
1624089600,2244.5,2258.86,2227.02,2248.06,322476.0
1624093200,2248.06,2250.18,2222.2,2226.76,239397.0
1624096800,2226.77,2241.0,2218.06,2221.16,241368.0
1624100400,2221.15,2244.17,2221.07,2241.59,169793.0
1624104000,2241.23,2278.61,2226.71,2232.06,581239.0
1624107600,2231.77,2242.55,2219.12,2229.69,238904.0
1624111200,2229.87,2255.25,2228.58,2252.41,270094.0
1624114800,2252.66,2261.21,2230.88,2247.0,259834.0
1624118400,2246.99,2254.32,2225.33,2241.18,304794.0
1624122000,2241.31,2244.0,2219.33,2222.88,151375.0
1624125600,2222.87,2222.87,2187.36,2204.66,425080.0
1624129200,2204.65,2226.99,2200.97,2221.04,202728.0
1624132800,2221.04,2228.51,2206.7,2224.35,110550.0
1624136400,2224.34,2228.0,2204.02,2207.54,70731.0
1624140000,2208.08,2208.3,2171.91,2176.17,211199.0
1624143600,2176.18,2189.87,2161.0,2163.15,259237.0
1624147200,2163.46,2174.58,2142.0,2167.76,364906.0
1624150800,2168.0,2187.0,2165.0,2181.46,201490.0
1624154400,2181.59,2182.05,2154.88,2177.86,253450.0
1624158000,2178.0,2193.37,2170.29,2181.88,221392.0
1624161600,2182.59,2209.57,2178.31,2204.64,275745.0
1624165200,2204.63,2218.75,2200.07,2212.0,271468.0
1624168800,2211.85,2214.81,2197.0,2198.59,278455.0
1624172400,2198.07,2206.44,2187.64,2203.54,259848.0
1624176000,2203.54,2210.0,2175.13,2181.49,454109.0
1624179600,2181.12,2188.0,2162.0,2166.99,367280.0
1624183200,2166.98,2170.41,2088.8,2100.51,1465133.0
1624186800,2100.0,2100.0,2059.38,2074.78,746287.0
1624190400,2074.52,2088.27,2041.0,2079.0,1000278.0
1624194000,2078.7,2099.44,2073.34,2079.22,535832.0
1624197600,2079.54,2113.38,2066.01,2112.33,432450.0
1624201200,2112.32,2124.58,2104.07,2108.81,444341.0
1624204800,2108.81,2129.49,2101.01,2121.77,317067.0
1624208400,2121.77,2142.66,2115.74,2130.23,296492.0
1624212000,2130.23,2164.0,2130.23,2160.27,276266.0
1624215600,2160.1,2244.6,2158.05,2222.42,656500.0
1624219200,2223.0,2271.59,2216.15,2256.98,555517.0
1624222800,2256.98,2277.74,2239.16,2250.63,259568.0
1624226400,2250.64,2263.6,2244.44,2252.5,197226.0
1624230000,2252.51,2256.21,2229.34,2243.29,198182.0
1624233600,2243.29,2259.0,2217.31,2237.01,317150.0
1624237200,2237.99,2244.0,2202.0,2206.26,300648.0
1624240800,2206.27,2217.8,2175.65,2190.31,409453.0
1624244400,2190.31,2190.31,2156.34,2157.86,339909.0
1624248000,2158.31,2163.72,2061.0,2122.3,1829571.0
1624251600,2122.3,2133.54,2086.49,2129.93,760555.0
1624255200,2130.12,2146.79,1968.96,2013.63,2488339.0
1624258800,2014.01,2049.63,1990.0,2012.04,1226848.0
1624262400,2012.42,2037.1,2001.0,2013.9,616541.0
1624266000,2013.5,2055.0,1928.0,2006.01,2202324.0
1624269600,2006.4,2013.43,1932.76,1940.1,1265801.0
1624273200,1940.09,1979.43,1890.29,1968.83,1813329.0
1624276800,1968.76,1986.64,1936.24,1948.99,923234.0
1624280400,1948.99,2014.74,1912.7,2011.49,1113996.0
1624284000,2011.49,2023.44,1968.41,2001.96,710079.0
1624287600,2001.96,2009.58,1957.44,1982.94,580025.0
1624291200,1982.94,2000.91,1909.81,1924.98,919765.0
1624294800,1924.99,1956.96,1916.0,1920.68,558069.0
1624298400,1920.32,1968.09,1916.52,1960.57,462587.0
1624302000,1960.8,1965.56,1916.4,1943.94,300588.0
1624305600,1943.94,1956.99,1931.21,1940.25,227556.0
1624309200,1940.25,1940.25,1872.54,1876.32,617995.0
1624312800,1876.33,1916.57,1866.55,1867.02,587531.0
1624316400,1866.95,1933.25,1866.95,1886.28,588387.0
1624320000,1886.16,1918.88,1859.01,1913.14,811640.0
1624323600,1913.14,1996.87,1913.14,1954.65,801534.0
1624327200,1954.79,1972.24,1935.39,1970.27,329707.0
1624330800,1969.9,1998.0,1951.0,1974.66,434460.0
1624334400,1974.67,1979.99,1953.76,1966.0,229724.0
1624338000,1966.39,1981.05,1927.08,1936.35,422440.0
1624341600,1936.35,1952.29,1928.02,1949.79,289563.0
1624345200,1949.51,1955.94,1933.19,1943.99,261067.0
1624348800,1944.23,1945.0,1873.0,1883.63,926499.0
1624352400,1883.28,1889.69,1850.37,1877.32,561957.0
1624356000,1877.33,1930.28,1854.07,1899.4,1005139.0
1624359600,1899.82,1904.56,1863.0,1866.8,462786.0
1624363200,1866.8,1869.99,1753.34,1791.98,2649102.0
1624366800,1792.11,1810.86,1700.0,1727.27,1368107.0
1624370400,1727.28,1831.93,1711.12,1814.44,1290991.0
1624374000,1814.26,1891.09,1794.8,1858.73,1418555.0
1624377600,1859.1,1933.07,1850.8,1911.28,1390075.0
1624381200,1911.27,1927.41,1880.17,1906.64,570998.0
1624384800,1906.64,1954.41,1889.88,1933.64,617480.0
1624388400,1933.67,1938.3,1889.65,1897.13,276750.0
1624392000,1896.0,1934.83,1892.18,1929.02,206159.0
1624395600,1929.19,1932.99,1858.08,1874.03,184879.0
1624399200,1874.04,1901.2,1865.01,1887.21,185192.0
1624402800,1886.73,1896.0,1847.5,1878.87,259677.0
1624406400,1878.78,1941.0,1821.38,1931.65,821960.0
1624410000,1931.18,2000.0,1921.7,1996.4,732368.0
1624413600,1996.99,2032.81,1987.66,2006.51,641782.0
1624417200,2006.7,2018.07,1990.33,2012.19,420757.0
1624420800,2011.72,2027.68,1995.0,1999.99,440818.0
1624424400,1999.99,2043.57,1987.55,2037.71,553211.0
1624428000,2037.25,2043.71,1999.5,2003.88,389230.0
1624431600,2003.88,2022.5,1992.76,2004.74,332526.0
1624435200,2005.28,2019.99,1968.88,1969.43,578635.0
1624438800,1968.89,2005.76,1966.2,1988.0,537232.0
1624442400,1988.0,2018.6,1982.65,2008.54,311233.0
1624446000,2008.54,2024.69,1986.32,1991.79,379629.0
1624449600,1991.65,2014.0,1987.18,2010.16,260525.0
1624453200,2010.45,2040.99,1987.0,1993.25,679023.0
1624456800,1993.61,2004.0,1977.1,1997.0,318593.0
1624460400,1997.0,1999.15,1967.78,1975.41,435659.0
1624464000,1975.41,2001.95,1958.08,1986.34,492839.0
1624467600,1986.34,1990.0,1972.32,1973.22,177362.0
1624471200,1973.21,1973.21,1940.0,1945.42,369958.0
1624474800,1945.57,1964.0,1914.84,1915.08,287961.0
1624478400,1915.08,1942.93,1907.53,1930.01,286400.0
1624482000,1930.0,1965.44,1925.64,1942.66,213024.0
1624485600,1942.66,1952.97,1927.33,1948.83,128655.0
1624489200,1949.06,1972.99,1936.06,1966.49,132970.0
1624492800,1966.5,1981.37,1935.0,1937.01,256054.0
1624496400,1937.01,1945.07,1903.0,1908.33,363974.0
1624500000,1908.34,1917.45,1884.86,1893.92,380479.0
1624503600,1893.92,1923.58,1890.01,1904.77,349343.0
1624507200,1904.78,1920.61,1896.0,1904.94,249851.0
1624510800,1905.12,1931.46,1902.07,1927.78,225622.0
1624514400,1927.78,1936.36,1913.65,1927.16,178929.0
1624518000,1927.56,1942.86,1917.9,1920.3,276487.0
1624521600,1920.3,1955.45,1916.21,1951.99,343752.0
1624525200,1952.4,1956.55,1937.55,1942.0,244474.0
1624528800,1942.01,1949.24,1930.17,1934.13,200540.0
1624532400,1934.13,1969.67,1934.13,1965.01,290778.0
1624536000,1965.11,1987.61,1963.0,1978.85,400325.0
1624539600,1979.01,1981.9,1958.09,1967.78,177054.0
1624543200,1967.94,1973.17,1958.27,1966.65,171133.0
1624546800,1966.65,2019.32,1963.17,1987.25,711337.0
1624550400,1987.01,2016.05,1973.69,2011.58,427426.0
1624554000,2011.58,2032.13,2008.01,2025.29,454754.0
1624557600,2025.53,2036.5,2011.24,2014.18,248007.0
1624561200,2014.42,2018.06,2003.0,2010.85,103258.0
1624564800,2010.92,2019.6,1995.88,2005.38,122594.0
1624568400,2005.38,2005.38,1988.48,1999.58,87406.0
1624572000,1999.0,2002.27,1971.0,1984.09,114083.0
1624575600,1984.1,1997.0,1977.76,1988.7,118909.0
1624579200,1989.28,2016.62,1982.67,1983.1,265049.0
1624582800,1983.1,1988.98,1962.21,1988.98,290180.0
1624586400,1988.98,2020.68,1987.44,2007.93,372551.0
1624590000,2008.26,2008.27,1982.36,1995.8,272588.0
1624593600,1995.4,2000.71,1972.68,1978.23,238471.0
1624597200,1978.61,1989.78,1958.05,1965.2,303551.0
1624600800,1965.48,1976.27,1950.41,1966.93,299026.0
1624604400,1966.93,1966.93,1925.76,1943.85,478132.0
1624608000,1943.59,1943.59,1913.28,1933.96,447155.0
1624611600,1933.96,1947.21,1904.14,1906.24,386757.0
1624615200,1906.25,1914.88,1869.89,1881.59,564192.0
1624618800,1881.6,1887.99,1848.58,1852.17,634023.0
1624622400,1852.18,1878.79,1838.66,1860.54,586622.0
1624626000,1860.54,1869.37,1831.11,1855.11,463955.0
1624629600,1855.2,1873.04,1807.82,1823.61,598305.0
1624633200,1823.87,1839.0,1788.83,1825.41,627231.0
1624636800,1825.41,1848.75,1790.49,1817.36,803041.0
1624640400,1816.82,1836.7,1797.0,1806.87,496645.0
1624644000,1808.14,1844.45,1799.11,1838.3,536851.0
1624647600,1838.45,1875.0,1826.19,1850.82,444622.0
1624651200,1851.29,1868.99,1839.19,1866.64,197802.0
1624654800,1865.64,1867.98,1835.11,1849.14,237119.0
1624658400,1848.83,1855.66,1799.18,1801.74,387320.0
1624662000,1802.14,1834.35,1800.74,1809.04,265776.0
1624665600,1809.05,1840.62,1793.0,1837.45,387556.0
1624669200,1837.31,1839.76,1799.34,1823.94,335849.0
1624672800,1823.66,1831.9,1801.51,1821.04,280204.0
1624676400,1820.32,1832.38,1812.9,1818.95,260291.0
1624680000,1819.08,1838.33,1814.59,1834.23,232808.0
1624683600,1834.03,1853.09,1826.19,1831.94,313364.0
1624687200,1831.85,1843.88,1802.09,1806.07,340569.0
1624690800,1806.08,1810.0,1743.46,1751.18,1024333.0
1624694400,1751.15,1759.96,1716.05,1732.58,868819.0
1624698000,1732.58,1779.92,1720.22,1765.89,675481.0
1624701600,1765.89,1776.55,1742.52,1764.34,328151.0
1624705200,1764.1,1810.7,1764.1,1801.5,503612.0
1624708800,1801.5,1814.29,1780.75,1781.23,358989.0
1624712400,1781.23,1794.7,1739.57,1742.38,497265.0
1624716000,1742.38,1793.97,1726.2,1779.21,724852.0
1624719600,1779.22,1786.26,1758.16,1778.98,372745.0
1624723200,1778.75,1782.43,1726.84,1761.16,504834.0
1624726800,1761.17,1791.43,1745.04,1789.5,326299.0
1624730400,1789.49,1799.48,1777.08,1784.45,214341.0
1624734000,1784.45,1793.35,1776.07,1785.13,137591.0
1624737600,1785.48,1787.99,1755.33,1765.77,143541.0
1624741200,1766.02,1781.48,1751.16,1773.29,122755.0
1624744800,1773.29,1794.0,1772.14,1791.69,146665.0
1624748400,1791.49,1835.55,1784.13,1830.3,330051.0
1624752000,1830.3,1850.61,1811.88,1834.22,500079.0
1624755600,1834.22,1870.0,1830.0,1863.78,421204.0
1624759200,1863.77,1889.14,1854.67,1881.66,465426.0
1624762800,1881.65,1884.63,1863.28,1881.38,235045.0
1624766400,1881.81,1895.95,1866.18,1879.5,303719.0
1624770000,1879.5,1889.02,1864.52,1868.75,250853.0
1624773600,1868.97,1879.99,1845.0,1857.88,304653.0
1624777200,1857.89,1870.58,1849.71,1866.15,285407.0
1624780800,1866.15,1875.0,1846.06,1847.92,292377.0
1624784400,1847.92,1859.29,1814.3,1821.13,491007.0
1624788000,1821.13,1833.72,1810.33,1821.01,348723.0
1624791600,1821.01,1848.88,1815.62,1838.51,434746.0
1624795200,1838.51,1867.79,1832.0,1856.26,395937.0
1624798800,1856.25,1859.32,1833.29,1838.89,300994.0
1624802400,1838.9,1841.85,1822.26,1840.02,276398.0
1624806000,1840.02,1851.77,1827.02,1844.12,284193.0
1624809600,1844.12,1853.14,1827.68,1832.0,312224.0
1624813200,1831.99,1831.99,1816.21,1826.05,169459.0
1624816800,1826.04,1826.04,1805.63,1819.16,242582.0
1624820400,1818.21,1827.0,1810.66,1823.0,107213.0
1624824000,1823.12,1825.8,1814.8,1815.97,80428.0
1624827600,1815.96,1837.86,1811.87,1835.79,129187.0
1624831200,1835.0,1958.0,1830.98,1954.72,864092.0
1624834800,1954.36,1985.45,1940.5,1982.44,392647.0
1624838400,1982.43,1997.95,1963.35,1977.91,643755.0
1624842000,1977.91,1987.6,1962.0,1962.0,242990.0
1624845600,1962.0,1984.02,1961.52,1969.86,200805.0
1624849200,1969.87,1977.22,1962.01,1967.92,160093.0
1624852800,1967.91,1982.31,1965.76,1972.14,170638.0
1624856400,1972.58,1989.7,1963.13,1977.31,346810.0
1624860000,1977.33,1994.1,1973.42,1987.82,285841.0
1624863600,1987.83,2056.64,1981.7,2047.94,941407.0
1624867200,2047.94,2085.32,2033.69,2063.43,794810.0
1624870800,2063.43,2069.93,2028.18,2035.0,457532.0
1624874400,2034.62,2040.31,1975.54,1993.51,1025318.0
1624878000,1993.68,2009.51,1982.79,1998.93,392629.0
1624881600,1999.26,2025.09,1985.35,2015.81,486837.0
1624885200,2015.8,2027.2,2000.01,2007.45,310456.0
1624888800,2007.45,2049.87,2002.38,2046.21,425987.0
1624892400,2046.2,2117.56,2041.43,2114.88,1192454.0
1624896000,2114.88,2136.41,2092.0,2109.01,957099.0
1624899600,2109.01,2111.34,2070.59,2084.31,456572.0
1624903200,2084.31,2097.68,2076.2,2087.06,243181.0
1624906800,2087.06,2146.93,2081.5,2116.08,399713.0
1624910400,2115.69,2145.0,2104.3,2132.49,202529.0
1624914000,2132.48,2141.46,2115.5,2122.37,127535.0
1624917600,2122.36,2122.5,2081.39,2098.11,245587.0
1624921200,2097.79,2097.79,2063.14,2085.12,224594.0
1624924800,2085.06,2138.0,2073.63,2136.58,489406.0
1624928400,2136.57,2139.55,2108.43,2120.88,287547.0
1624932000,2120.87,2133.73,2082.4,2087.23,395394.0
1624935600,2086.91,2115.0,2085.35,2103.94,268506.0
1624939200,2103.17,2131.2,2098.81,2120.5,318489.0
1624942800,2120.5,2127.7,2098.17,2117.24,314032.0
1624946400,2117.35,2170.54,2106.67,2160.49,677171.0
1624950000,2160.48,2164.68,2121.33,2130.0,468294.0
1624953600,2130.0,2153.5,2112.79,2146.68,544082.0
1624957200,2145.97,2168.15,2127.82,2158.7,508381.0
1624960800,2158.7,2179.89,2139.42,2171.77,443199.0
1624964400,2171.56,2189.52,2167.3,2175.61,294943.0
1624968000,2175.24,2188.69,2156.48,2173.01,570821.0
1624971600,2172.6,2236.0,2168.02,2225.47,855083.0
1624975200,2225.47,2233.97,2208.09,2222.67,354214.0
1624978800,2222.66,2228.16,2196.88,2218.96,357177.0
1624982400,2218.62,2232.13,2202.51,2222.53,352570.0
1624986000,2222.75,2246.36,2216.11,2230.4,306417.0
1624989600,2231.3,2232.9,2209.17,2221.44,143074.0
1624993200,2221.45,2224.65,2210.84,2222.0,92173.0
1624996800,2221.6,2230.25,2187.01,2191.35,170565.0
1625000400,2191.11,2219.68,2187.0,2213.95,165944.0
1625004000,2213.95,2217.13,2167.81,2171.04,263794.0
1625007600,2171.41,2184.87,2155.73,2166.23,279593.0
1625011200,2165.98,2186.54,2141.56,2172.99,378810.0
1625014800,2172.99,2172.99,2151.0,2169.27,267411.0
1625018400,2169.26,2178.0,2155.26,2169.6,166242.0
1625022000,2169.99,2169.99,2119.53,2127.09,550266.0
1625025600,2127.46,2139.54,2090.64,2097.38,561021.0
1625029200,2097.06,2124.3,2088.74,2115.22,469340.0
1625032800,2115.16,2146.58,2113.52,2136.85,428419.0
1625036400,2136.86,2169.29,2126.5,2161.06,460871.0
1625040000,2161.39,2166.48,2110.0,2116.73,596889.0
1625043600,2116.73,2137.18,2106.12,2121.53,435906.0
1625047200,2121.54,2140.82,2119.02,2134.11,297408.0
1625050800,2134.68,2163.68,2124.12,2156.08,514588.0
1625054400,2156.08,2163.51,2136.63,2137.68,320735.0
1625058000,2137.89,2144.45,2121.0,2143.29,274003.0
1625061600,2143.28,2154.85,2115.0,2124.88,361657.0
1625065200,2124.88,2128.77,2091.11,2103.81,547805.0
1625068800,2103.99,2124.0,2093.68,2106.88,362083.0
1625072400,2106.44,2161.56,2106.31,2156.05,459157.0
1625076000,2156.0,2218.77,2151.05,2214.79,538394.0
1625079600,2214.78,2251.69,2194.38,2244.03,407300.0
1625083200,2243.56,2284.65,2222.52,2237.92,495701.0
1625086800,2237.92,2289.62,2237.12,2263.72,209940.0
1625090400,2263.73,2267.72,2238.2,2257.93,229326.0
1625094000,2258.0,2282.17,2255.58,2274.64,226348.0
1625097600,2274.64,2274.65,2234.3,2246.11,298136.0
1625101200,2246.11,2267.82,2245.37,2259.89,199873.0
1625104800,2259.9,2263.43,2189.47,2198.0,573334.0
1625108400,2198.0,2213.99,2182.48,2185.19,348012.0
1625112000,2185.19,2209.95,2180.51,2208.94,348192.0
1625115600,2208.95,2220.95,2195.77,2214.72,192023.0
1625119200,2214.72,2235.49,2154.12,2159.73,736150.0
1625122800,2159.72,2169.66,2127.4,2128.77,632763.0
1625126400,2128.77,2139.65,2108.35,2122.75,623172.0
1625130000,2122.76,2133.39,2081.68,2110.62,605080.0
1625133600,2110.62,2123.64,2096.24,2111.98,471722.0
1625137200,2111.82,2145.65,2110.25,2138.12,484367.0
1625140800,2137.93,2146.86,2110.71,2127.89,474957.0
1625144400,2127.89,2140.91,2111.0,2111.32,389025.0
1625148000,2111.32,2124.31,2072.24,2093.63,691885.0
1625151600,2093.63,2140.77,2088.9,2119.84,599611.0
1625155200,2119.83,2126.99,2077.0,2082.7,474392.0
1625158800,2082.7,2107.49,2076.6,2104.73,265793.0
1625162400,2104.73,2130.4,2098.89,2113.22,246316.0
1625166000,2112.85,2116.19,2075.24,2099.95,307292.0
1625169600,2099.67,2121.89,2099.67,2120.8,161621.0
1625173200,2120.59,2141.61,2108.01,2129.55,165428.0
1625176800,2129.55,2137.68,2123.0,2128.77,106325.0
1625180400,2128.77,2135.0,2104.7,2106.53,241406.0
1625184000,2106.13,2136.25,2094.55,2135.34,302269.0
1625187600,2135.33,2139.87,2084.5,2087.88,378691.0
1625191200,2088.29,2103.0,2081.83,2094.12,255889.0
1625194800,2094.08,2096.1,2033.64,2041.92,742801.0
1625198400,2041.92,2059.0,2036.0,2054.18,405279.0
1625202000,2054.17,2057.7,2023.26,2032.8,369294.0
1625205600,2032.99,2042.21,2017.79,2034.17,418377.0
1625209200,2034.17,2069.12,2029.0,2060.84,412564.0
1625212800,2060.39,2079.88,2050.6,2059.84,566003.0
1625216400,2060.21,2061.12,2031.67,2040.42,424012.0
1625220000,2040.41,2042.0,2016.31,2038.62,432919.0
1625223600,2038.7,2056.3,2025.04,2038.71,433445.0
1625227200,2038.71,2063.0,2031.02,2057.59,453924.0
1625230800,2057.59,2077.7,2046.33,2070.78,545938.0
1625234400,2070.79,2122.14,2058.4,2116.41,716409.0
1625238000,2116.36,2129.78,2098.14,2124.3,452867.0
1625241600,2124.45,2124.45,2101.24,2111.62,278341.0
1625245200,2111.63,2120.0,2102.5,2109.67,213149.0
1625248800,2109.68,2110.99,2081.53,2092.08,248744.0
1625252400,2092.08,2104.23,2086.32,2102.8,125973.0
1625256000,2103.04,2103.98,2081.59,2091.13,120990.0
1625259600,2091.13,2116.79,2088.21,2109.09,81097.0
1625263200,2108.5,2161.98,2104.1,2158.03,264590.0
1625266800,2158.02,2159.59,2140.63,2153.37,263528.0
1625270400,2153.37,2166.7,2131.58,2137.9,256616.0
1625274000,2137.9,2155.0,2133.49,2151.35,161182.0
1625277600,2151.35,2154.42,2136.46,2143.01,289763.0
1625281200,2142.96,2142.96,2112.5,2132.15,400994.0
1625284800,2132.15,2142.66,2125.2,2140.57,250517.0
1625288400,2140.57,2156.39,2130.5,2146.2,200071.0
1625292000,2146.2,2153.95,2138.06,2142.49,178981.0
1625295600,2142.49,2207.09,2134.49,2194.0,730329.0
1625299200,2194.3,2203.79,2185.93,2193.81,405184.0
1625302800,2194.05,2224.42,2193.68,2215.16,559309.0
1625306400,2215.15,2223.35,2210.11,2218.97,246218.0
1625310000,2218.97,2222.37,2195.61,2213.0,348956.0
1625313600,2212.99,2236.11,2207.39,2216.74,432125.0
1625317200,2216.74,2236.0,2206.23,2235.96,339263.0
1625320800,2235.96,2241.0,2222.04,2228.99,316831.0
1625324400,2228.99,2233.41,2216.45,2224.1,239927.0
1625328000,2223.65,2230.8,2210.6,2212.02,239406.0
1625331600,2212.12,2237.97,2211.82,2224.36,252079.0
1625335200,2224.01,2225.72,2210.2,2218.22,216914.0
1625338800,2218.22,2228.95,2215.0,2225.05,104202.0
1625342400,2225.04,2228.0,2213.2,2220.09,78686.0
1625346000,2220.49,2226.99,2189.02,2191.27,181162.0
1625349600,2190.83,2209.38,2187.11,2205.0,282683.0
1625353200,2205.0,2233.59,2192.0,2227.7,255269.0
1625356800,2227.82,2231.0,2206.0,2206.47,221313.0
1625360400,2206.47,2210.5,2189.0,2195.93,326045.0
1625364000,2195.93,2214.8,2192.1,2207.76,227493.0
1625367600,2207.6,2219.08,2204.66,2208.21,192862.0
1625371200,2208.3,2229.0,2207.66,2223.84,224344.0
1625374800,2224.0,2294.8,2217.77,2279.94,891704.0
1625378400,2279.93,2332.7,2274.26,2325.03,800312.0
1625382000,2325.85,2347.66,2318.68,2334.53,572942.0
1625385600,2334.54,2345.66,2319.58,2329.75,391867.0
1625389200,2329.65,2331.3,2309.45,2322.97,353213.0
1625392800,2322.96,2338.24,2315.03,2334.7,244328.0
1625396400,2334.86,2338.6,2319.35,2330.08,203725.0
1625400000,2329.87,2331.99,2306.93,2308.33,253660.0
1625403600,2308.34,2322.7,2308.34,2316.69,208551.0
1625407200,2316.69,2326.63,2312.01,2322.98,175340.0
1625410800,2322.78,2331.7,2319.36,2330.24,160261.0
1625414400,2330.35,2380.0,2326.36,2354.32,840302.0
1625418000,2354.33,2369.15,2341.58,2363.97,272152.0
1625421600,2363.97,2364.96,2345.28,2353.4,147108.0
1625425200,2353.39,2362.0,2349.06,2356.0,95391.0
1625428800,2355.76,2356.36,2342.49,2349.25,106670.0
1625432400,2349.25,2391.79,2345.01,2383.28,201830.0
1625436000,2383.05,2383.21,2319.34,2327.53,384660.0
1625439600,2327.54,2338.0,2295.0,2322.63,489326.0
1625443200,2322.49,2325.36,2300.47,2309.34,465636.0
1625446800,2309.72,2321.04,2260.0,2268.31,730497.0
1625450400,2268.31,2277.57,2246.61,2258.83,455838.0
1625454000,2259.02,2269.48,2243.28,2265.72,374411.0
1625457600,2265.73,2276.21,2251.18,2264.45,438548.0
1625461200,2264.45,2273.82,2252.0,2272.76,330257.0
1625464800,2272.76,2294.58,2264.0,2286.66,501803.0
1625468400,2286.65,2286.86,2257.01,2273.36,294595.0
1625472000,2273.37,2282.66,2260.13,2272.85,284565.0
1625475600,2272.81,2288.4,2270.0,2278.73,310597.0
1625479200,2278.92,2307.88,2275.89,2301.48,470166.0
1625482800,2301.49,2304.59,2178.72,2194.62,1643330.0
1625486400,2194.62,2221.0,2184.01,2210.0,545336.0
1625490000,2209.99,2232.55,2206.31,2221.82,386215.0
1625493600,2221.88,2227.83,2201.0,2224.15,298831.0
1625497200,2224.16,2226.79,2202.0,2206.73,309937.0
1625500800,2206.73,2223.99,2203.41,2214.36,238004.0
1625504400,2214.3,2218.73,2155.77,2212.8,841428.0
1625508000,2212.81,2245.42,2212.81,2223.37,556293.0
1625511600,2223.37,2251.95,2223.37,2244.68,257461.0
1625515200,2244.68,2257.73,2207.0,2217.33,404735.0
1625518800,2216.57,2245.9,2216.56,2243.98,122479.0
1625522400,2243.98,2248.99,2226.11,2228.65,151705.0
1625526000,2228.64,2242.83,2192.45,2195.64,291210.0
1625529600,2195.92,2248.46,2192.27,2235.54,455224.0
1625533200,2235.0,2240.0,2215.92,2217.71,223982.0
1625536800,2218.15,2233.99,2208.21,2232.55,256271.0
1625540400,2232.55,2242.0,2222.77,2235.68,251522.0
1625544000,2235.67,2320.43,2235.34,2316.79,1114282.0
1625547600,2316.79,2328.8,2308.0,2319.5,395212.0
1625551200,2319.51,2338.77,2314.85,2318.31,350901.0
1625554800,2318.31,2343.62,2317.7,2335.86,258989.0
1625558400,2335.85,2358.66,2328.21,2340.42,464233.0
1625562000,2340.42,2342.54,2259.69,2280.0,1409438.0
1625565600,2280.0,2283.5,2255.62,2269.91,538959.0
1625569200,2269.9,2311.36,2259.13,2293.81,638043.0
1625572800,2293.92,2337.68,2276.18,2329.61,940555.0
1625576400,2329.61,2342.42,2282.92,2303.4,611266.0
1625580000,2303.41,2319.54,2285.0,2305.78,428942.0
1625583600,2305.35,2312.86,2283.74,2307.34,440655.0
1625587200,2307.34,2317.64,2285.26,2314.46,385109.0
1625590800,2314.18,2330.0,2283.2,2319.39,395763.0
1625594400,2319.39,2335.9,2306.41,2311.18,275529.0
1625598000,2311.19,2333.16,2306.61,2326.7,195354.0
1625601600,2326.69,2327.54,2297.62,2308.65,168108.0
1625605200,2308.65,2308.65,2270.0,2286.01,311543.0
1625608800,2286.01,2319.0,2281.01,2307.63,173301.0
1625612400,2307.35,2332.79,2302.97,2323.35,155242.0
1625616000,2323.59,2343.69,2293.47,2317.87,416709.0
1625619600,2317.35,2334.76,2302.0,2320.42,378254.0
1625623200,2320.42,2326.99,2303.45,2326.28,199691.0
1625626800,2326.28,2342.13,2320.71,2338.53,361387.0
1625630400,2338.53,2404.14,2328.38,2392.11,861294.0
1625634000,2392.1,2398.73,2377.39,2385.11,366536.0
1625637600,2385.11,2393.62,2377.2,2384.03,229272.0
1625641200,2384.03,2412.98,2360.0,2377.39,579478.0
1625644800,2377.38,2399.0,2371.42,2382.64,362688.0
1625648400,2382.29,2389.99,2364.0,2377.92,293709.0
1625652000,2377.92,2381.66,2364.3,2373.61,213768.0
1625655600,2373.6,2394.01,2370.0,2384.28,276146.0
1625659200,2384.28,2397.76,2372.21,2382.74,344322.0
1625662800,2382.74,2386.05,2370.29,2384.03,148246.0
1625666400,2384.37,2390.0,2345.25,2354.8,429740.0
1625670000,2354.8,2363.83,2326.54,2342.21,470593.0
1625673600,2341.97,2359.37,2330.12,2352.57,286146.0
1625677200,2352.56,2364.43,2344.3,2357.69,132437.0
1625680800,2357.69,2369.54,2351.88,2364.19,117619.0
1625684400,2364.19,2371.88,2355.0,2365.36,117634.0
1625688000,2365.75,2368.17,2356.0,2362.57,84288.0
1625691600,2362.58,2363.0,2334.5,2345.91,190631.0
1625695200,2345.91,2345.91,2310.0,2324.9,315809.0
1625698800,2325.18,2325.76,2306.0,2315.87,356039.0
1625702400,2315.86,2325.43,2266.55,2268.58,852018.0
1625706000,2268.58,2294.32,2266.08,2276.4,336791.0
1625709600,2276.4,2287.71,2271.28,2281.0,256802.0
1625713200,2281.0,2281.0,2233.78,2253.9,745520.0
1625716800,2253.9,2253.9,2222.91,2241.55,550108.0
1625720400,2241.56,2251.56,2207.03,2214.93,451101.0
1625724000,2215.11,2243.0,2209.29,2214.14,655637.0
1625727600,2214.13,2227.77,2162.38,2182.62,1097887.0
1625731200,2182.64,2189.75,2162.3,2187.41,649633.0
1625734800,2187.41,2193.8,2168.43,2172.05,402303.0
1625738400,2172.04,2185.38,2163.13,2164.08,340352.0
1625742000,2164.07,2171.84,2119.67,2168.64,1057378.0
1625745600,2168.64,2179.49,2146.56,2160.99,597867.0
1625749200,2160.98,2162.0,2131.17,2137.53,556255.0
1625752800,2137.53,2157.94,2134.0,2157.94,369115.0
1625756400,2157.94,2176.51,2150.07,2173.71,394589.0
1625760000,2173.7,2179.99,2145.38,2164.01,361565.0
1625763600,2164.02,2172.11,2153.74,2158.6,182336.0
1625767200,2158.59,2163.79,2140.34,2154.59,173808.0
1625770800,2154.35,2167.36,2134.72,2156.9,285321.0
1625774400,2157.81,2160.62,2133.12,2137.76,168313.0
1625778000,2137.77,2144.18,2100.6,2104.86,314784.0
1625781600,2104.86,2114.7,2083.57,2104.06,531214.0
1625785200,2104.05,2126.0,2104.05,2115.31,279187.0
1625788800,2115.31,2120.17,2061.01,2070.02,720877.0
1625792400,2070.02,2078.7,2045.67,2076.0,686640.0
1625796000,2076.0,2119.55,2068.95,2112.64,650288.0
1625799600,2112.39,2133.45,2105.27,2121.03,613532.0
1625803200,2121.03,2154.24,2116.88,2140.11,570120.0
1625806800,2140.11,2160.0,2134.63,2136.92,447707.0
1625810400,2136.96,2137.23,2112.06,2122.88,571058.0
1625814000,2123.08,2129.19,2106.7,2127.62,364622.0
1625817600,2127.61,2127.62,2084.02,2094.6,620683.0
1625821200,2094.6,2123.12,2091.04,2102.05,408379.0
1625824800,2102.22,2108.86,2090.0,2097.18,289097.0
1625828400,2096.94,2096.94,2071.67,2081.43,374171.0
1625832000,2081.42,2113.72,2064.47,2113.01,688649.0
1625835600,2112.83,2149.5,2107.94,2143.0,908501.0
1625839200,2143.0,2189.99,2133.31,2182.24,919675.0
1625842800,2182.25,2184.79,2165.78,2172.05,416154.0
1625846400,2172.06,2183.99,2155.55,2163.27,423109.0
1625850000,2163.91,2168.82,2137.04,2146.32,308101.0
1625853600,2146.3,2148.86,2128.57,2131.56,244212.0
1625857200,2131.56,2143.3,2120.2,2133.9,240933.0
1625860800,2133.9,2137.38,2122.87,2134.44,164908.0
1625864400,2135.04,2166.75,2126.83,2146.47,236803.0
1625868000,2146.32,2168.64,2146.32,2164.66,170587.0
1625871600,2164.31,2167.78,2144.06,2146.77,142102.0
1625875200,2146.77,2194.93,2138.93,2177.78,430796.0
1625878800,2177.79,2178.0,2146.62,2147.86,306890.0
1625882400,2147.97,2151.41,2130.09,2135.53,315574.0
1625886000,2135.6,2146.45,2122.45,2133.8,274788.0
1625889600,2133.81,2142.1,2103.43,2106.63,429106.0
1625893200,2106.63,2122.96,2094.02,2114.84,424629.0
1625896800,2114.75,2137.91,2107.5,2133.89,383279.0
1625900400,2133.89,2133.9,2105.0,2121.4,318711.0
1625904000,2121.4,2145.26,2112.75,2122.08,403985.0
1625907600,2122.08,2132.27,2114.5,2118.67,209476.0
1625911200,2118.67,2124.27,2085.1,2090.42,498111.0
1625914800,2090.41,2125.0,2086.51,2109.86,436802.0
1625918400,2109.34,2119.19,2102.94,2117.6,195224.0
1625922000,2117.6,2121.6,2091.5,2099.81,346784.0
1625925600,2099.8,2114.97,2095.29,2111.96,230922.0
1625929200,2111.96,2126.84,2106.45,2118.41,261665.0
1625932800,2118.41,2161.58,2115.55,2135.0,581933.0
1625936400,2135.02,2135.02,2072.0,2085.55,965493.0
1625940000,2085.54,2095.73,2079.53,2095.73,135638.0
1625943600,2096.0,2110.95,2089.01,2092.37,167439.0
1625947200,2092.81,2097.99,2077.09,2094.32,205706.0
1625950800,2094.33,2107.91,2090.52,2105.54,92613.0
1625954400,2105.14,2121.08,2105.14,2115.28,135110.0
1625958000,2115.43,2129.1,2107.53,2110.67,168983.0
1625961600,2110.61,2139.59,2107.62,2118.67,307509.0
1625965200,2118.67,2126.81,2107.97,2116.42,153731.0
1625968800,2116.43,2119.55,2095.2,2096.01,238156.0
1625972400,2095.98,2101.98,2083.41,2091.02,223490.0
1625976000,2091.28,2098.33,2080.62,2093.9,232308.0
1625979600,2093.89,2103.0,2089.29,2099.77,143647.0
1625983200,2099.77,2107.82,2087.89,2091.51,234238.0
1625986800,2091.5,2104.0,2087.32,2099.47,179934.0
1625990400,2099.47,2122.18,2090.72,2111.51,516814.0
1625994000,2111.51,2130.0,2107.0,2119.0,325339.0
1625997600,2119.0,2135.81,2109.69,2120.73,312629.0
1626001200,2120.73,2130.0,2115.42,2128.81,176485.0
1626004800,2129.13,2138.71,2119.79,2123.98,212421.0
1626008400,2123.98,2135.68,2113.0,2135.34,227888.0
1626012000,2135.43,2149.3,2126.89,2146.27,335110.0
1626015600,2146.27,2150.72,2134.06,2144.46,232526.0
1626019200,2144.46,2156.31,2127.67,2148.65,387256.0
1626022800,2148.66,2150.41,2139.87,2142.17,112733.0
1626026400,2142.16,2144.72,2135.88,2142.07,78972.0
1626030000,2142.82,2144.5,2130.55,2135.0,55531.0
1626033600,2134.99,2141.4,2128.35,2129.13,55537.0
1626037200,2129.81,2175.95,2123.66,2165.91,300437.0
1626040800,2165.92,2173.85,2147.95,2149.25,260637.0
1626044400,2149.89,2150.45,2133.79,2140.31,209491.0
1626048000,2141.02,2142.51,2125.59,2131.0,306996.0
1626051600,2131.0,2138.67,2126.34,2136.0,140335.0
1626055200,2135.99,2156.8,2133.0,2153.35,270398.0
1626058800,2153.34,2167.99,2151.68,2163.86,297531.0
1626062400,2163.12,2166.59,2146.33,2147.81,298618.0
1626066000,2147.81,2151.56,2139.0,2149.82,277757.0
1626069600,2149.82,2160.99,2142.37,2155.77,202030.0
1626073200,2155.77,2160.09,2144.2,2146.11,170622.0
1626076800,2146.1,2158.46,2141.64,2144.6,280312.0
1626080400,2144.25,2149.98,2130.86,2132.26,275072.0
1626084000,2132.25,2132.26,2101.0,2110.78,658969.0
1626087600,2110.65,2114.87,2101.1,2101.48,276123.0
1626091200,2101.48,2111.26,2083.8,2109.69,421680.0
1626094800,2109.69,2109.74,2094.25,2106.78,265632.0
1626098400,2106.61,2107.0,2096.7,2098.45,198011.0
1626102000,2098.45,2100.31,2084.0,2088.21,316097.0
1626105600,2088.21,2098.01,2030.16,2048.32,1110293.0
1626109200,2048.31,2051.75,2023.55,2030.32,456814.0
1626112800,2030.32,2038.43,2005.21,2023.01,382649.0
1626116400,2023.3,2048.74,2005.09,2019.96,453707.0
1626120000,2020.24,2036.0,2009.43,2027.36,284857.0
1626123600,2026.96,2036.6,2025.55,2029.4,106730.0
1626127200,2029.55,2043.51,2028.07,2036.43,157957.0
1626130800,2036.7,2039.42,2028.14,2031.6,206503.0
1626134400,2031.11,2044.31,2013.64,2031.19,407671.0
1626138000,2031.19,2033.86,2016.88,2029.42,241508.0
1626141600,2029.41,2034.85,2023.93,2028.0,137477.0
1626145200,2028.34,2039.08,2027.1,2028.97,127371.0
1626148800,2028.97,2033.46,2022.54,2023.75,155005.0
1626152400,2023.75,2025.66,1976.0,1981.56,961415.0
1626156000,1981.56,2012.63,1981.37,2002.54,535608.0
1626159600,2002.54,2035.69,2002.54,2027.77,697996.0
1626163200,2027.99,2033.91,2018.16,2027.92,297222.0
1626166800,2027.54,2029.06,2011.15,2028.93,344600.0
1626170400,2028.92,2047.77,2016.0,2020.19,486440.0
1626174000,2020.18,2025.97,1992.48,1996.33,645425.0
1626177600,1996.33,2001.13,1960.31,1969.45,1010794.0
1626181200,1969.44,1988.0,1959.56,1978.53,574832.0
1626184800,1978.33,1983.28,1970.56,1975.87,239949.0
1626188400,1975.87,2008.67,1972.21,1998.43,528667.0
1626192000,1998.64,2009.51,1983.8,1990.74,424936.0
1626195600,1991.35,2000.9,1986.26,1989.1,165976.0
1626199200,1988.3,1988.3,1961.2,1962.13,268383.0
1626202800,1962.12,1969.3,1916.25,1924.19,729013.0
1626206400,1924.3,1950.97,1919.17,1947.75,300675.0
1626210000,1947.63,1956.97,1934.58,1946.75,162450.0
1626213600,1947.31,1950.7,1925.26,1937.42,188672.0
1626217200,1937.27,1950.0,1928.82,1940.82,224557.0
1626220800,1940.98,1945.45,1891.45,1903.7,677287.0
1626224400,1903.7,1917.54,1885.0,1907.94,608350.0
1626228000,1908.14,1919.87,1904.62,1914.27,294116.0
1626231600,1914.41,1916.87,1862.42,1883.8,1041544.0
1626235200,1883.79,1898.76,1878.17,1891.01,387642.0
1626238800,1891.01,1894.0,1868.0,1873.17,532519.0
1626242400,1873.18,1888.71,1863.86,1876.92,470208.0
1626246000,1876.91,1905.97,1875.83,1898.19,446912.0
1626249600,1898.2,1903.0,1874.81,1877.76,409251.0
1626253200,1877.62,1958.88,1867.98,1936.56,1502627.0
1626256800,1936.84,1956.0,1926.66,1941.95,538741.0
1626260400,1941.76,1953.13,1938.18,1947.96,290000.0
1626264000,1947.97,1956.0,1937.85,1941.51,392218.0
1626267600,1941.52,2010.5,1941.52,2003.5,1213515.0
1626271200,2003.5,2019.79,1995.34,2011.78,721270.0
1626274800,2011.78,2014.72,1982.68,1995.31,512079.0
1626278400,1995.31,2006.99,1982.44,2000.0,386453.0
1626282000,2000.11,2006.94,1996.11,2000.77,170667.0
1626285600,2000.77,2014.31,1981.01,1986.01,401492.0
1626289200,1986.4,1990.39,1968.57,1979.78,301526.0
1626292800,1980.05,1994.43,1979.58,1988.02,112185.0
1626296400,1988.16,2001.99,1988.16,1994.54,83316.0
1626300000,1994.55,2009.62,1988.0,2003.84,156749.0
1626303600,2003.83,2004.83,1986.12,1994.52,165642.0
1626307200,1994.52,2007.44,1972.65,2003.0,342960.0
1626310800,2003.01,2042.77,1996.5,2000.22,783581.0
1626314400,2000.22,2012.99,1986.11,1990.37,399658.0
1626318000,1990.36,1991.58,1978.21,1979.34,299409.0
1626321600,1979.35,1985.59,1954.0,1973.18,651804.0
1626325200,1973.18,1973.4,1956.42,1964.5,293200.0
1626328800,1964.49,1971.83,1946.74,1956.0,412379.0
1626332400,1956.0,1961.23,1942.5,1954.74,333572.0
1626336000,1954.67,1969.59,1948.1,1957.41,388706.0
1626339600,1957.4,1978.64,1951.91,1967.2,466966.0
1626343200,1967.2,1977.43,1907.74,1915.72,1146075.0
1626346800,1915.71,1923.93,1903.41,1913.17,470571.0
1626350400,1913.17,1940.09,1886.3,1898.14,1196885.0
1626354000,1898.14,1925.35,1882.13,1919.47,732906.0
1626357600,1919.47,1934.71,1906.09,1917.65,458509.0
1626361200,1917.38,1929.62,1911.41,1913.66,315833.0
1626364800,1913.54,1919.0,1886.54,1905.36,500181.0
1626368400,1905.47,1908.88,1880.43,1899.27,575060.0
1626372000,1899.59,1925.99,1896.35,1915.31,330303.0
1626375600,1915.32,1930.0,1907.3,1917.18,222105.0
1626379200,1917.46,1930.2,1917.46,1926.3,135227.0
1626382800,1926.29,1937.01,1915.6,1918.05,102322.0
1626386400,1918.49,1936.35,1911.12,1922.47,181678.0
1626390000,1922.48,1929.49,1899.71,1919.51,254478.0
1626393600,1919.57,1926.71,1895.57,1906.97,295386.0
1626397200,1907.34,1928.84,1907.33,1925.06,248131.0
1626400800,1925.07,1958.17,1925.07,1946.89,723565.0
1626404400,1946.9,1956.8,1944.45,1949.18,226308.0
1626408000,1949.18,1967.35,1941.27,1945.2,350078.0
1626411600,1945.21,1949.54,1923.69,1929.14,401965.0
1626415200,1929.13,1929.63,1903.46,1908.45,442326.0
1626418800,1908.44,1918.54,1896.03,1912.96,436234.0
1626422400,1912.75,1914.72,1855.0,1872.14,1053588.0
1626426000,1872.01,1879.35,1859.57,1870.4,483335.0
1626429600,1870.17,1874.88,1846.72,1867.31,599379.0
1626433200,1866.94,1871.46,1850.36,1852.55,324741.0
1626436800,1852.54,1896.8,1850.33,1889.99,1038018.0
1626440400,1889.99,1917.14,1888.38,1898.13,850589.0
1626444000,1898.08,1914.96,1892.62,1907.58,355807.0
1626447600,1907.58,1934.76,1903.3,1934.06,652201.0
1626451200,1934.42,1943.27,1914.0,1928.28,674416.0
1626454800,1928.28,1936.3,1916.12,1924.6,227848.0
1626458400,1924.99,1925.81,1914.0,1918.45,137274.0
1626462000,1918.1,1925.82,1903.48,1912.98,248507.0
1626465600,1912.98,1920.68,1900.29,1901.38,122718.0
1626469200,1901.38,1905.15,1892.25,1895.88,212660.0
1626472800,1895.61,1904.41,1876.16,1879.93,294363.0
1626476400,1879.93,1886.32,1869.58,1876.77,254397.0
1626480000,1876.76,1899.97,1864.38,1899.8,592058.0
1626483600,1899.81,1901.67,1865.87,1873.75,415430.0
1626487200,1873.75,1875.0,1856.98,1866.25,443376.0
1626490800,1866.07,1875.88,1861.45,1867.0,219989.0
1626494400,1867.0,1886.38,1861.22,1880.14,290999.0
1626498000,1880.15,1890.0,1877.23,1886.05,238257.0
1626501600,1886.05,1894.02,1881.0,1892.87,184516.0
1626505200,1892.84,1893.37,1877.01,1878.06,221496.0
1626508800,1878.06,1909.25,1867.0,1896.99,765263.0
1626512400,1896.98,1899.9,1877.38,1880.5,411307.0
1626516000,1880.46,1880.46,1850.57,1852.66,757262.0
1626519600,1852.92,1869.0,1842.0,1864.62,442895.0
1626523200,1864.49,1878.45,1860.0,1873.47,311128.0
1626526800,1873.12,1896.52,1861.03,1882.22,621666.0
1626530400,1882.23,1892.67,1879.89,1881.14,258785.0
1626534000,1881.13,1888.13,1871.48,1886.77,303392.0
1626537600,1886.49,1919.0,1881.0,1900.89,802877.0
1626541200,1900.38,1905.0,1878.32,1894.93,379762.0
1626544800,1894.56,1912.14,1888.49,1902.63,267745.0
1626548400,1902.63,1921.47,1898.07,1908.51,198054.0
1626552000,1908.51,1915.5,1897.06,1898.46,105407.0
1626555600,1898.45,1915.0,1892.44,1909.15,106183.0
1626559200,1909.14,1909.14,1896.04,1899.23,119468.0
1626562800,1899.22,1902.41,1888.16,1899.22,179912.0
1626566400,1899.48,1989.86,1897.12,1970.71,1022655.0
1626570000,1970.71,1987.16,1960.65,1977.52,746473.0
1626573600,1977.51,1995.89,1971.39,1982.52,471254.0
1626577200,1982.88,1987.61,1971.08,1982.55,280068.0
1626580800,1982.56,1989.89,1972.12,1976.51,240501.0
1626584400,1976.52,1984.57,1974.73,1977.18,170136.0
1626588000,1977.19,1981.0,1953.5,1958.19,498264.0
1626591600,1958.19,1971.55,1953.26,1958.19,320984.0
1626595200,1958.18,1973.69,1956.76,1968.24,324365.0
1626598800,1968.49,1973.5,1960.77,1962.24,196048.0
1626602400,1962.24,1967.6,1950.19,1962.01,271649.0
1626606000,1962.01,1970.0,1958.53,1966.22,148101.0
1626609600,1966.21,1974.75,1956.81,1960.61,293170.0
1626613200,1960.43,1962.68,1941.69,1947.42,297427.0
1626616800,1947.0,1958.7,1898.72,1908.28,947866.0
1626620400,1908.28,1911.59,1878.56,1889.42,695086.0
1626624000,1889.42,1901.87,1875.37,1895.93,419153.0
1626627600,1895.92,1911.82,1890.54,1902.67,222861.0
1626631200,1902.39,1908.89,1896.51,1898.8,135191.0
1626634800,1898.81,1908.44,1898.32,1900.81,88153.0
1626638400,1900.8,1904.64,1893.24,1893.81,135739.0
1626642000,1893.81,1917.77,1890.0,1913.99,158375.0
1626645600,1913.65,1930.1,1881.39,1887.39,432210.0
1626649200,1887.07,1905.5,1880.38,1891.0,242907.0
1626652800,1891.16,1908.59,1880.93,1884.5,357352.0
1626656400,1884.55,1887.34,1865.45,1881.5,423044.0
1626660000,1881.49,1888.56,1872.16,1877.63,223277.0
1626663600,1877.64,1894.6,1875.73,1885.16,256495.0
1626667200,1885.15,1899.27,1881.01,1898.45,235589.0
1626670800,1898.44,1915.6,1891.0,1908.05,425817.0
1626674400,1908.06,1913.56,1899.01,1905.71,214535.0
1626678000,1905.71,1919.0,1886.37,1890.89,500224.0
1626681600,1890.89,1899.81,1872.51,1875.79,358376.0
1626685200,1875.78,1883.98,1861.17,1872.0,542115.0
1626688800,1872.0,1878.17,1855.02,1858.0,535073.0
1626692400,1858.0,1875.1,1855.0,1863.01,366042.0
1626696000,1863.02,1869.83,1800.72,1814.13,1434313.0
1626699600,1814.13,1828.49,1803.47,1809.77,707378.0
1626703200,1809.76,1826.31,1806.29,1822.41,519688.0
1626706800,1822.23,1831.88,1816.32,1819.89,366063.0
1626710400,1819.89,1824.59,1814.0,1818.88,242427.0
1626714000,1818.76,1833.19,1818.08,1823.22,210348.0
1626717600,1823.29,1830.49,1813.61,1817.77,124890.0
1626721200,1818.14,1826.72,1807.73,1824.49,140356.0
1626724800,1824.86,1826.99,1817.63,1819.5,57831.0
1626728400,1819.61,1827.61,1811.17,1812.34,76947.0
1626732000,1812.01,1828.55,1811.84,1820.68,157367.0
1626735600,1820.69,1829.7,1815.25,1818.74,167512.0
1626739200,1819.06,1842.21,1813.51,1816.55,441882.0
1626742800,1816.54,1819.94,1773.61,1783.55,799800.0
1626746400,1783.56,1790.42,1747.48,1750.68,853210.0
1626750000,1750.67,1757.0,1713.34,1728.01,1526546.0
1626753600,1728.14,1752.88,1723.22,1739.67,792826.0
1626757200,1739.4,1753.86,1737.76,1751.83,369073.0
1626760800,1751.83,1759.55,1745.22,1756.01,315552.0
1626764400,1756.01,1771.17,1755.37,1761.15,428971.0
1626768000,1761.15,1763.62,1735.79,1736.98,611975.0
1626771600,1736.98,1754.38,1718.0,1729.67,557161.0
1626775200,1729.66,1757.7,1723.0,1756.0,696184.0
1626778800,1755.99,1765.22,1743.3,1755.56,486816.0
1626782400,1755.56,1761.79,1745.38,1756.12,376561.0
1626786000,1756.06,1758.45,1735.3,1745.23,453365.0
1626789600,1745.23,1777.42,1738.18,1767.28,993438.0
1626793200,1767.5,1816.55,1762.82,1806.68,1262932.0
1626796800,1806.6,1824.41,1777.45,1777.83,702226.0
1626800400,1777.94,1788.38,1776.11,1783.21,274522.0
1626804000,1783.21,1795.99,1780.96,1793.52,182495.0
1626807600,1793.6,1803.38,1785.03,1788.81,222902.0
1626811200,1788.54,1804.25,1788.53,1793.07,135826.0
1626814800,1793.17,1798.44,1777.48,1784.79,196243.0
1626818400,1784.78,1789.19,1765.21,1769.99,202071.0
1626822000,1770.0,1793.96,1769.89,1785.91,280433.0
1626825600,1785.91,1798.3,1766.09,1769.23,366984.0
1626829200,1769.24,1778.0,1752.56,1773.04,456425.0
1626832800,1773.03,1800.45,1773.03,1793.72,493830.0
1626836400,1794.0,1809.81,1788.55,1801.63,437681.0
1626840000,1801.63,1872.72,1800.88,1861.97,1683018.0
1626843600,1861.97,1868.72,1851.82,1856.01,426733.0
1626847200,1856.01,1878.68,1856.01,1876.88,446978.0
1626850800,1877.0,1881.62,1862.81,1875.03,397863.0
1626854400,1875.02,1881.95,1860.92,1870.77,411178.0
1626858000,1870.78,1897.96,1864.77,1892.24,566210.0
1626861600,1892.3,1914.28,1887.56,1901.58,647663.0
1626865200,1901.57,1910.86,1894.57,1905.72,382277.0
1626868800,1905.73,1921.73,1896.14,1899.07,546253.0
1626872400,1899.07,1909.0,1893.34,1902.96,248517.0
1626876000,1902.97,1943.69,1902.97,1933.92,865209.0
1626879600,1933.92,1960.56,1926.88,1955.79,963591.0
1626883200,1955.8,2008.79,1947.9,1978.44,1610284.0
1626886800,1978.44,1981.79,1955.37,1972.99,843672.0
1626890400,1973.0,2040.0,1954.77,1957.68,1668183.0
1626894000,1957.68,1971.04,1937.16,1938.41,696719.0
1626897600,1938.42,1954.12,1932.36,1947.38,532486.0
1626901200,1947.14,1962.88,1941.11,1951.43,120983.0
1626904800,1951.43,1984.51,1951.43,1984.05,224436.0
1626908400,1983.72,1996.44,1972.4,1996.44,280272.0
1626912000,1996.44,2023.38,1981.42,1987.94,600027.0
1626915600,1987.93,1994.77,1975.25,1980.06,322085.0
1626919200,1980.05,1982.66,1959.4,1963.3,289074.0
1626922800,1963.29,1989.08,1961.63,1976.58,318028.0
1626926400,1976.58,2004.73,1972.8,1989.12,451444.0
1626930000,1989.24,1994.34,1964.02,1967.75,306075.0
1626933600,1967.75,1989.27,1964.0,1985.37,285385.0
1626937200,1985.68,2013.97,1982.82,1990.18,691208.0
1626940800,1990.18,2018.79,1985.0,2008.34,465843.0
1626944400,2008.33,2010.25,1968.52,1981.66,876313.0
1626948000,1980.88,1994.66,1973.81,1982.16,384734.0
1626951600,1982.17,1988.59,1966.67,1983.89,467539.0
1626955200,1983.9,2015.68,1945.39,2009.21,1165818.0
1626958800,2008.76,2012.0,1985.85,1991.16,504688.0
1626962400,1991.17,2002.78,1977.17,1999.67,466404.0
1626966000,1999.67,2045.0,1994.4,2033.89,936262.0
1626969600,2033.88,2048.0,2014.0,2020.54,580432.0
1626973200,2020.54,2035.87,2018.84,2034.23,207767.0
1626976800,2034.23,2039.0,2017.32,2024.32,239409.0
1626980400,2024.54,2031.61,2020.66,2028.43,87593.0
1626984000,2028.89,2029.67,2012.26,2015.25,121140.0
1626987600,2015.0,2028.51,2003.12,2003.22,127814.0
1626991200,2003.23,2016.97,1989.17,2004.79,261703.0
1626994800,2004.79,2026.99,1998.54,2023.72,215050.0
1626998400,2023.73,2035.94,2013.87,2028.93,347402.0
1627002000,2028.92,2073.16,2026.0,2067.88,732104.0
1627005600,2067.88,2078.6,2055.74,2065.1,410495.0
1627009200,2065.1,2069.0,2050.57,2059.58,212119.0
1627012800,2059.59,2085.47,2054.0,2074.49,438985.0
1627016400,2074.49,2094.5,2069.19,2072.38,598652.0
1627020000,2072.39,2081.95,2063.45,2075.83,294774.0
1627023600,2075.82,2078.0,2054.0,2065.4,458892.0
1627027200,2065.49,2066.6,2041.68,2045.87,382347.0
1627030800,2045.39,2064.87,2038.45,2048.99,316353.0
1627034400,2048.99,2056.54,2043.69,2053.62,273579.0
1627038000,2053.32,2074.45,2052.68,2053.78,503667.0
1627041600,2053.77,2065.49,2046.43,2064.34,344322.0
1627045200,2064.4,2078.09,2060.5,2075.22,299995.0
1627048800,2075.23,2075.23,2059.51,2063.8,200531.0
1627052400,2063.67,2065.89,2047.05,2047.64,255620.0
1627056000,2047.74,2050.45,2007.32,2016.51,894681.0
1627059600,2017.21,2018.38,1994.21,2013.97,550565.0
1627063200,2013.97,2025.34,2008.5,2011.36,231973.0
1627066800,2011.42,2024.88,2011.0,2020.74,91020.0
1627070400,2020.75,2041.77,2016.28,2040.18,261485.0
1627074000,2040.19,2057.15,2037.03,2053.55,173354.0
1627077600,2053.56,2098.81,2052.55,2088.45,507169.0
1627081200,2088.45,2132.12,2084.0,2124.18,732725.0
1627084800,2123.99,2129.87,2106.0,2110.48,510102.0
1627088400,2110.49,2125.87,2105.89,2120.97,266618.0
1627092000,2120.98,2125.69,2114.2,2120.0,199237.0
1627095600,2120.0,2146.55,2112.0,2138.0,324855.0
1627099200,2138.0,2144.38,2125.0,2129.6,437339.0
1627102800,2129.22,2136.21,2122.22,2131.9,175666.0
1627106400,2131.9,2144.4,2128.01,2140.16,273863.0
1627110000,2140.16,2142.5,2124.53,2132.37,193846.0
1627113600,2132.06,2133.99,2115.5,2120.84,316699.0
1627117200,2120.46,2142.78,2120.46,2139.75,262260.0
1627120800,2139.74,2160.66,2131.0,2150.64,505403.0
1627124400,2150.63,2168.35,2135.5,2154.35,548030.0
1627128000,2154.35,2160.9,2144.41,2158.29,240688.0
1627131600,2158.29,2176.0,2152.21,2154.22,408050.0
1627135200,2154.22,2171.96,2144.57,2163.01,358917.0
1627138800,2163.01,2182.0,2149.01,2150.0,499380.0
1627142400,2150.0,2195.0,2144.9,2192.5,778977.0
1627146000,2192.49,2199.0,2178.05,2184.18,370906.0
1627149600,2184.19,2192.94,2174.46,2177.18,173851.0
1627153200,2176.87,2177.03,2139.07,2146.01,331184.0
1627156800,2146.0,2157.61,2127.0,2152.95,283376.0
1627160400,2153.58,2174.14,2137.15,2167.76,182238.0
1627164000,2167.76,2173.26,2151.85,2169.61,131583.0
1627167600,2169.61,2188.49,2158.69,2183.66,228754.0
1627171200,2184.24,2194.46,2139.66,2152.3,559651.0
1627174800,2152.3,2162.27,2137.41,2142.95,235940.0
1627178400,2143.02,2167.51,2140.0,2163.17,213210.0
1627182000,2163.17,2173.87,2151.06,2151.87,264627.0
1627185600,2151.88,2173.43,2145.44,2164.37,290937.0
1627189200,2164.37,2176.68,2149.5,2156.04,353191.0
1627192800,2156.04,2170.0,2153.0,2166.41,168798.0
1627196400,2166.56,2185.0,2166.03,2174.6,400131.0
1627200000,2174.6,2181.72,2162.0,2167.63,261413.0
1627203600,2167.64,2176.0,2158.0,2171.95,214562.0
1627207200,2171.95,2182.67,2156.85,2160.0,353234.0
1627210800,2160.01,2169.84,2151.0,2159.17,306936.0
1627214400,2159.34,2159.34,2140.23,2145.72,441646.0
1627218000,2145.1,2151.58,2119.55,2131.68,656037.0
1627221600,2131.54,2131.92,2107.33,2118.02,683683.0
1627225200,2118.26,2144.81,2114.47,2137.95,482040.0
1627228800,2137.86,2139.99,2121.9,2128.79,244585.0
1627232400,2128.7,2157.0,2124.48,2151.59,341059.0
1627236000,2151.59,2164.58,2150.71,2155.76,217366.0
1627239600,2155.63,2164.5,2144.67,2153.14,230323.0
1627243200,2153.13,2158.69,2144.42,2156.74,107292.0
1627246800,2156.74,2174.23,2153.46,2161.14,156333.0
1627250400,2161.15,2171.25,2154.0,2166.06,126838.0
1627254000,2165.73,2197.77,2161.5,2190.83,607778.0
1627257600,2190.43,2268.24,2170.9,2260.04,1420788.0
1627261200,2260.3,2359.13,2256.07,2314.79,2793920.0
1627264800,2314.54,2322.87,2287.17,2303.26,609033.0
1627268400,2302.97,2320.08,2294.39,2318.2,322756.0
1627272000,2318.2,2344.4,2309.07,2324.1,604612.0
1627275600,2324.52,2349.51,2321.27,2347.36,319617.0
1627279200,2347.35,2392.29,2342.13,2356.37,1198306.0
1627282800,2356.36,2371.88,2304.85,2327.14,898180.0
1627286400,2326.99,2338.21,2297.74,2335.49,595294.0
1627290000,2335.99,2350.03,2330.07,2344.61,362756.0
1627293600,2344.12,2361.97,2335.84,2356.56,407220.0
1627297200,2356.74,2357.0,2333.5,2343.0,256522.0
1627300800,2343.01,2357.79,2324.35,2349.39,401023.0
1627304400,2349.39,2349.73,2309.12,2333.4,684711.0
1627308000,2333.39,2351.45,2325.15,2331.9,351807.0
1627311600,2331.89,2348.66,2324.0,2342.49,261219.0
1627315200,2341.89,2386.0,2334.01,2365.12,867909.0
1627318800,2365.12,2370.41,2350.21,2362.61,253373.0
1627322400,2362.49,2387.99,2355.62,2380.6,319781.0
1627326000,2380.61,2435.74,2361.9,2362.19,1038303.0
1627329600,2362.21,2368.55,2234.24,2264.78,2072652.0
1627333200,2264.77,2268.52,2203.3,2235.01,615335.0
1627336800,2234.6,2254.57,2214.38,2248.0,538224.0
1627340400,2248.0,2258.82,2227.21,2227.65,397705.0
1627344000,2227.65,2240.91,2207.25,2231.66,507785.0
1627347600,2231.25,2235.64,2156.66,2164.24,974276.0
1627351200,2163.99,2185.37,2157.0,2164.6,553704.0
1627354800,2164.0,2185.91,2151.06,2172.82,537534.0
1627358400,2172.82,2196.2,2166.16,2184.97,392422.0
1627362000,2184.96,2206.32,2180.67,2201.31,279016.0
1627365600,2201.11,2210.81,2182.39,2188.35,407404.0
1627369200,2188.35,2208.0,2185.91,2202.0,361633.0
1627372800,2201.78,2222.71,2193.01,2215.1,423748.0
1627376400,2214.92,2239.75,2209.44,2233.52,366767.0
1627380000,2233.51,2249.87,2224.55,2244.67,334016.0
1627383600,2244.67,2278.34,2236.08,2276.66,539011.0
1627387200,2276.66,2317.64,2261.0,2307.5,873198.0
1627390800,2307.5,2319.73,2287.84,2297.47,799873.0
1627394400,2297.47,2304.95,2240.2,2279.67,1444059.0
1627398000,2279.68,2300.0,2261.0,2278.02,454503.0
1627401600,2278.01,2284.08,2221.0,2224.79,824155.0
1627405200,2224.03,2237.49,2213.62,2229.87,323402.0
1627408800,2229.87,2250.43,2201.47,2240.08,562480.0
1627412400,2240.35,2248.45,2226.39,2229.0,171823.0
1627416000,2229.29,2254.68,2228.55,2244.6,276818.0
1627419600,2244.59,2273.91,2240.79,2265.65,216351.0
1627423200,2266.37,2313.31,2249.6,2296.08,413352.0
1627426800,2296.09,2304.0,2271.0,2300.17,325559.0
1627430400,2300.1,2304.99,2270.7,2278.81,348855.0
1627434000,2278.81,2312.42,2264.04,2310.0,486977.0
1627437600,2310.0,2336.51,2292.76,2301.24,745090.0
1627441200,2301.09,2316.15,2276.43,2288.26,531974.0
1627444800,2288.2,2302.69,2279.41,2282.67,295978.0
1627448400,2282.67,2304.36,2281.0,2297.94,251531.0
1627452000,2297.94,2300.0,2242.21,2258.03,650130.0
1627455600,2258.04,2301.23,2256.81,2295.73,521422.0
1627459200,2295.73,2315.0,2275.14,2283.8,572804.0
1627462800,2283.99,2305.85,2278.96,2305.6,304542.0
1627466400,2305.2,2313.0,2295.68,2300.07,363903.0
1627470000,2300.07,2347.52,2294.51,2330.27,838886.0
1627473600,2330.27,2332.97,2281.39,2286.45,569473.0
1627477200,2286.81,2296.0,2269.39,2283.0,425458.0
1627480800,2282.99,2292.0,2266.6,2286.34,315982.0
1627484400,2286.21,2301.51,2281.12,2290.0,259536.0
1627488000,2290.45,2324.42,2278.41,2318.83,437262.0
1627491600,2318.84,2326.0,2252.92,2261.43,844944.0
1627495200,2261.42,2324.71,2251.26,2320.33,748900.0
1627498800,2320.34,2329.11,2295.35,2310.05,454717.0
1627502400,2309.79,2310.24,2287.36,2293.76,218855.0
1627506000,2293.75,2305.97,2288.0,2303.21,121710.0
1627509600,2303.21,2314.17,2282.88,2291.26,154672.0
1627513200,2291.25,2309.88,2281.37,2300.53,231995.0
1627516800,2300.7,2308.0,2275.29,2275.51,340209.0
1627520400,2275.51,2288.72,2265.58,2284.0,245077.0
1627524000,2283.99,2297.22,2281.78,2283.41,181199.0
1627527600,2283.59,2288.69,2273.0,2278.05,163630.0
1627531200,2278.06,2301.0,2271.06,2294.42,275399.0
1627534800,2294.43,2305.0,2285.27,2301.12,248948.0
1627538400,2301.12,2305.25,2290.0,2294.46,170313.0
1627542000,2294.46,2302.55,2292.0,2295.31,128908.0
1627545600,2295.31,2300.45,2286.0,2294.35,215543.0
1627549200,2294.64,2328.0,2294.16,2316.41,553429.0
1627552800,2317.05,2324.21,2303.22,2311.41,293416.0
1627556400,2311.4,2318.0,2282.03,2293.19,383362.0
1627560000,2293.19,2296.44,2283.53,2294.78,285001.0
1627563600,2294.76,2318.64,2290.66,2317.05,362888.0
1627567200,2317.04,2327.61,2297.01,2321.55,608218.0
1627570800,2321.65,2337.0,2310.0,2322.8,427758.0
1627574400,2322.8,2343.5,2316.0,2325.75,504383.0
1627578000,2325.76,2334.29,2317.98,2326.62,170921.0
1627581600,2326.61,2329.37,2310.0,2312.34,187655.0
1627585200,2312.8,2316.61,2302.32,2310.39,146086.0
1627588800,2310.46,2316.98,2306.1,2312.51,55713.0
1627592400,2313.0,2314.73,2304.0,2311.71,53399.0
1627596000,2311.71,2340.18,2310.05,2336.58,178989.0
1627599600,2336.58,2407.98,2335.4,2383.47,981051.0
1627603200,2383.47,2411.72,2367.59,2394.18,561176.0
1627606800,2394.17,2444.44,2388.35,2435.0,637371.0
1627610400,2435.01,2452.0,2422.34,2428.06,442902.0
1627614000,2428.06,2439.11,2418.2,2423.75,271717.0
1627617600,2423.75,2430.38,2406.05,2416.05,369592.0
1627621200,2416.05,2420.56,2402.0,2404.67,290614.0
1627624800,2404.63,2414.71,2385.01,2414.21,380461.0
1627628400,2414.2,2415.21,2395.07,2404.82,244997.0
1627632000,2404.82,2405.7,2336.0,2352.23,1039548.0
1627635600,2352.23,2357.0,2316.38,2348.35,998965.0
1627639200,2348.35,2359.99,2330.01,2355.52,392494.0
1627642800,2355.51,2356.0,2332.02,2334.88,287950.0
1627646400,2334.87,2346.5,2331.34,2331.58,241784.0
1627650000,2331.57,2348.82,2322.31,2339.17,293754.0
1627653600,2339.16,2357.76,2335.2,2341.67,295726.0
1627657200,2341.99,2350.0,2331.11,2345.0,196468.0
1627660800,2345.0,2350.54,2334.35,2334.36,208741.0
1627664400,2334.36,2356.97,2334.36,2352.99,175181.0
1627668000,2353.0,2353.0,2339.83,2347.2,145002.0
1627671600,2347.2,2379.85,2346.59,2379.51,300144.0
1627675200,2379.52,2445.58,2375.02,2419.61,868485.0
1627678800,2419.61,2468.48,2419.61,2440.96,424331.0
1627682400,2441.76,2446.61,2412.77,2438.06,321268.0
1627686000,2438.07,2473.81,2427.44,2462.36,689758.0
1627689600,2462.36,2471.56,2439.8,2455.66,549681.0
1627693200,2455.66,2465.66,2445.16,2460.62,226318.0
1627696800,2460.62,2484.33,2453.26,2465.29,384141.0
1627700400,2465.29,2476.59,2453.0,2463.46,219809.0
1627704000,2463.47,2467.33,2436.16,2455.7,359452.0
1627707600,2455.51,2458.0,2421.05,2436.23,493180.0
1627711200,2436.22,2437.8,2425.0,2435.0,237294.0
1627714800,2435.0,2447.48,2433.3,2441.0,180088.0
1627718400,2441.01,2471.89,2438.5,2461.62,418301.0
1627722000,2461.62,2469.8,2448.6,2457.52,254601.0
1627725600,2457.52,2477.34,2452.59,2470.16,246498.0
1627729200,2470.15,2476.34,2443.26,2457.22,422457.0
1627732800,2457.21,2467.0,2450.17,2462.69,186156.0
1627736400,2462.7,2463.42,2442.74,2447.8,288844.0
1627740000,2447.8,2455.72,2431.13,2445.6,350297.0
1627743600,2445.0,2459.68,2439.0,2458.77,272916.0
1627747200,2458.76,2466.32,2443.41,2447.57,236889.0
1627750800,2447.57,2449.26,2433.79,2438.71,185600.0
1627754400,2438.48,2460.84,2436.18,2456.21,150719.0
1627758000,2456.37,2468.48,2449.11,2456.49,114798.0
1627761600,2456.49,2499.0,2445.0,2491.93,450207.0
1627765200,2491.94,2540.04,2490.53,2536.7,555345.0
1627768800,2536.71,2544.01,2514.03,2535.79,357737.0
1627772400,2535.79,2554.52,2521.41,2531.17,391988.0
1627776000,2531.18,2573.46,2511.75,2570.0,677725.0
1627779600,2569.99,2580.8,2554.65,2564.84,347298.0
1627783200,2564.84,2586.9,2561.0,2578.34,311641.0
1627786800,2578.34,2621.9,2570.0,2614.0,714762.0
1627790400,2614.12,2637.03,2605.39,2618.93,691904.0
1627794000,2618.93,2624.94,2590.35,2605.19,555186.0
1627797600,2605.39,2612.42,2591.45,2599.67,365504.0
1627801200,2599.67,2607.66,2581.06,2587.0,324919.0
1627804800,2587.05,2601.23,2581.41,2593.7,238600.0
1627808400,2593.7,2611.63,2592.28,2609.3,218279.0
1627812000,2609.29,2609.29,2571.0,2583.59,370396.0
1627815600,2583.59,2591.58,2562.56,2587.99,475602.0
1627819200,2587.99,2607.77,2583.0,2590.61,313909.0
1627822800,2590.61,2596.48,2577.25,2579.28,297797.0
1627826400,2579.28,2592.49,2572.24,2582.24,267812.0
1627830000,2582.23,2604.49,2578.1,2584.29,344025.0
1627833600,2584.28,2586.96,2528.22,2569.06,1146447.0
1627837200,2569.06,2580.0,2547.36,2569.99,394169.0
1627840800,2569.91,2607.09,2564.01,2597.36,426892.0
1627844400,2597.35,2665.0,2567.72,2654.83,875178.0
1627848000,2654.83,2700.13,2651.31,2669.51,883747.0
1627851600,2669.52,2678.36,2640.44,2652.49,244842.0
1627855200,2653.24,2664.5,2582.5,2600.86,717901.0
1627858800,2601.15,2615.5,2523.02,2553.71,1062905.0
1627862400,2554.1,2579.88,2505.11,2519.72,734991.0
1627866000,2519.83,2556.93,2510.0,2538.29,504527.0
1627869600,2538.29,2572.11,2529.39,2566.65,357072.0
1627873200,2566.64,2572.0,2550.65,2558.59,234941.0
1627876800,2558.6,2568.0,2542.41,2549.0,305732.0
1627880400,2549.01,2564.61,2546.24,2557.52,203142.0
1627884000,2557.51,2627.94,2548.88,2617.84,746147.0
1627887600,2617.85,2641.66,2602.21,2617.25,757886.0
1627891200,2617.25,2624.0,2567.67,2572.8,854193.0
1627894800,2572.79,2608.75,2556.68,2601.98,670304.0
1627898400,2601.98,2603.28,2586.1,2598.15,310511.0
1627902000,2598.16,2598.87,2571.31,2589.81,412278.0
1627905600,2589.81,2602.96,2562.53,2587.49,680754.0
1627909200,2588.04,2625.0,2577.02,2615.77,470904.0
1627912800,2615.77,2635.88,2606.0,2625.78,631402.0
1627916400,2625.78,2655.35,2620.34,2632.14,659380.0
1627920000,2632.13,2665.3,2630.0,2646.85,600432.0
1627923600,2646.85,2649.95,2620.5,2640.85,314950.0
1627927200,2640.33,2656.57,2630.0,2649.02,210893.0
1627930800,2649.01,2663.22,2596.15,2603.28,608360.0
1627934400,2603.28,2623.99,2582.03,2598.35,682587.0
1627938000,2598.35,2618.4,2587.48,2612.75,178237.0
1627941600,2612.99,2638.49,2608.71,2625.86,252302.0
1627945200,2625.86,2637.92,2602.0,2607.52,282515.0
1627948800,2607.53,2632.82,2583.28,2606.83,535409.0
1627952400,2607.01,2607.35,2545.04,2546.65,774252.0
1627956000,2546.66,2570.0,2537.73,2554.3,442493.0
1627959600,2554.3,2562.79,2518.38,2534.64,654603.0
1627963200,2534.63,2544.74,2474.23,2494.68,814643.0
1627966800,2494.68,2494.68,2451.46,2472.74,961761.0
1627970400,2472.75,2486.86,2461.0,2463.3,427936.0
1627974000,2463.0,2500.0,2440.02,2492.67,861703.0
1627977600,2492.67,2493.0,2471.33,2483.85,422346.0
1627981200,2483.86,2499.0,2471.67,2498.87,250757.0
1627984800,2498.88,2526.0,2484.04,2511.67,561365.0
1627988400,2511.68,2515.39,2484.53,2488.23,434858.0
1627992000,2488.23,2518.93,2451.01,2499.92,1160939.0
1627995600,2499.91,2521.72,2497.19,2511.48,424080.0
1627999200,2511.48,2540.07,2506.0,2512.47,512460.0
1628002800,2512.46,2516.55,2473.54,2496.54,666979.0
1628006400,2496.53,2503.8,2481.12,2498.99,342092.0
1628010000,2498.58,2510.84,2465.04,2469.01,398989.0
1628013600,2469.0,2488.87,2448.54,2485.38,505217.0
1628017200,2485.38,2497.38,2466.4,2474.48,177043.0
1628020800,2474.9,2488.8,2452.0,2484.86,323201.0
1628024400,2484.87,2497.06,2472.68,2489.25,154381.0
1628028000,2489.25,2529.61,2487.16,2512.36,305019.0
1628031600,2512.37,2529.27,2490.35,2507.72,295734.0
1628035200,2507.72,2522.58,2482.53,2515.99,434672.0
1628038800,2515.99,2537.7,2506.72,2522.91,364243.0
1628042400,2523.0,2534.85,2507.63,2510.99,284233.0
1628046000,2510.99,2514.95,2485.02,2485.67,364893.0
1628049600,2485.67,2502.77,2475.88,2495.38,370718.0
1628053200,2495.39,2516.0,2493.0,2495.7,303594.0
1628056800,2495.7,2509.59,2481.53,2487.39,332370.0
1628060400,2487.95,2494.54,2466.03,2480.56,397899.0
1628064000,2480.56,2490.42,2459.5,2478.07,534444.0
1628067600,2478.06,2486.0,2472.0,2479.66,219342.0
1628071200,2478.87,2505.87,2472.53,2500.62,414496.0
1628074800,2500.63,2512.79,2496.61,2504.55,271738.0
1628078400,2504.56,2592.55,2503.73,2587.6,1082135.0
1628082000,2587.19,2628.0,2573.42,2608.58,1171573.0
1628085600,2608.6,2643.0,2602.0,2637.75,776349.0
1628089200,2637.74,2699.0,2635.0,2673.08,1435390.0
1628092800,2673.08,2736.46,2664.99,2710.29,1364088.0
1628096400,2710.35,2712.24,2665.2,2677.82,582936.0
1628100000,2677.83,2705.52,2674.47,2692.25,340842.0
1628103600,2692.25,2700.94,2680.33,2694.92,257513.0
1628107200,2694.92,2724.83,2688.63,2711.77,225076.0
1628110800,2711.35,2723.37,2705.0,2720.71,140173.0
1628114400,2720.7,2775.7,2700.0,2728.06,875442.0
1628118000,2728.06,2749.68,2705.05,2726.18,323935.0
1628121600,2725.27,2741.29,2699.16,2705.39,413948.0
1628125200,2706.0,2709.48,2665.17,2692.48,617749.0
1628128800,2692.03,2700.76,2676.02,2698.7,281556.0
1628132400,2698.7,2722.0,2691.35,2712.19,563293.0
1628136000,2712.2,2721.78,2685.9,2696.59,352322.0
1628139600,2696.59,2714.79,2690.62,2707.5,289923.0
1628143200,2707.51,2707.51,2672.3,2686.4,474471.0
1628146800,2685.71,2695.51,2668.28,2682.72,482207.0
1628150400,2682.72,2691.57,2629.74,2632.61,817224.0
1628154000,2632.61,2644.0,2574.45,2593.91,1516559.0
1628157600,2593.9,2617.45,2588.48,2614.55,639241.0
1628161200,2614.59,2645.88,2600.8,2621.44,776291.0
1628164800,2621.44,2641.0,2510.0,2605.99,1803827.0
1628168400,2605.99,2685.57,2592.3,2685.01,1402394.0
1628172000,2685.0,2822.68,2665.35,2805.38,2693548.0
1628175600,2805.29,2805.37,2724.69,2754.79,1134062.0
1628179200,2754.79,2794.0,2746.39,2787.78,677025.0
1628182800,2788.26,2819.35,2777.0,2810.43,662359.0
1628186400,2810.43,2833.45,2782.73,2802.04,453726.0
1628190000,2801.57,2820.62,2785.83,2796.0,299866.0
1628193600,2797.44,2817.25,2793.3,2803.09,145571.0
1628197200,2803.71,2846.02,2785.67,2826.27,290853.0
1628200800,2826.28,2842.45,2804.44,2807.47,375629.0
1628204400,2807.48,2833.92,2807.48,2828.01,189708.0
1628208000,2828.01,2845.8,2762.74,2778.17,643839.0
1628211600,2778.23,2815.75,2775.5,2807.02,372384.0
1628215200,2806.75,2806.75,2766.66,2773.97,281416.0
1628218800,2774.0,2793.87,2751.64,2762.78,441581.0
1628222400,2762.78,2776.3,2751.02,2773.48,349238.0
1628226000,2773.49,2793.12,2766.01,2785.87,254622.0
1628229600,2785.87,2810.21,2771.55,2785.0,474050.0
1628233200,2785.01,2791.31,2765.24,2769.41,286308.0
1628236800,2769.41,2784.0,2757.39,2779.0,338624.0
1628240400,2779.0,2779.0,2759.2,2760.64,235823.0
1628244000,2760.65,2769.0,2732.05,2759.13,540598.0
1628247600,2759.13,2759.13,2732.38,2737.1,268624.0
1628251200,2737.0,2792.86,2720.53,2770.6,938030.0
1628254800,2770.59,2788.09,2765.47,2777.0,264291.0
1628258400,2777.01,2788.33,2763.0,2777.76,203710.0
1628262000,2777.76,2850.84,2769.13,2837.96,949810.0
1628265600,2837.96,2884.47,2837.96,2861.3,1280880.0
1628269200,2861.3,2919.99,2861.3,2913.25,652849.0
1628272800,2912.99,2934.42,2903.12,2918.22,531290.0
1628276400,2918.22,2946.97,2913.36,2928.02,382428.0
1628280000,2928.02,2938.82,2881.22,2912.38,363273.0
1628283600,2912.38,2918.0,2875.66,2876.12,177466.0
1628287200,2876.12,2905.97,2876.12,2891.43,192281.0
1628290800,2891.43,2893.73,2871.12,2890.08,173928.0
1628294400,2890.08,2917.98,2865.0,2917.52,376066.0
1628298000,2917.51,2927.86,2884.52,2911.8,361275.0
1628301600,2911.48,2932.0,2907.5,2925.71,389055.0
1628305200,2925.86,2939.57,2906.12,2933.48,350190.0
1628308800,2933.48,2986.99,2926.01,2955.86,919552.0
1628312400,2955.87,2979.5,2953.33,2966.9,290416.0
1628316000,2966.89,2972.67,2940.0,2958.03,372710.0
1628319600,2958.03,2973.49,2945.39,2953.99,300773.0
1628323200,2953.67,2977.5,2942.13,2974.96,396034.0
1628326800,2974.96,3045.95,2965.97,3041.06,1331302.0
1628330400,3041.06,3093.0,3033.2,3069.22,1020983.0
1628334000,3069.21,3119.1,3055.51,3106.41,662873.0
1628337600,3106.4,3177.7,3070.0,3094.43,2197614.0
1628341200,3094.43,3130.32,3056.0,3058.66,1072809.0
1628344800,3058.64,3106.68,3058.64,3084.92,436553.0
1628348400,3084.92,3112.43,3067.66,3084.0,411447.0
1628352000,3084.41,3100.45,2995.69,3091.85,1793190.0
1628355600,3091.84,3094.59,3029.51,3049.67,427227.0
1628359200,3049.68,3076.9,3030.59,3057.51,228559.0
1628362800,3057.52,3084.16,3035.61,3076.61,200903.0
1628366400,3076.61,3097.15,3057.14,3078.7,192535.0
1628370000,3081.1,3129.23,3062.26,3069.29,312458.0
1628373600,3069.91,3112.42,3060.86,3087.16,300652.0
1628377200,3087.15,3172.54,3087.15,3160.53,442204.0
1628380800,3160.69,3194.31,3131.46,3158.75,807746.0
1628384400,3159.24,3161.69,3090.29,3107.66,562579.0
1628388000,3107.67,3107.67,3072.16,3089.55,398682.0
1628391600,3089.41,3130.81,3085.0,3120.16,392080.0
1628395200,3120.16,3136.95,3094.0,3111.43,300626.0
1628398800,3111.43,3137.75,3092.73,3128.39,357787.0
1628402400,3128.39,3185.69,3128.38,3166.15,782403.0
1628406000,3166.87,3185.54,3130.0,3136.4,576015.0
1628409600,3136.31,3154.32,3120.13,3123.72,458040.0
1628413200,3123.71,3155.3,3121.2,3138.95,313215.0
1628416800,3138.95,3153.2,3081.5,3102.34,716993.0
1628420400,3102.33,3117.8,3081.5,3100.85,477181.0
1628424000,3101.49,3146.5,3095.0,3138.02,520066.0
1628427600,3138.03,3149.87,3104.2,3115.75,406528.0
1628431200,3116.18,3123.45,3025.57,3029.92,1129494.0
1628434800,3030.22,3053.78,3016.13,3034.03,630668.0
1628438400,3033.63,3071.8,3003.33,3010.23,737938.0
1628442000,3010.23,3018.28,2970.0,2990.48,691623.0
1628445600,2990.34,3009.0,2963.68,2976.84,400816.0
1628449200,2977.58,3001.92,2949.12,2986.98,586648.0
1628452800,2986.14,3027.19,2962.88,2990.74,538513.0
1628456400,2990.79,3037.98,2982.63,3035.83,170805.0
1628460000,3035.83,3065.64,3030.01,3044.39,366237.0
1628463600,3044.4,3063.49,3001.0,3011.39,450078.0
1628467200,3011.2,3035.0,2927.78,2936.28,960432.0
1628470800,2936.67,2942.0,2902.2,2918.16,719593.0
1628474400,2918.17,2946.62,2914.5,2944.47,320879.0
1628478000,2944.47,2962.91,2927.0,2947.83,260728.0
1628481600,2947.82,2960.0,2925.49,2954.0,308283.0
1628485200,2954.04,2964.6,2919.0,2935.32,335370.0
1628488800,2935.32,2941.69,2890.58,2922.71,763620.0
1628492400,2922.71,2954.46,2910.2,2944.02,589509.0
1628496000,2943.37,2973.4,2932.0,2956.16,508040.0
1628499600,2956.53,3049.4,2949.29,3040.16,1197874.0
1628503200,3039.84,3107.88,3039.84,3100.5,968903.0
1628506800,3100.05,3141.67,3088.0,3132.72,838385.0
1628510400,3132.71,3138.62,3096.81,3132.57,541761.0
1628514000,3132.57,3154.15,3077.88,3096.32,760818.0
1628517600,3096.32,3159.99,3096.32,3112.76,982899.0
1628521200,3112.11,3179.4,3112.11,3166.1,606181.0
1628524800,3166.1,3176.09,3121.0,3156.81,548407.0
1628528400,3156.82,3169.97,3137.5,3139.5,247338.0
1628532000,3139.51,3190.95,3139.51,3162.54,345743.0
1628535600,3162.87,3178.34,3133.81,3147.08,198502.0
1628539200,3148.01,3165.19,3066.46,3071.03,693763.0
1628542800,3071.23,3115.14,3036.78,3099.0,599702.0
1628546400,3099.01,3153.65,3088.93,3148.24,313896.0
1628550000,3147.98,3182.97,3140.61,3162.33,377531.0
1628553600,3161.98,3211.93,3092.33,3122.73,1067331.0
1628557200,3122.72,3145.65,3094.6,3132.77,380415.0
1628560800,3131.94,3144.98,3116.23,3141.43,212322.0
1628564400,3141.61,3146.36,3105.55,3114.74,290640.0
1628568000,3114.73,3128.11,3096.43,3098.51,280854.0
1628571600,3098.51,3137.87,3086.26,3112.83,405332.0
1628575200,3112.82,3128.0,3101.59,3121.09,279913.0
1628578800,3121.08,3148.0,3101.36,3142.44,454235.0
1628582400,3142.11,3164.7,3128.28,3163.4,445273.0
1628586000,3163.41,3176.82,3133.2,3144.96,302834.0
1628589600,3144.96,3151.74,3111.0,3117.34,387729.0
1628593200,3117.62,3154.88,3111.44,3122.76,386294.0
1628596800,3122.77,3188.63,3115.0,3181.72,597508.0
1628600400,3181.72,3237.16,3137.08,3162.58,1501117.0
1628604000,3162.58,3168.0,3114.51,3131.95,551403.0
1628607600,3131.95,3147.0,3089.55,3121.17,699341.0
1628611200,3120.64,3131.99,3051.25,3073.54,982983.0
1628614800,3073.53,3104.71,3072.9,3101.38,302023.0
1628618400,3100.92,3132.57,3095.4,3128.75,342362.0
1628622000,3128.75,3146.24,3119.33,3143.52,244069.0
1628625600,3143.07,3167.88,3135.7,3157.92,304930.0
1628629200,3157.82,3198.0,3136.12,3169.66,370105.0
1628632800,3170.07,3190.6,3146.04,3152.04,293236.0
1628636400,3151.14,3166.48,3123.53,3141.11,285119.0
1628640000,3141.88,3171.63,3135.27,3169.18,330778.0
1628643600,3169.17,3187.88,3158.28,3171.78,260408.0
1628647200,3171.77,3182.3,3118.88,3136.83,483028.0
1628650800,3136.82,3159.8,3128.23,3157.74,247174.0
1628654400,3157.73,3176.52,3144.59,3165.29,366733.0
1628658000,3165.29,3184.26,3152.54,3176.93,307914.0
1628661600,3177.06,3219.87,3150.0,3197.19,1161816.0
1628665200,3197.19,3252.87,3197.19,3230.9,949792.0
1628668800,3231.0,3243.6,3204.35,3216.7,472826.0
1628672400,3216.69,3234.85,3206.69,3224.99,314676.0
1628676000,3224.98,3252.04,3208.63,3222.26,532134.0
1628679600,3222.0,3240.55,3211.34,3214.92,393172.0
1628683200,3214.92,3232.76,3206.18,3221.41,294562.0
1628686800,3221.41,3266.0,3212.8,3242.65,587279.0
1628690400,3242.65,3274.95,3228.14,3255.49,464238.0
1628694000,3255.48,3261.96,3231.39,3244.15,325396.0
1628697600,3244.15,3254.01,3220.0,3237.25,463161.0
1628701200,3237.25,3253.0,3231.58,3243.31,201628.0
1628704800,3243.32,3246.2,3220.0,3226.75,281729.0
1628708400,3226.75,3255.59,3222.0,3249.48,138040.0
1628712000,3249.48,3267.33,3233.51,3234.69,163377.0
1628715600,3234.69,3242.13,3170.78,3233.62,392671.0
1628719200,3234.8,3235.59,3149.0,3169.8,715895.0
1628722800,3169.79,3182.34,3158.01,3160.34,320214.0
1628726400,3160.35,3192.0,3146.36,3186.2,418189.0
1628730000,3186.19,3238.31,3175.28,3228.48,466462.0
1628733600,3228.49,3241.0,3218.88,3236.28,205166.0
1628737200,3236.27,3236.28,3209.37,3213.72,176435.0
1628740800,3213.73,3220.71,3170.1,3174.15,454037.0
1628744400,3174.38,3180.46,3107.0,3129.08,1009579.0
1628748000,3129.08,3140.0,3092.67,3129.23,644481.0
1628751600,3129.24,3145.73,3120.1,3141.61,311095.0
1628755200,3141.62,3149.36,3125.7,3128.97,351871.0
1628758800,3128.98,3175.84,3100.23,3147.34,952847.0
1628762400,3147.35,3152.28,3147.34,3151.2,21183.0
1628766000,3152.28,3152.77,3083.0,3093.52,407640.0
1628769600,3093.52,3115.0,3063.95,3100.32,864695.0
1628773200,3100.73,3118.77,3089.07,3100.0,325271.0
1628776800,3100.01,3100.01,3022.0,3039.55,1094818.0
1628780400,3039.54,3054.21,3026.14,3029.69,559320.0
1628784000,3029.69,3039.68,2980.0,3002.26,1327265.0
1628787600,3002.26,3037.36,2994.95,3017.29,563978.0
1628791200,3017.29,3065.89,3015.38,3057.79,367584.0
1628794800,3057.78,3064.27,3042.48,3048.83,188044.0
1628798400,3048.37,3073.0,3032.36,3066.47,265194.0
1628802000,3066.49,3069.99,3031.01,3043.01,163613.0
1628805600,3043.61,3049.55,2986.24,2999.31,283071.0
1628809200,2999.31,3048.0,2999.31,3045.49,329439.0
1628812800,3045.5,3075.73,3035.12,3062.6,405066.0
1628816400,3062.6,3097.76,3056.08,3087.79,377204.0
1628820000,3087.8,3142.17,3084.99,3131.85,458518.0
1628823600,3131.86,3136.78,3111.18,3115.45,314696.0
1628827200,3115.46,3130.25,3093.11,3120.31,329683.0
1628830800,3120.31,3146.57,3110.33,3129.29,255584.0
1628834400,3129.3,3189.0,3116.0,3184.32,865008.0
1628838000,3184.32,3234.71,3184.32,3222.39,819143.0
1628841600,3223.11,3255.11,3216.0,3234.99,591975.0
1628845200,3234.99,3249.98,3221.0,3225.79,272774.0
1628848800,3225.03,3263.36,3225.03,3236.74,442869.0
1628852400,3236.55,3250.0,3213.05,3215.34,297585.0
1628856000,3215.35,3245.9,3215.34,3236.18,275662.0
1628859600,3236.18,3242.91,3223.26,3234.39,241139.0
1628863200,3233.97,3246.87,3204.78,3215.0,424148.0
1628866800,3215.0,3222.99,3181.12,3214.24,605444.0
1628870400,3214.24,3241.44,3196.7,3240.76,381938.0
1628874000,3240.76,3244.6,3220.37,3230.38,214520.0
1628877600,3230.38,3237.73,3218.18,3229.39,166022.0
1628881200,3229.99,3232.1,3210.23,3223.92,105781.0
1628884800,3223.92,3298.47,3215.18,3283.02,886018.0
1628888400,3283.03,3298.0,3272.01,3278.82,193372.0
1628892000,3279.43,3293.49,3275.38,3287.67,138933.0
1628895600,3287.67,3330.0,3284.67,3322.74,362887.0
1628899200,3322.74,3325.99,3287.0,3304.2,300035.0
1628902800,3304.51,3322.98,3300.0,3302.08,194784.0
1628906400,3302.08,3310.37,3285.0,3302.48,208514.0
1628910000,3302.41,3311.8,3288.92,3296.01,153979.0
1628913600,3296.54,3298.0,3276.5,3280.59,233508.0
1628917200,3281.08,3302.0,3279.94,3296.57,150373.0
1628920800,3296.56,3309.0,3294.92,3301.54,144041.0
1628924400,3301.54,3322.58,3298.02,3306.85,226169.0
1628928000,3306.84,3309.63,3293.91,3300.02,170268.0
1628931600,3300.03,3336.0,3250.0,3273.6,693603.0
1628935200,3273.6,3285.95,3206.08,3224.64,1192897.0
1628938800,3224.63,3244.73,3206.35,3244.72,456930.0
1628942400,3244.73,3255.0,3221.14,3221.89,341067.0
1628946000,3221.89,3241.11,3212.38,3235.38,294455.0
1628949600,3235.38,3276.0,3228.55,3274.16,413989.0
1628953200,3274.17,3276.0,3240.43,3269.47,320322.0
1628956800,3269.47,3272.75,3248.84,3260.09,252049.0
1628960400,3260.09,3260.63,3230.3,3249.27,269499.0
1628964000,3249.27,3263.48,3240.0,3247.35,157874.0
1628967600,3247.35,3332.46,3236.95,3263.08,318747.0
1628971200,3263.07,3263.07,3213.02,3228.15,231952.0
1628974800,3228.15,3270.03,3228.15,3266.99,124725.0
1628978400,3267.0,3272.0,3241.01,3242.06,176126.0
1628982000,3242.06,3277.72,3235.73,3264.96,167578.0
1628985600,3263.78,3288.74,3251.6,3274.31,232216.0
1628989200,3274.1,3280.0,3260.0,3262.06,199317.0
1628992800,3262.07,3287.52,3262.07,3273.01,220368.0
1628996400,3273.01,3278.66,3245.1,3247.15,197541.0
1629000000,3247.15,3255.79,3229.71,3246.0,314893.0
1629003600,3246.0,3255.96,3229.0,3234.16,155520.0
1629007200,3234.15,3252.69,3213.36,3220.01,393707.0
1629010800,3220.01,3228.1,3153.85,3161.88,879915.0
1629014400,3161.88,3175.85,3146.62,3152.66,568705.0
1629018000,3152.65,3175.0,3133.33,3163.71,469882.0
1629021600,3163.7,3174.98,3142.0,3154.97,323787.0
1629025200,3154.41,3164.0,3138.0,3158.69,233436.0
1629028800,3158.7,3171.87,3143.0,3153.7,380994.0
1629032400,3152.0,3171.0,3135.5,3166.0,409151.0
1629036000,3166.0,3198.0,3145.71,3148.01,701180.0
1629039600,3148.0,3161.2,3140.62,3155.35,263070.0
1629043200,3156.39,3170.55,3142.0,3145.0,275490.0
1629046800,3144.99,3162.58,3106.26,3156.36,552927.0
1629050400,3156.35,3194.92,3151.23,3189.23,269022.0
1629054000,3189.17,3215.73,3169.38,3206.6,384846.0
1629057600,3207.34,3267.92,3201.46,3259.0,560941.0
1629061200,3259.0,3274.96,3240.59,3259.89,313940.0
1629064800,3259.57,3306.16,3259.57,3306.0,325385.0
1629068400,3306.01,3323.0,3298.82,3310.62,435916.0
1629072000,3310.63,3342.74,3290.2,3314.41,776477.0
1629075600,3314.4,3322.88,3298.35,3311.51,245062.0
1629079200,3311.68,3323.06,3303.0,3319.28,217999.0
1629082800,3319.28,3321.29,3259.02,3262.67,471669.0
1629086400,3262.67,3285.33,3257.58,3277.05,266004.0
1629090000,3277.06,3300.05,3277.05,3299.42,183099.0
1629093600,3299.42,3313.0,3260.19,3273.83,358712.0
1629097200,3273.82,3290.8,3265.0,3274.55,172258.0
1629100800,3274.55,3289.72,3246.0,3267.83,367531.0
1629104400,3267.83,3276.64,3262.1,3274.89,189549.0
1629108000,3274.89,3297.0,3274.89,3293.02,261241.0
1629111600,3293.02,3308.74,3282.19,3288.49,235279.0
1629115200,3288.5,3296.98,3266.0,3281.48,310726.0
1629118800,3281.48,3287.62,3207.88,3220.71,734287.0
1629122400,3220.71,3236.57,3202.2,3205.86,387589.0
1629126000,3205.17,3225.0,3182.32,3223.74,613916.0
1629129600,3223.74,3246.62,3213.29,3223.86,338708.0
1629133200,3224.64,3230.0,3204.57,3220.35,162214.0
1629136800,3220.35,3238.27,3210.62,3230.0,130323.0
1629140400,3230.32,3230.32,3165.02,3177.97,282054.0
1629144000,3177.97,3177.98,3133.0,3164.06,535175.0
1629147600,3163.4,3198.87,3150.0,3175.21,147575.0
1629151200,3175.21,3202.27,3167.16,3185.27,221020.0
1629154800,3185.26,3188.98,3146.0,3147.62,352552.0
1629158400,3147.63,3163.19,3116.63,3135.01,629593.0
1629162000,3135.0,3178.8,3130.8,3175.29,356165.0
1629165600,3175.29,3195.0,3168.3,3192.98,239019.0
1629169200,3192.98,3207.48,3176.99,3193.58,290971.0
1629172800,3193.92,3216.49,3185.0,3191.92,256207.0
1629176400,3191.59,3198.8,3166.41,3171.59,326859.0
1629180000,3171.59,3180.44,3143.01,3146.2,435472.0
1629183600,3147.05,3172.0,3135.0,3171.04,340695.0
1629187200,3171.04,3205.98,3168.08,3182.43,384686.0
1629190800,3182.42,3248.85,3182.01,3242.91,643943.0
1629194400,3242.91,3252.05,3222.22,3225.0,353129.0
1629198000,3225.0,3284.54,3224.25,3259.49,583937.0
1629201600,3259.25,3293.5,3234.64,3240.04,604699.0
1629205200,3240.91,3256.19,3221.1,3233.01,460171.0
1629208800,3233.53,3242.99,3182.19,3194.0,641164.0
1629212400,3193.47,3204.0,3162.14,3167.33,444759.0
1629216000,3167.32,3191.77,3145.0,3153.28,614904.0
1629219600,3152.83,3178.62,3147.0,3169.3,290025.0
1629223200,3169.3,3189.18,3150.0,3162.58,303044.0
1629226800,3162.58,3165.27,3102.11,3118.78,746652.0
1629230400,3118.38,3127.78,3013.31,3072.53,1364300.0
1629234000,3072.71,3072.99,3021.03,3029.06,341549.0
1629237600,3029.77,3059.83,2993.17,3053.54,863697.0
1629241200,3053.68,3053.68,3008.38,3014.95,426055.0
1629244800,3014.96,3046.81,2982.21,3023.47,734611.0
1629248400,3023.76,3044.0,2949.1,3043.99,914622.0
1629252000,3044.0,3046.6,3005.96,3033.77,428418.0
1629255600,3033.78,3052.56,3009.02,3051.63,314699.0
1629259200,3051.62,3060.51,3028.0,3045.39,370969.0
1629262800,3045.39,3083.0,3039.28,3081.1,387671.0
1629266400,3080.96,3082.0,3056.47,3069.27,305270.0
1629270000,3069.27,3075.49,3023.27,3031.18,413593.0
1629273600,3030.84,3049.6,3014.0,3044.14,347170.0
1629277200,3044.14,3060.72,3035.93,3053.95,253300.0
1629280800,3053.95,3068.82,3026.06,3034.08,335370.0
1629284400,3034.08,3058.98,2991.31,3002.64,556832.0
1629288000,3002.65,3042.45,2997.82,3029.26,549841.0
1629291600,3030.0,3068.02,3029.99,3054.79,484372.0
1629295200,3054.79,3079.82,3051.0,3073.76,381423.0
1629298800,3073.77,3116.18,3052.8,3109.3,650235.0
1629302400,3109.29,3125.66,3083.06,3119.9,579876.0
1629306000,3120.0,3121.99,3096.01,3105.62,214529.0
1629309600,3106.12,3117.29,3055.58,3056.64,471725.0
1629313200,3056.64,3067.14,3022.76,3031.78,390595.0
1629316800,3031.78,3042.68,3005.5,3008.76,382912.0
1629320400,3008.76,3027.43,2998.0,3003.95,280940.0
1629324000,3003.95,3045.0,3000.0,3040.04,225192.0
1629327600,3040.05,3058.88,3010.01,3015.37,333157.0
1629331200,3015.57,3049.5,2999.68,3044.23,582202.0
1629334800,3044.16,3052.99,3027.22,3028.9,301061.0
1629338400,3028.9,3028.9,3007.2,3008.5,407309.0
1629342000,3008.5,3009.74,2968.2,2968.43,784198.0
1629345600,2968.43,2994.0,2960.0,2985.36,418213.0
1629349200,2985.36,3019.91,2973.66,3008.8,405231.0
1629352800,3008.8,3011.98,2988.68,2999.16,319830.0
1629356400,2999.17,3012.16,2973.71,2997.56,382936.0
1629360000,2997.76,3025.41,2980.0,3003.63,684217.0
1629363600,3003.33,3014.94,2999.02,3003.14,305019.0
1629367200,3003.14,3013.2,2982.0,2983.01,271882.0
1629370800,2983.0,3001.46,2973.7,2973.9,326801.0
1629374400,2973.9,3004.56,2963.4,2998.18,459434.0
1629378000,2998.18,3024.5,2981.61,3020.31,492870.0
1629381600,3020.2,3054.99,3020.19,3041.92,767055.0
1629385200,3041.3,3080.0,3040.51,3067.43,411530.0
1629388800,3067.44,3078.4,3046.12,3046.56,327953.0
1629392400,3046.57,3058.79,3023.33,3049.23,260316.0
1629396000,3049.94,3140.0,3047.95,3132.77,883041.0
1629399600,3132.76,3166.6,3131.28,3147.99,448147.0
1629403200,3148.0,3166.82,3143.99,3159.86,286658.0
1629406800,3159.86,3173.64,3145.14,3163.98,136277.0
1629410400,3163.99,3177.6,3150.0,3171.65,281597.0
1629414000,3171.65,3191.64,3157.0,3185.86,348076.0
1629417600,3185.86,3245.88,3178.35,3229.89,878003.0
1629421200,3229.89,3242.25,3213.49,3236.49,325452.0
1629424800,3236.49,3241.0,3221.33,3229.48,227692.0
1629428400,3229.47,3233.0,3209.13,3218.2,237356.0
1629432000,3218.2,3231.99,3210.3,3223.94,235782.0
1629435600,3223.94,3227.92,3205.1,3225.73,256281.0
1629439200,3225.82,3236.27,3217.0,3229.56,203160.0
1629442800,3229.56,3232.92,3208.54,3217.55,271036.0
1629446400,3217.69,3226.56,3186.12,3200.0,410944.0
1629450000,3199.99,3217.09,3195.1,3209.03,236244.0
1629453600,3209.03,3226.28,3203.78,3217.99,219707.0
1629457200,3217.99,3218.0,3200.29,3204.85,181027.0
1629460800,3204.39,3244.98,3203.61,3235.72,285714.0
1629464400,3235.71,3265.29,3227.08,3260.92,549679.0
1629468000,3260.91,3304.99,3251.2,3283.26,850147.0
1629471600,3283.27,3291.73,3261.47,3285.49,527929.0
1629475200,3285.48,3300.0,3242.0,3264.99,577221.0
1629478800,3264.99,3274.67,3246.54,3250.56,201852.0
1629482400,3250.55,3257.8,3219.0,3235.08,312344.0
1629486000,3235.09,3258.81,3235.09,3252.23,135424.0
1629489600,3253.06,3278.32,3245.13,3259.4,161123.0
1629493200,3259.02,3297.0,3259.01,3292.02,119697.0
1629496800,3292.06,3294.38,3247.22,3260.48,195495.0
1629500400,3261.01,3287.0,3256.14,3285.04,187795.0
1629504000,3285.04,3285.68,3234.9,3242.04,307886.0
1629507600,3242.03,3271.33,3235.46,3264.26,226539.0
1629511200,3264.25,3282.0,3258.0,3262.05,264738.0
1629514800,3262.04,3282.2,3250.67,3276.98,223894.0
1629518400,3276.99,3283.65,3256.0,3271.31,244951.0
1629522000,3271.3,3311.94,3267.22,3290.03,459935.0
1629525600,3290.03,3290.7,3271.72,3277.17,163149.0
1629529200,3277.18,3295.97,3266.42,3293.76,205299.0
1629532800,3293.76,3313.98,3281.66,3287.82,320340.0
1629536400,3287.83,3291.68,3275.35,3282.88,151333.0
1629540000,3282.88,3307.39,3278.0,3297.73,268673.0
1629543600,3297.74,3303.78,3240.01,3251.22,734194.0
1629547200,3250.4,3296.03,3245.67,3290.88,366068.0
1629550800,3290.88,3300.0,3276.07,3282.68,299373.0
1629554400,3282.68,3284.12,3255.69,3259.48,271233.0
1629558000,3259.48,3280.0,3257.44,3274.0,186566.0
1629561600,3274.01,3294.77,3261.05,3287.0,385146.0
1629565200,3287.0,3289.1,3262.85,3277.58,273652.0
1629568800,3277.72,3278.43,3249.3,3262.35,243412.0
1629572400,3262.34,3263.71,3205.0,3217.11,487911.0
1629576000,3217.11,3234.88,3210.75,3229.99,165490.0
1629579600,3230.0,3256.32,3222.21,3250.79,105503.0
1629583200,3250.78,3262.97,3231.37,3250.51,168126.0
1629586800,3251.15,3255.17,3223.12,3224.68,157693.0
1629590400,3224.48,3252.71,3219.55,3245.7,274132.0
1629594000,3245.71,3258.58,3235.42,3250.9,181032.0
1629597600,3250.91,3250.91,3221.32,3229.39,201640.0
1629601200,3229.64,3237.6,3216.97,3227.0,202867.0
1629604800,3226.88,3247.04,3226.48,3244.9,151838.0
1629608400,3244.89,3251.66,3226.74,3229.26,174166.0
1629612000,3229.27,3269.19,3229.27,3256.55,340568.0
1629615600,3256.56,3272.99,3256.56,3262.62,136128.0
1629619200,3262.62,3269.71,3238.17,3250.79,285444.0
1629622800,3250.8,3275.0,3250.8,3265.92,241200.0
1629626400,3265.92,3270.37,3248.53,3251.16,231608.0
1629630000,3251.16,3260.72,3249.0,3256.97,95424.0
1629633600,3256.96,3263.88,3235.3,3236.96,284816.0
1629637200,3236.97,3240.78,3216.8,3233.8,386118.0
1629640800,3233.69,3238.88,3162.19,3166.99,793879.0
1629644400,3166.99,3185.65,3153.68,3180.67,622033.0
1629648000,3180.66,3195.96,3158.25,3178.27,519911.0
1629651600,3178.27,3188.8,3169.33,3176.58,160296.0
1629655200,3176.57,3176.57,3123.0,3150.03,537732.0
1629658800,3150.03,3175.82,3148.99,3174.19,126026.0
1629662400,3174.18,3174.19,3132.36,3152.38,207490.0
1629666000,3152.38,3173.0,3142.2,3168.66,114699.0
1629669600,3168.51,3219.36,3160.77,3215.34,351907.0
1629673200,3215.3,3255.95,3210.41,3239.54,424163.0
1629676800,3239.55,3259.85,3231.7,3250.5,349070.0
1629680400,3250.1,3272.52,3244.31,3261.0,295557.0
1629684000,3261.0,3308.23,3255.0,3297.71,497627.0
1629687600,3297.72,3368.38,3297.72,3343.84,965010.0
1629691200,3343.84,3359.71,3341.66,3348.0,347485.0
1629694800,3348.08,3352.59,3321.87,3331.64,312832.0
1629698400,3331.65,3342.7,3317.28,3329.98,214917.0
1629702000,3329.84,3332.45,3313.67,3325.16,185983.0
1629705600,3325.16,3338.28,3318.35,3333.81,196917.0
1629709200,3333.81,3350.91,3330.23,3349.17,212922.0
1629712800,3349.17,3364.29,3318.23,3330.71,537080.0
1629716400,3331.06,3350.3,3321.14,3341.31,182117.0
1629720000,3341.3,3349.57,3332.0,3338.19,131446.0
1629723600,3338.19,3348.0,3328.0,3342.88,206219.0
1629727200,3342.88,3378.16,3297.08,3310.5,1026219.0
1629730800,3310.51,3338.97,3300.26,3327.16,574626.0
1629734400,3327.17,3355.99,3320.2,3353.58,400462.0
1629738000,3353.37,3357.65,3326.75,3330.88,192355.0
1629741600,3330.87,3342.11,3315.06,3329.53,194843.0
1629745200,3329.53,3329.53,3307.0,3311.21,212444.0
1629748800,3311.49,3344.03,3276.0,3340.11,394685.0
1629752400,3340.43,3345.91,3326.0,3340.8,90521.0
1629756000,3340.43,3340.43,3320.78,3336.6,112669.0
1629759600,3336.6,3337.46,3315.08,3323.45,136179.0
1629763200,3323.0,3349.62,3293.52,3311.03,572157.0
1629766800,3311.23,3313.43,3282.51,3293.08,307089.0
1629770400,3293.07,3307.5,3290.47,3305.5,119642.0
1629774000,3305.49,3325.56,3305.49,3323.38,166242.0
1629777600,3323.38,3340.8,3315.0,3333.69,241541.0
1629781200,3333.7,3344.82,3327.0,3332.07,171409.0
1629784800,3332.06,3349.96,3322.5,3349.16,242108.0
1629788400,3349.16,3357.82,3338.88,3345.51,208508.0
1629792000,3345.52,3351.8,3331.37,3333.28,230593.0
1629795600,3333.28,3335.22,3318.41,3327.38,161072.0
1629799200,3327.38,3343.0,3308.0,3310.31,332925.0
1629802800,3310.31,3324.68,3300.2,3323.47,361597.0
1629806400,3323.49,3325.53,3301.08,3319.19,321304.0
1629810000,3319.18,3321.26,3241.35,3253.01,1056561.0
1629813600,3253.0,3255.0,3219.76,3240.05,730790.0
1629817200,3240.05,3246.72,3205.0,3215.16,685030.0
1629820800,3215.15,3215.25,3142.88,3168.57,1510823.0
1629824400,3168.57,3201.96,3162.11,3178.27,485801.0
1629828000,3178.26,3191.9,3163.38,3187.63,267271.0
1629831600,3187.63,3230.74,3169.09,3215.86,494143.0
1629835200,3215.86,3219.44,3188.39,3215.56,303847.0
1629838800,3215.64,3218.66,3174.12,3197.61,133231.0
1629842400,3197.6,3225.0,3190.22,3214.8,198631.0
1629846000,3214.8,3218.48,3166.1,3171.09,280688.0
1629849600,3171.09,3214.49,3170.24,3195.51,333686.0
1629853200,3195.5,3204.0,3169.19,3203.99,246600.0
1629856800,3203.73,3216.84,3191.81,3206.06,230109.0
1629860400,3206.06,3207.34,3173.33,3176.6,219233.0
1629864000,3176.59,3192.49,3158.5,3175.29,301337.0
1629867600,3175.29,3217.34,3174.12,3211.99,305537.0
1629871200,3212.0,3222.73,3200.34,3201.0,237011.0
1629874800,3201.0,3211.61,3173.76,3183.33,295179.0
1629878400,3183.33,3186.14,3095.89,3104.03,1075238.0
1629882000,3104.13,3119.18,3075.84,3099.39,848094.0
1629885600,3099.4,3130.8,3095.89,3124.86,310723.0
1629889200,3124.45,3143.66,3112.84,3138.37,274867.0
1629892800,3138.38,3156.13,3110.18,3148.97,409069.0
1629896400,3148.88,3159.39,3121.98,3133.5,351965.0
1629900000,3133.5,3191.77,3103.68,3187.0,1028063.0
1629903600,3187.0,3227.0,3174.0,3217.0,641710.0
1629907200,3217.21,3233.46,3201.37,3214.0,329692.0
1629910800,3214.0,3240.95,3201.37,3224.87,347525.0
1629914400,3224.86,3238.6,3219.99,3231.31,136767.0
1629918000,3231.89,3248.71,3203.3,3214.89,279021.0
1629921600,3214.43,3238.0,3198.28,3207.34,185384.0
1629925200,3207.34,3225.64,3205.0,3222.79,77948.0
1629928800,3222.89,3239.5,3210.51,3217.73,110588.0
1629932400,3217.73,3235.92,3207.5,3227.0,110934.0
1629936000,3226.95,3251.78,3208.5,3246.0,330140.0
1629939600,3246.59,3249.99,3211.1,3211.33,182370.0
1629943200,3211.34,3222.74,3207.51,3214.42,166127.0
1629946800,3213.56,3216.26,3140.28,3148.59,725362.0
1629950400,3148.6,3164.37,3136.0,3157.8,377300.0
1629954000,3157.79,3168.62,3107.0,3120.02,706654.0
1629957600,3119.63,3132.0,3091.36,3093.57,655308.0
1629961200,3093.57,3122.65,3060.0,3105.96,898329.0
1629964800,3106.73,3118.66,3088.06,3101.11,379223.0
1629968400,3101.22,3111.0,3082.2,3085.82,285952.0
1629972000,3086.0,3110.0,3075.0,3100.56,319241.0
1629975600,3100.55,3119.23,3086.47,3088.1,334029.0
1629979200,3088.1,3131.97,3053.0,3098.64,1255352.0
1629982800,3098.64,3131.13,3093.99,3125.27,434130.0
1629986400,3125.27,3148.14,3107.0,3117.57,559808.0
1629990000,3117.58,3135.0,3095.0,3106.18,392388.0
1629993600,3106.07,3120.0,3075.48,3112.01,640140.0
1629997200,3112.02,3128.88,3107.2,3112.17,260625.0
1630000800,3111.31,3134.82,3093.37,3123.26,223136.0
1630004400,3123.26,3126.86,3095.0,3108.57,198776.0
1630008000,3108.26,3122.79,3104.03,3118.0,104212.0
1630011600,3118.0,3141.78,3118.0,3135.66,122785.0
1630015200,3135.66,3149.34,3121.0,3126.13,127327.0
1630018800,3126.91,3136.82,3084.5,3091.5,191521.0
1630022400,3091.67,3115.88,3062.37,3114.06,574266.0
1630026000,3114.05,3146.86,3114.05,3120.67,560425.0
1630029600,3120.66,3135.17,3109.56,3110.01,183800.0
1630033200,3110.01,3114.0,3083.61,3094.94,338068.0
1630036800,3094.98,3109.99,3078.0,3104.83,395321.0
1630040400,3104.84,3119.99,3100.6,3111.58,304973.0
1630044000,3111.72,3117.62,3102.11,3108.5,157241.0
1630047600,3108.5,3132.27,3092.1,3126.99,499480.0
1630051200,3126.27,3129.47,3107.63,3113.26,234432.0
1630054800,3113.25,3120.39,3103.26,3111.48,209437.0
1630058400,3112.07,3123.24,3109.66,3120.0,164918.0
1630062000,3120.0,3174.56,3117.02,3156.3,755718.0
1630065600,3156.01,3166.39,3146.28,3155.55,383923.0
1630069200,3155.55,3169.95,3133.21,3164.37,408586.0
1630072800,3164.37,3243.61,3158.52,3229.38,1107850.0
1630076400,3229.39,3248.74,3222.26,3239.76,487242.0
1630080000,3239.98,3248.64,3222.88,3232.53,339871.0
1630083600,3232.53,3244.83,3232.07,3234.33,152111.0
1630087200,3235.11,3240.86,3230.0,3231.98,91628.0
1630090800,3231.99,3245.57,3224.22,3233.2,171559.0
1630094400,3232.83,3278.0,3224.28,3262.76,496666.0
1630098000,3263.1,3277.8,3258.0,3274.32,140155.0
1630101600,3274.32,3275.0,3255.07,3275.0,148666.0
1630105200,3275.0,3282.97,3260.81,3273.21,225480.0
1630108800,3273.6,3290.09,3257.31,3268.3,310326.0
1630112400,3268.31,3270.8,3252.26,3260.62,165594.0
1630116000,3260.62,3260.62,3241.22,3246.33,197914.0
1630119600,3246.34,3257.77,3242.5,3245.21,124851.0
1630123200,3245.94,3258.1,3244.0,3248.53,115782.0
1630126800,3248.72,3251.79,3235.31,3242.96,133136.0
1630130400,3242.47,3254.59,3226.37,3246.08,275512.0
1630134000,3246.07,3246.07,3231.0,3231.0,125324.0
1630137600,3231.01,3248.62,3231.0,3238.8,151861.0
1630141200,3238.8,3259.5,3238.31,3247.05,173538.0
1630144800,3247.05,3250.67,3238.23,3240.24,71733.0
1630148400,3240.25,3242.87,3209.0,3222.39,349360.0
1630152000,3222.39,3248.0,3220.49,3241.01,273661.0
1630155600,3240.59,3242.09,3223.2,3229.35,215785.0
1630159200,3229.35,3234.88,3211.39,3227.93,298602.0
1630162800,3227.93,3247.0,3219.04,3246.26,186587.0
1630166400,3246.25,3267.21,3235.28,3247.51,281615.0
1630170000,3247.51,3252.0,3239.04,3244.91,108934.0
1630173600,3244.92,3250.61,3238.12,3240.7,61778.0
1630177200,3240.23,3240.23,3218.07,3229.4,197445.0
1630180800,3229.4,3240.27,3226.0,3237.55,87083.0
1630184400,3237.55,3249.99,3234.45,3246.99,53080.0
1630188000,3246.99,3252.82,3228.58,3233.87,123277.0
1630191600,3233.67,3245.7,3233.52,3243.94,61595.0
1630195200,3243.93,3285.33,3233.0,3284.54,412920.0
1630198800,3284.38,3287.97,3260.56,3269.47,226244.0
1630202400,3269.47,3274.37,3221.13,3230.0,424171.0
1630206000,3230.0,3233.49,3156.08,3178.83,977589.0
1630209600,3178.83,3185.9,3147.17,3178.25,494949.0
1630213200,3178.24,3196.5,3171.0,3189.98,190626.0
1630216800,3189.98,3200.0,3184.25,3190.53,144435.0
1630220400,3190.54,3207.45,3190.53,3204.02,166385.0
1630224000,3204.02,3217.5,3191.28,3206.6,307275.0
1630227600,3206.07,3210.08,3190.3,3203.09,212685.0
1630231200,3203.09,3211.0,3192.75,3203.4,223093.0
1630234800,3203.4,3209.13,3180.62,3181.91,229358.0
1630238400,3182.06,3208.28,3178.33,3195.83,252524.0
1630242000,3195.83,3203.5,3186.27,3188.07,181853.0
1630245600,3188.08,3200.3,3171.08,3174.55,275591.0
1630249200,3174.55,3189.8,3166.32,3187.0,208384.0
1630252800,3187.36,3216.88,3181.22,3205.69,336899.0
1630256400,3205.69,3207.62,3192.22,3203.24,172568.0
1630260000,3203.51,3208.49,3195.9,3203.75,68654.0
1630263600,3204.13,3224.76,3204.13,3218.99,184147.0
1630267200,3219.0,3244.88,3217.42,3235.0,212763.0
1630270800,3235.0,3247.62,3215.0,3243.08,111382.0
1630274400,3243.29,3257.78,3234.01,3236.53,271145.0
1630278000,3236.54,3246.83,3221.13,3224.72,190450.0
1630281600,3224.72,3229.3,3181.0,3190.73,391557.0
1630285200,3190.72,3225.0,3187.0,3206.77,284503.0
1630288800,3206.22,3215.93,3193.42,3197.01,197816.0
1630292400,3197.0,3200.0,3142.99,3162.17,629673.0
1630296000,3162.17,3173.52,3146.92,3165.0,323800.0
1630299600,3164.99,3175.0,3156.0,3169.99,221330.0
1630303200,3169.99,3177.9,3151.03,3169.17,295418.0
1630306800,3169.02,3187.74,3161.0,3179.44,331485.0
1630310400,3179.45,3205.48,3174.49,3194.35,329043.0
1630314000,3194.52,3197.68,3178.19,3181.63,181620.0
1630317600,3181.46,3197.07,3178.0,3191.93,161178.0
1630321200,3191.92,3194.57,3167.64,3187.76,288710.0
1630324800,3187.76,3189.54,3155.2,3159.82,391593.0
1630328400,3159.83,3179.9,3150.05,3177.82,360662.0
1630332000,3177.82,3183.8,3165.0,3169.02,225664.0
1630335600,3169.4,3224.45,3166.91,3217.74,514470.0
1630339200,3218.0,3270.0,3213.11,3269.73,698148.0
1630342800,3269.73,3297.58,3257.0,3292.32,481800.0
1630346400,3292.32,3326.27,3278.73,3323.86,651591.0
1630350000,3323.86,3344.11,3300.31,3339.5,672492.0
1630353600,3339.5,3347.78,3323.33,3336.87,269179.0
1630357200,3336.87,3338.06,3307.0,3330.09,195345.0
1630360800,3330.09,3338.0,3272.11,3282.68,412505.0
1630364400,3282.68,3282.68,3210.08,3227.87,819317.0
1630368000,3227.87,3247.27,3187.0,3212.9,732365.0
1630371600,3212.89,3223.68,3202.01,3213.57,277795.0
1630375200,3213.44,3226.81,3200.82,3218.99,265376.0
1630378800,3219.0,3243.77,3215.0,3237.0,279907.0
1630382400,3237.01,3252.0,3221.28,3228.0,357484.0
1630386000,3227.68,3240.54,3222.02,3236.0,168140.0
1630389600,3236.0,3248.0,3224.0,3231.82,265169.0
1630393200,3231.82,3374.11,3213.3,3361.12,1738378.0
1630396800,3361.12,3376.0,3332.06,3346.91,766804.0
1630400400,3346.42,3352.32,3318.0,3335.99,434789.0
1630404000,3336.0,3357.45,3311.27,3334.11,523797.0
1630407600,3334.12,3440.26,3323.26,3429.67,1217734.0
1630411200,3429.66,3437.58,3400.0,3414.83,446588.0
1630414800,3414.84,3447.99,3407.3,3430.51,436500.0
1630418400,3430.51,3477.0,3331.67,3379.35,1194822.0
1630422000,3379.36,3403.39,3360.69,3390.0,652353.0
1630425600,3390.0,3418.13,3375.68,3386.31,667471.0
1630429200,3386.45,3394.42,3335.7,3364.94,519135.0
1630432800,3364.09,3417.0,3357.23,3412.61,305666.0
1630436400,3412.6,3422.85,3393.41,3413.96,197743.0
1630440000,3413.95,3427.48,3380.01,3389.99,228591.0
1630443600,3389.99,3435.42,3375.99,3398.65,183389.0
1630447200,3398.64,3415.31,3368.76,3412.67,359469.0
1630450800,3413.22,3444.41,3399.61,3428.05,251992.0
1630454400,3428.04,3445.64,3391.28,3398.68,498594.0
1630458000,3398.24,3438.66,3381.47,3423.87,395659.0
1630461600,3423.56,3445.98,3413.09,3420.25,342342.0
1630465200,3420.24,3443.67,3408.39,3441.05,241247.0
1630468800,3441.05,3459.19,3426.07,3458.0,351478.0
1630472400,3457.99,3532.81,3451.23,3523.83,954266.0
1630476000,3523.84,3530.0,3504.45,3517.83,340131.0
1630479600,3517.82,3550.0,3494.48,3515.77,430571.0
1630483200,3515.57,3535.0,3511.37,3528.94,377174.0
1630486800,3528.93,3557.74,3522.32,3537.01,454665.0
1630490400,3537.01,3549.0,3520.93,3540.88,313506.0
1630494000,3540.85,3552.33,3525.0,3530.7,296218.0
1630497600,3530.7,3544.64,3515.04,3535.51,250354.0
1630501200,3535.52,3551.37,3513.15,3534.3,367865.0
1630504800,3534.3,3569.0,3528.42,3529.17,525046.0
1630508400,3529.17,3586.32,3529.16,3580.0,573216.0
1630512000,3580.0,3825.59,3575.83,3749.93,2364837.0
1630515600,3749.92,3751.96,3688.5,3696.34,876288.0
1630519200,3696.35,3725.0,3692.26,3699.96,326474.0
1630522800,3700.0,3722.0,3697.0,3715.41,208566.0
1630526400,3715.41,3743.25,3712.19,3730.69,196061.0
1630530000,3730.69,3787.3,3728.86,3771.1,265919.0
1630533600,3771.09,3798.19,3752.05,3759.4,480442.0
1630537200,3759.4,3848.88,3759.4,3829.83,542300.0
1630540800,3829.83,3841.4,3770.81,3781.53,614403.0
1630544400,3781.53,3807.94,3756.69,3774.27,541425.0
1630548000,3774.27,3785.0,3737.75,3748.03,319299.0
1630551600,3748.03,3775.18,3746.02,3767.02,205796.0
1630555200,3767.03,3772.44,3745.37,3760.12,171795.0
1630558800,3760.12,3771.0,3752.16,3759.94,130466.0
1630562400,3759.95,3768.99,3727.41,3753.0,372368.0
1630566000,3753.0,3773.27,3723.01,3735.0,415362.0
1630569600,3735.01,3756.83,3732.1,3747.86,200158.0
1630573200,3747.86,3754.4,3729.05,3740.64,230751.0
1630576800,3740.64,3766.6,3730.35,3760.03,214537.0
1630580400,3760.03,3769.0,3745.66,3760.25,150480.0
1630584000,3760.24,3798.3,3751.05,3776.56,485455.0
1630587600,3776.34,3807.71,3765.41,3792.52,281419.0
1630591200,3792.36,3835.0,3752.0,3765.81,962644.0
1630594800,3765.82,3776.46,3740.16,3758.26,382815.0
1630598400,3758.27,3792.38,3756.01,3783.96,252024.0
1630602000,3783.96,3808.68,3768.68,3801.51,331888.0
1630605600,3801.52,3810.9,3761.0,3778.88,231299.0
1630609200,3778.88,3791.51,3771.0,3783.77,67682.0
1630612800,3784.65,3814.74,3778.58,3808.18,125837.0
1630616400,3808.18,3831.77,3800.07,3829.53,146187.0
1630620000,3829.98,3829.99,3792.81,3804.4,133456.0
1630623600,3804.03,3804.04,3780.25,3785.35,129693.0
1630627200,3786.05,3806.2,3724.0,3731.72,461072.0
1630630800,3731.72,3744.95,3707.69,3741.98,356018.0
1630634400,3741.99,3775.0,3737.71,3772.78,349985.0
1630638000,3772.78,3817.99,3766.24,3807.57,325056.0
1630641600,3807.56,3829.31,3798.01,3811.6,273807.0
1630645200,3811.59,3818.88,3750.0,3797.54,316950.0
1630648800,3797.53,3812.99,3780.31,3793.04,175225.0
1630652400,3793.03,3813.45,3781.59,3798.54,224688.0
1630656000,3798.55,3904.32,3791.01,3894.27,834204.0
1630659600,3894.25,3980.01,3880.37,3968.1,1222030.0
1630663200,3968.1,3989.6,3931.0,3953.75,719737.0
1630666800,3953.76,3967.34,3923.2,3956.23,432338.0
1630670400,3956.78,3987.53,3930.1,3953.32,542252.0
1630674000,3953.32,3968.5,3942.0,3963.69,248362.0
1630677600,3963.69,4034.0,3940.0,3983.02,1257793.0
1630681200,3982.73,3986.87,3955.84,3968.83,273923.0
1630684800,3968.84,3986.0,3957.76,3971.4,228224.0
1630688400,3971.4,3983.66,3953.3,3964.84,137689.0
1630692000,3963.9,3964.93,3929.02,3952.56,216469.0
1630695600,3952.55,3954.98,3926.5,3946.34,142914.0
1630699200,3946.08,3946.09,3905.0,3916.94,215595.0
1630702800,3916.55,3943.63,3915.44,3936.95,118589.0
1630706400,3936.96,3937.48,3855.63,3886.34,444323.0
1630710000,3886.34,3944.5,3877.85,3938.78,300323.0
1630713600,3939.03,3972.36,3916.0,3945.03,332507.0
1630717200,3945.04,3956.0,3920.51,3922.66,185739.0
1630720800,3922.67,3950.0,3906.44,3946.0,204327.0
1630724400,3945.99,3946.0,3919.07,3921.54,250983.0
1630728000,3921.54,3930.0,3907.05,3907.92,179636.0
1630731600,3907.91,3929.65,3895.02,3927.0,209093.0
1630735200,3927.0,3935.0,3917.31,3922.17,184744.0
1630738800,3922.17,3935.0,3910.32,3917.67,163073.0
1630742400,3918.53,3956.0,3910.42,3934.43,353807.0
1630746000,3935.18,3946.14,3925.0,3929.05,189217.0
1630749600,3929.06,3947.0,3905.55,3905.61,253896.0
1630753200,3905.61,3914.19,3886.0,3889.33,346000.0
1630756800,3889.33,3929.4,3881.25,3915.29,305534.0
1630760400,3915.98,3922.0,3900.21,3911.35,143577.0
1630764000,3911.39,3912.73,3891.64,3904.56,176029.0
1630767600,3905.09,3921.85,3902.07,3917.63,130904.0
1630771200,3917.62,3926.0,3896.82,3901.58,221688.0
1630774800,3901.15,3905.95,3831.21,3880.39,440871.0
1630778400,3880.39,3890.8,3858.12,3862.33,116114.0
1630782000,3862.33,3883.44,3833.29,3861.87,237065.0
1630785600,3861.89,3883.91,3855.47,3880.21,102251.0
1630789200,3880.22,3904.75,3880.22,3891.99,88932.0
1630792800,3891.99,3903.0,3879.4,3886.45,83025.0
1630796400,3886.45,3901.57,3865.48,3887.56,131281.0
1630800000,3887.77,3915.67,3871.0,3905.24,173252.0
1630803600,3906.0,3909.81,3883.0,3895.4,104750.0
1630807200,3895.4,3907.58,3889.3,3890.01,95167.0
1630810800,3890.01,3895.65,3845.1,3846.62,347568.0
1630814400,3846.5,3875.0,3843.8,3873.49,217160.0
1630818000,3873.5,3879.0,3860.5,3863.01,99813.0
1630821600,3863.01,3878.0,3835.0,3877.0,320624.0
1630825200,3877.0,3888.8,3860.59,3871.09,228747.0
1630828800,3871.09,3923.0,3862.0,3917.25,341940.0
1630832400,3917.25,3932.48,3908.0,3927.07,330206.0
1630836000,3927.07,3958.0,3911.68,3921.63,373507.0
1630839600,3922.12,3940.52,3907.77,3924.73,305672.0
1630843200,3924.73,3954.48,3916.41,3932.68,269422.0
1630846800,3932.69,3946.6,3920.0,3929.97,169910.0
1630850400,3929.96,3944.4,3913.46,3920.81,282892.0
1630854000,3920.82,3924.59,3897.02,3908.18,431708.0
1630857600,3908.19,3928.46,3899.17,3916.49,164023.0
1630861200,3916.4,3933.35,3912.21,3926.56,146591.0
1630864800,3926.78,3930.0,3916.8,3922.46,51792.0
1630868400,3922.46,3952.07,3920.0,3929.35,175104.0
1630872000,3929.36,3978.73,3920.33,3972.86,199407.0
1630875600,3972.86,3988.44,3940.59,3954.46,174641.0
1630879200,3954.33,3957.54,3932.22,3950.0,112895.0
1630882800,3950.0,3967.0,3942.0,3951.08,108921.0
1630886400,3951.08,3963.85,3925.35,3931.92,210234.0
1630890000,3932.57,3935.61,3912.0,3929.27,228063.0
1630893600,3929.27,3929.77,3916.27,3920.7,106922.0
1630897200,3920.69,3935.0,3896.85,3905.42,280663.0
1630900800,3905.49,3925.77,3898.0,3922.72,171884.0
1630904400,3922.43,3931.37,3908.19,3929.69,126175.0
1630908000,3929.68,3944.85,3926.94,3932.17,195383.0
1630911600,3932.35,3955.02,3926.6,3942.99,220733.0
1630915200,3942.98,3977.89,3938.76,3957.05,368796.0
1630918800,3957.06,3962.0,3942.0,3955.9,172580.0
1630922400,3955.9,3958.23,3938.0,3948.75,110913.0
1630926000,3948.75,3956.49,3899.03,3904.69,605709.0
1630929600,3904.99,3916.26,3861.12,3904.25,753825.0
1630933200,3904.25,3918.0,3890.41,3914.7,264633.0
1630936800,3914.71,3944.2,3910.31,3941.62,409884.0
1630940400,3941.63,3947.36,3923.55,3925.55,158316.0
1630944000,3926.19,3943.84,3913.01,3927.01,247548.0
1630947600,3927.01,3945.31,3925.0,3933.31,103749.0
1630951200,3933.31,3952.18,3926.74,3948.93,116801.0
1630954800,3948.93,3961.25,3938.12,3938.4,133470.0
1630958400,3938.01,3954.22,3927.32,3954.22,121192.0
1630962000,3954.22,3967.88,3941.4,3956.57,57297.0
1630965600,3955.59,3972.85,3933.59,3941.06,216638.0
1630969200,3941.05,3945.12,3919.01,3927.45,183586.0
1630972800,3927.37,3932.48,3887.44,3898.57,362785.0
1630976400,3898.66,3920.17,3890.01,3920.0,188290.0
1630980000,3920.0,3947.9,3920.0,3933.14,302961.0
1630983600,3933.14,3937.24,3910.12,3915.46,189482.0
1630987200,3915.47,3936.25,3905.88,3918.47,191963.0
1630990800,3918.47,3927.18,3907.99,3923.92,185054.0
1630994400,3923.38,3933.38,3901.0,3901.05,170234.0
1630998000,3901.04,3907.48,3877.25,3885.0,519981.0
1631001600,3885.0,3885.0,3683.0,3756.28,1760791.0
1631005200,3756.27,3783.65,3654.9,3714.4,952925.0
1631008800,3714.41,3781.0,3711.22,3763.18,631011.0
1631012400,3762.45,3767.72,3740.16,3749.55,180374.0
1631016000,3749.55,3763.55,3711.88,3752.33,465164.0
1631019600,3752.65,3775.38,3726.45,3729.77,350546.0
1631023200,3729.76,3751.57,3400.0,3400.44,2491377.0
1631026800,3400.44,3504.63,2991.26,3452.57,3938148.0
1631030400,3452.21,3577.74,3415.62,3558.53,836094.0
1631034000,3558.52,3566.44,3418.15,3426.13,837867.0
1631037600,3426.13,3487.99,3340.0,3448.58,828625.0
1631041200,3447.82,3477.39,3398.5,3411.99,243745.0
1631044800,3411.99,3456.9,3363.87,3414.09,308424.0
1631048400,3414.6,3427.1,3320.0,3375.23,276254.0
1631052000,3376.2,3451.0,3338.0,3436.03,458992.0
1631055600,3437.5,3461.79,3386.02,3434.18,476335.0
1631059200,3434.55,3466.78,3376.56,3457.91,664570.0
1631062800,3457.91,3528.63,3423.1,3522.71,480638.0
1631066400,3522.92,3540.0,3488.0,3495.33,433633.0
1631070000,3495.32,3503.78,3403.11,3430.19,514718.0
1631073600,3430.19,3478.54,3414.94,3437.38,483508.0
1631077200,3438.07,3482.69,3406.11,3410.38,422449.0
1631080800,3410.39,3433.61,3283.5,3298.24,1202981.0
1631084400,3298.24,3348.22,3252.0,3260.23,725588.0
1631088000,3260.76,3377.0,3216.0,3361.69,1281372.0
1631091600,3360.88,3394.0,3333.43,3373.16,460395.0
1631095200,3373.16,3405.55,3313.63,3393.1,520459.0
1631098800,3393.23,3488.0,3371.58,3406.38,568301.0
1631102400,3406.39,3453.6,3391.16,3405.51,339567.0
1631106000,3405.71,3447.37,3360.18,3407.04,614476.0
1631109600,3406.12,3423.0,3348.83,3374.98,480231.0
1631113200,3374.99,3437.68,3374.08,3418.35,435416.0
1631116800,3418.34,3508.0,3400.0,3487.97,593201.0
1631120400,3488.48,3489.09,3446.11,3477.5,225439.0
1631124000,3477.49,3536.0,3463.95,3535.28,285624.0
1631127600,3535.29,3544.82,3505.16,3521.14,190686.0
1631131200,3521.15,3522.8,3455.89,3469.69,230764.0
1631134800,3470.45,3490.0,3442.0,3458.13,83765.0
1631138400,3457.45,3560.92,3450.85,3535.4,426616.0
1631142000,3535.4,3549.78,3478.66,3498.4,249697.0
1631145600,3497.68,3522.87,3462.41,3516.48,413010.0
1631149200,3516.47,3516.47,3463.0,3492.76,239710.0
1631152800,3492.76,3514.97,3445.78,3449.01,316675.0
1631156400,3449.01,3478.0,3425.69,3470.79,400072.0
1631160000,3470.8,3498.91,3464.14,3483.86,250940.0
1631163600,3483.86,3509.0,3474.26,3505.15,166196.0
1631167200,3505.15,3513.67,3479.3,3487.05,161950.0
1631170800,3486.63,3510.0,3455.0,3500.0,307907.0
1631174400,3500.0,3570.76,3487.02,3528.4,657572.0
1631178000,3528.4,3535.5,3496.31,3496.46,260723.0
1631181600,3496.47,3502.25,3449.38,3470.0,529744.0
1631185200,3469.99,3489.89,3461.36,3480.78,158143.0
1631188800,3480.78,3525.45,3390.01,3493.07,1246900.0
1631192400,3493.06,3555.51,3490.0,3512.46,702196.0
1631196000,3512.01,3552.0,3512.01,3522.94,254025.0
1631199600,3523.46,3538.62,3498.05,3522.1,237573.0
1631203200,3522.1,3557.0,3504.63,3539.51,296166.0
1631206800,3538.8,3552.0,3511.29,3512.73,166101.0
1631210400,3512.75,3520.01,3460.07,3472.56,344838.0
1631214000,3472.57,3486.0,3450.3,3463.83,174535.0
1631217600,3463.34,3478.7,3425.63,3433.14,273138.0
1631221200,3432.54,3472.42,3424.24,3458.94,109439.0
1631224800,3459.16,3475.27,3430.18,3449.25,131167.0
1631228400,3449.24,3466.0,3415.5,3425.11,175146.0
1631232000,3424.96,3465.0,3406.63,3453.36,359934.0
1631235600,3452.73,3517.09,3451.66,3501.99,366641.0
1631239200,3502.0,3503.0,3472.22,3473.04,196988.0
1631242800,3473.04,3476.94,3447.5,3467.0,270169.0
1631246400,3466.73,3481.99,3453.1,3455.49,169406.0
1631250000,3455.49,3459.85,3425.0,3457.25,423766.0
1631253600,3457.26,3461.54,3415.97,3420.76,268012.0
1631257200,3420.75,3434.05,3393.72,3406.1,614720.0
1631260800,3406.1,3434.16,3341.87,3375.99,1230550.0
1631264400,3375.99,3406.4,3350.0,3401.77,515903.0
1631268000,3401.78,3420.37,3383.68,3406.21,240655.0
1631271600,3405.46,3409.27,3372.33,3402.21,334639.0
1631275200,3402.22,3417.97,3371.0,3374.32,367967.0
1631278800,3374.31,3381.53,3311.32,3327.09,921654.0
1631282400,3325.92,3338.0,3218.4,3254.72,1695387.0
1631286000,3254.7,3313.83,3205.01,3298.1,924778.0
1631289600,3298.66,3307.5,3280.68,3296.8,336690.0
1631293200,3296.52,3339.31,3284.34,3334.26,322062.0
1631296800,3333.79,3342.91,3322.0,3327.91,216582.0
1631300400,3328.79,3331.76,3305.88,3311.71,168268.0
1631304000,3311.7,3330.18,3246.31,3249.19,241594.0
1631307600,3249.11,3272.48,3143.77,3182.04,441389.0
1631311200,3182.05,3222.6,3159.95,3173.25,430793.0
1631314800,3173.97,3216.25,3151.04,3209.54,307203.0
1631318400,3208.9,3254.46,3200.36,3241.65,344863.0
1631322000,3241.99,3290.37,3236.69,3272.98,284571.0
1631325600,3272.98,3297.16,3254.07,3268.99,274348.0
1631329200,3268.99,3271.23,3211.81,3242.37,330976.0
1631332800,3242.36,3287.0,3235.33,3267.89,286519.0
1631336400,3267.42,3277.0,3220.81,3266.82,268822.0
1631340000,3266.82,3279.52,3247.01,3268.07,175301.0
1631343600,3268.08,3273.72,3219.65,3248.63,306147.0
1631347200,3248.63,3264.96,3221.78,3254.48,260481.0
1631350800,3254.8,3282.0,3220.07,3279.37,427241.0
1631354400,3279.37,3316.88,3266.22,3308.12,424052.0
1631358000,3308.13,3312.49,3282.2,3292.76,194430.0
1631361600,3293.06,3344.0,3283.0,3318.01,388798.0
1631365200,3318.01,3332.81,3298.0,3322.55,195272.0
1631368800,3322.54,3347.86,3316.41,3326.69,235517.0
1631372400,3326.44,3326.75,3301.5,3310.14,157045.0
1631376000,3310.45,3341.96,3282.11,3328.68,311798.0
1631379600,3327.67,3338.3,3306.88,3316.94,93446.0
1631383200,3316.93,3317.37,3298.3,3314.19,74546.0
1631386800,3314.18,3323.76,3283.04,3297.5,135554.0
1631390400,3297.5,3305.34,3270.47,3295.46,178308.0
1631394000,3294.9,3309.62,3287.06,3297.6,94974.0
1631397600,3297.6,3297.6,3250.06,3253.65,207681.0
1631401200,3253.16,3268.4,3241.66,3268.0,205123.0
1631404800,3267.99,3279.99,3231.06,3255.77,290016.0
1631408400,3255.76,3264.0,3231.24,3253.17,197437.0
1631412000,3253.24,3294.83,3251.45,3291.01,330108.0
1631415600,3291.01,3330.0,3283.36,3327.71,328190.0
1631419200,3327.71,3335.63,3312.65,3315.59,181477.0
1631422800,3315.59,3334.81,3311.0,3328.14,149351.0
1631426400,3328.15,3340.0,3296.18,3297.33,274429.0
1631430000,3297.34,3325.98,3293.18,3321.86,249394.0
1631433600,3321.86,3440.99,3315.65,3438.85,987960.0
1631437200,3438.84,3453.32,3408.91,3414.92,296708.0
1631440800,3414.93,3433.88,3408.0,3427.17,181134.0
1631444400,3426.48,3439.9,3413.32,3438.14,161797.0
1631448000,3438.65,3474.25,3430.88,3435.12,359564.0
1631451600,3435.12,3448.54,3408.0,3424.5,330479.0
1631455200,3424.49,3441.53,3418.72,3419.25,146988.0
1631458800,3418.79,3431.45,3394.0,3416.71,243050.0
1631462400,3415.98,3439.99,3408.21,3412.22,218974.0
1631466000,3412.21,3426.14,3404.0,3419.36,95767.0
1631469600,3419.4,3426.99,3400.11,3407.48,97102.0
1631473200,3406.68,3414.29,3376.6,3407.06,149389.0
1631476800,3407.06,3438.77,3310.07,3320.53,437712.0
1631480400,3320.55,3339.0,3303.6,3336.76,252955.0
1631484000,3336.76,3383.95,3333.19,3380.59,221878.0
1631487600,3380.27,3452.24,3380.27,3405.01,375053.0
1631491200,3405.01,3431.02,3381.74,3394.2,257846.0
1631494800,3394.85,3400.0,3317.36,3329.29,609103.0
1631498400,3328.68,3347.23,3263.06,3291.88,599296.0
1631502000,3291.88,3311.2,3250.0,3257.86,479949.0
1631505600,3258.13,3285.68,3246.35,3279.9,453794.0
1631509200,3279.43,3297.81,3239.08,3281.5,460388.0
1631512800,3280.97,3288.75,3264.47,3279.2,178186.0
1631516400,3279.2,3284.45,3176.0,3203.62,878545.0
1631520000,3203.62,3214.8,3166.66,3203.61,551597.0
1631523600,3203.61,3228.53,3198.74,3209.35,316038.0
1631527200,3209.34,3242.35,3204.21,3233.92,316454.0
1631530800,3233.92,3256.83,3175.66,3251.18,589917.0
1631534400,3251.34,3256.0,3205.17,3211.09,328238.0
1631538000,3211.08,3389.59,3206.33,3315.13,1635925.0
1631541600,3315.13,3320.59,3107.0,3182.12,2307624.0
1631545200,3182.11,3224.14,3172.53,3202.35,389723.0
1631548800,3202.81,3212.99,3183.81,3208.44,278501.0
1631552400,3209.37,3226.84,3196.1,3220.04,166957.0
1631556000,3219.99,3234.6,3205.11,3221.26,133759.0
1631559600,3221.27,3262.44,3214.85,3255.05,166451.0
1631563200,3254.25,3299.34,3254.25,3289.77,196854.0
1631566800,3289.56,3307.5,3262.18,3276.03,126361.0
1631570400,3275.15,3303.91,3270.24,3287.11,152446.0
1631574000,3287.45,3301.05,3268.1,3283.66,155915.0
1631577600,3284.0,3339.63,3268.45,3316.86,640975.0
1631581200,3316.86,3340.0,3297.85,3305.02,317007.0
1631584800,3305.18,3311.29,3283.61,3285.01,214548.0
1631588400,3285.23,3317.05,3283.08,3293.51,179933.0
1631592000,3293.52,3307.71,3273.99,3278.95,172178.0
1631595600,3278.96,3299.8,3276.13,3289.1,117171.0
1631599200,3289.11,3334.44,3282.03,3320.06,427814.0
1631602800,3320.07,3337.13,3301.7,3311.95,288119.0
1631606400,3312.68,3359.52,3311.0,3343.25,382628.0
1631610000,3343.9,3366.0,3317.05,3324.99,305611.0
1631613600,3325.0,3343.68,3324.08,3342.27,169183.0
1631617200,3342.27,3346.57,3318.03,3330.57,211715.0
1631620800,3330.56,3358.38,3292.0,3350.24,551926.0
1631624400,3350.24,3367.23,3335.0,3339.49,338592.0
1631628000,3339.48,3344.5,3315.0,3342.13,307880.0
1631631600,3342.14,3411.76,3340.48,3388.92,683930.0
1631635200,3388.4,3401.35,3369.02,3372.0,292088.0
1631638800,3372.0,3386.45,3362.27,3380.68,128926.0
1631642400,3381.46,3381.46,3341.03,3356.3,214545.0
1631646000,3355.72,3368.5,3348.85,3349.94,76093.0
1631649600,3351.06,3389.69,3348.88,3376.79,109500.0
1631653200,3376.33,3378.62,3331.0,3346.5,139241.0
1631656800,3346.03,3430.0,3340.2,3420.97,392617.0
1631660400,3420.97,3437.95,3408.0,3436.49,161283.0
1631664000,3435.96,3454.44,3401.57,3402.55,272412.0
1631667600,3402.71,3420.41,3391.68,3400.76,170741.0
1631671200,3400.75,3423.53,3388.04,3415.23,179946.0
1631674800,3415.22,3415.23,3396.19,3396.19,147364.0
1631678400,3396.19,3408.88,3385.0,3394.76,174263.0
1631682000,3394.99,3402.53,3385.0,3393.46,130568.0
1631685600,3393.21,3395.5,3358.0,3380.39,362500.0
1631689200,3380.39,3412.0,3373.17,3403.7,184887.0
1631692800,3403.44,3414.31,3389.05,3394.45,200632.0
1631696400,3394.45,3406.0,3377.94,3383.51,216008.0
1631700000,3383.51,3434.87,3381.45,3423.8,364311.0
1631703600,3423.38,3423.52,3397.17,3410.48,209991.0
1631707200,3410.48,3444.0,3402.0,3405.79,307366.0
1631710800,3405.8,3440.61,3397.07,3430.01,318949.0
1631714400,3430.0,3446.26,3419.07,3435.03,250032.0
1631718000,3435.03,3507.28,3431.28,3497.34,879204.0
1631721600,3497.08,3532.86,3494.69,3509.08,569000.0
1631725200,3509.08,3556.18,3506.0,3538.99,317223.0
1631728800,3539.0,3547.85,3524.58,3540.51,185060.0
1631732400,3540.33,3547.47,3519.49,3534.46,137027.0
1631736000,3534.31,3578.2,3534.31,3552.91,284349.0
1631739600,3553.29,3576.56,3552.42,3561.88,105290.0
1631743200,3561.88,3596.97,3554.79,3594.15,174148.0
1631746800,3594.16,3623.33,3574.63,3613.88,285747.0
1631750400,3613.89,3627.31,3575.71,3581.72,345080.0
1631754000,3581.73,3603.74,3578.05,3590.66,184424.0
1631757600,3590.66,3606.74,3579.0,3584.62,179437.0
1631761200,3584.62,3586.25,3525.66,3542.88,581687.0
1631764800,3542.88,3677.64,3538.27,3651.85,1106799.0
1631768400,3651.85,3661.88,3627.36,3631.06,249542.0
1631772000,3631.07,3647.61,3628.17,3633.87,158910.0
1631775600,3633.88,3649.54,3628.07,3634.92,155757.0
1631779200,3634.92,3637.26,3594.36,3625.6,388103.0
1631782800,3625.59,3631.66,3605.45,3610.06,221349.0
1631786400,3610.05,3617.11,3568.05,3593.77,471275.0
1631790000,3593.77,3626.86,3585.3,3619.33,230059.0
1631793600,3618.86,3645.65,3593.0,3627.37,412696.0
1631797200,3627.37,3640.69,3552.0,3559.3,540630.0
1631800800,3559.31,3588.0,3535.0,3575.39,643517.0
1631804400,3575.38,3635.5,3557.0,3618.4,535563.0
1631808000,3618.1,3635.4,3599.68,3602.3,230144.0
1631811600,3602.3,3614.73,3540.0,3546.27,380191.0
1631815200,3546.28,3582.66,3541.81,3582.66,247372.0
1631818800,3582.66,3592.41,3563.44,3563.44,126929.0
1631822400,3563.45,3579.8,3481.52,3497.86,526242.0
1631826000,3497.85,3561.57,3491.26,3559.43,173669.0
1631829600,3559.42,3570.71,3534.35,3554.09,139959.0
1631833200,3554.09,3578.4,3545.34,3567.94,108651.0
1631836800,3567.95,3588.37,3535.0,3535.74,223086.0
1631840400,3535.74,3596.14,3527.72,3587.73,255515.0
1631844000,3587.73,3594.0,3555.0,3557.2,139041.0
1631847600,3558.05,3582.96,3550.0,3562.91,169794.0
1631851200,3563.08,3580.0,3543.0,3577.76,201156.0
1631854800,3577.52,3585.0,3548.24,3561.99,214914.0
1631858400,3561.99,3571.55,3538.01,3566.4,228474.0
1631862000,3565.56,3575.2,3513.52,3521.87,393898.0
1631865600,3521.63,3537.0,3507.33,3530.67,291013.0
1631869200,3530.67,3545.93,3498.51,3505.76,328142.0
1631872800,3505.75,3519.0,3432.0,3461.18,864521.0
1631876400,3460.49,3480.89,3424.0,3448.95,459913.0
1631880000,3448.94,3455.0,3403.5,3454.52,577726.0
1631883600,3454.55,3469.71,3426.0,3449.34,389434.0
1631887200,3449.31,3477.93,3446.44,3474.71,344646.0
1631890800,3474.71,3476.09,3441.58,3448.94,234797.0
1631894400,3449.01,3470.16,3424.91,3457.72,330645.0
1631898000,3456.78,3464.17,3410.42,3411.93,259851.0
1631901600,3411.93,3413.71,3360.0,3398.68,798760.0
1631905200,3398.68,3426.49,3381.05,3423.96,204230.0
1631908800,3423.96,3426.76,3373.01,3375.51,200746.0
1631912400,3375.5,3408.64,3346.08,3408.64,241026.0
1631916000,3408.63,3420.0,3365.0,3373.16,223174.0
1631919600,3373.9,3416.4,3367.08,3399.44,200440.0
1631923200,3399.44,3409.39,3368.76,3408.99,261635.0
1631926800,3408.99,3424.79,3396.0,3409.58,177364.0
1631930400,3409.58,3436.89,3407.01,3418.5,170124.0
1631934000,3419.01,3452.99,3416.48,3451.02,232037.0
1631937600,3451.03,3492.98,3447.36,3480.23,379331.0
1631941200,3480.24,3519.8,3470.01,3510.73,407551.0
1631944800,3511.04,3525.09,3486.88,3494.91,303928.0
1631948400,3494.92,3514.0,3490.85,3501.65,167067.0
1631952000,3501.99,3528.64,3501.99,3513.15,272100.0
1631955600,3513.15,3532.27,3501.0,3516.64,194052.0
1631959200,3517.19,3544.84,3508.68,3522.22,221504.0
1631962800,3522.21,3535.63,3490.33,3496.0,236954.0
1631966400,3496.25,3517.98,3482.84,3488.52,362508.0
1631970000,3488.51,3506.8,3464.4,3481.99,268469.0
1631973600,3481.98,3492.0,3470.1,3482.36,209568.0
1631977200,3482.36,3488.73,3465.0,3474.9,200030.0
1631980800,3475.0,3491.4,3436.23,3442.67,393820.0
1631984400,3442.67,3460.89,3428.48,3455.5,257559.0
1631988000,3455.5,3456.85,3433.03,3451.64,114600.0
1631991600,3451.64,3451.64,3421.1,3446.89,239933.0
1631995200,3446.89,3449.05,3375.96,3395.59,398569.0
1631998800,3395.55,3407.7,3384.97,3388.65,95179.0
1632002400,3388.65,3421.73,3383.0,3419.49,96781.0
1632006000,3419.23,3440.38,3405.89,3435.57,154138.0
1632009600,3435.46,3442.29,3402.66,3405.64,143951.0
1632013200,3404.76,3421.29,3372.0,3415.99,281246.0
1632016800,3415.99,3437.38,3406.18,3420.53,183718.0
1632020400,3420.26,3425.91,3404.69,3413.38,133278.0
1632024000,3413.38,3433.52,3397.31,3411.19,188593.0
1632027600,3411.2,3427.96,3403.37,3423.51,122195.0
1632031200,3423.51,3434.73,3414.21,3434.37,144468.0
1632034800,3434.37,3457.12,3425.11,3439.98,279984.0
1632038400,3439.7,3452.48,3436.04,3441.7,173977.0
1632042000,3441.7,3448.98,3417.37,3423.01,196759.0
1632045600,3423.0,3428.0,3406.97,3408.62,155456.0
1632049200,3408.62,3408.63,3300.0,3325.65,881065.0
1632052800,3325.12,3345.0,3311.67,3339.4,466656.0
1632056400,3339.4,3356.46,3333.56,3350.99,202208.0
1632060000,3350.99,3365.71,3342.2,3342.2,228931.0
1632063600,3342.21,3380.0,3339.1,3362.87,236015.0
1632067200,3362.88,3375.05,3352.11,3356.1,186580.0
1632070800,3356.1,3367.74,3326.37,3343.69,267470.0
1632074400,3343.7,3379.55,3334.43,3362.22,217293.0
1632078000,3363.48,3367.67,3332.01,3337.36,128082.0
1632081600,3337.36,3364.83,3328.48,3359.61,87424.0
1632085200,3358.89,3365.11,3335.08,3343.72,73141.0
1632088800,3343.73,3359.9,3278.04,3297.7,545183.0
1632092400,3297.79,3333.79,3287.47,3329.3,205249.0
1632096000,3329.29,3347.59,3263.49,3286.05,487292.0
1632099600,3285.24,3318.91,3276.51,3312.93,215835.0
1632103200,3312.93,3316.55,3204.49,3207.65,883236.0
1632106800,3207.5,3217.7,3152.5,3188.09,909499.0
1632110400,3188.1,3218.19,3164.28,3201.94,398676.0
1632114000,3201.07,3219.79,3191.87,3203.57,153949.0
1632117600,3203.66,3212.23,3168.8,3185.86,312368.0
1632121200,3185.86,3204.49,3088.1,3127.99,1163127.0
1632124800,3127.52,3169.58,3112.7,3157.0,561324.0
1632128400,3156.99,3171.13,3130.93,3133.82,338044.0
1632132000,3133.82,3179.55,3106.75,3123.7,862608.0
1632135600,3123.69,3133.0,3007.06,3043.36,1742680.0
1632139200,3043.36,3072.51,2907.65,3024.85,2000198.0
1632142800,3024.85,3090.0,2982.88,3085.38,1153910.0
1632146400,3085.38,3092.19,3042.42,3059.49,541281.0
1632150000,3059.48,3098.0,3035.35,3087.59,598067.0
1632153600,3087.33,3124.78,3061.73,3092.15,480580.0
1632157200,3092.15,3114.34,3071.85,3098.08,291471.0
1632160800,3098.08,3106.93,3009.44,3021.41,515895.0
1632164400,3021.38,3077.88,2976.82,3073.97,766283.0
1632168000,3074.07,3084.13,2986.84,3020.37,431304.0
1632171600,3020.59,3051.92,3007.97,3017.91,268904.0
1632175200,3017.9,3062.8,2964.12,2993.2,319295.0
1632178800,2993.3,3016.32,2946.97,2978.97,451263.0
1632182400,2978.77,2980.34,2804.7,2882.42,1826036.0
1632186000,2882.43,2999.0,2872.0,2992.57,708541.0
1632189600,2992.57,3030.49,2979.36,3016.2,558536.0
1632193200,3016.01,3021.73,2984.37,2998.19,370116.0
1632196800,2998.19,3022.19,2964.58,2976.21,403890.0
1632200400,2976.21,3011.64,2951.12,2996.07,523122.0
1632204000,2996.07,3050.7,2996.07,3038.93,423952.0
1632207600,3038.94,3073.84,3027.0,3072.79,429301.0
1632211200,3072.78,3089.0,3054.84,3076.59,465895.0
1632214800,3076.0,3087.76,3039.27,3050.52,266692.0
1632218400,3050.53,3109.0,3041.0,3082.3,396160.0
1632222000,3082.29,3089.19,3055.5,3061.99,274332.0
1632225600,3062.0,3086.09,3022.1,3025.36,571974.0
1632229200,3025.37,3059.99,3008.0,3032.26,496137.0
1632232800,3032.66,3036.09,2964.64,2991.69,656562.0
1632236400,2991.38,3061.9,2986.74,3036.87,541040.0
1632240000,3036.52,3049.58,2934.61,2943.74,730632.0
1632243600,2943.75,2954.2,2874.25,2898.83,1049593.0
1632247200,2898.84,2958.0,2888.9,2900.0,649106.0
1632250800,2899.62,2919.17,2863.63,2886.27,390279.0
1632254400,2886.55,2921.72,2750.13,2766.95,1315519.0
1632258000,2768.01,2880.0,2645.62,2819.69,1118003.0
1632261600,2819.69,2834.56,2713.92,2721.87,583751.0
1632265200,2722.91,2772.38,2718.22,2764.16,582141.0
1632268800,2764.75,2827.27,2736.81,2775.08,614823.0
1632272400,2775.07,2890.0,2756.8,2868.59,981101.0
1632276000,2868.6,2876.0,2847.54,2859.53,461451.0
1632279600,2859.37,2896.53,2857.29,2867.3,694744.0
1632283200,2867.35,2874.43,2833.0,2843.1,448601.0
1632286800,2843.1,2893.34,2843.1,2872.9,497533.0
1632290400,2873.11,2935.0,2853.05,2930.11,538339.0
1632294000,2930.81,2959.85,2913.9,2942.55,645361.0
1632297600,2942.32,2956.6,2920.94,2926.14,308989.0
1632301200,2926.49,2945.86,2907.3,2944.5,310528.0
1632304800,2944.49,2952.84,2910.24,2930.21,297917.0
1632308400,2929.93,2937.41,2882.44,2895.33,362612.0
1632312000,2895.33,2923.87,2882.39,2920.23,315857.0
1632315600,2920.23,2976.99,2915.0,2951.09,692375.0
1632319200,2951.09,2968.6,2926.31,2933.66,399708.0
1632322800,2933.66,3014.69,2933.66,3007.25,741367.0
1632326400,3007.45,3046.72,2995.02,3042.13,489731.0
1632330000,3041.99,3054.1,2994.0,3016.72,374024.0
1632333600,3016.57,3089.47,3002.0,3013.33,1000187.0
1632337200,3013.32,3041.78,2990.16,3024.04,314910.0
1632340800,3022.91,3036.6,3005.26,3025.99,132131.0
1632344400,3025.89,3056.42,3011.8,3034.5,110712.0
1632348000,3034.5,3074.21,3027.27,3068.79,213954.0
1632351600,3068.79,3079.65,3046.74,3076.91,168247.0
1632355200,3076.56,3098.61,3038.01,3042.71,487749.0
1632358800,3042.71,3076.33,3033.27,3070.0,291424.0
1632362400,3070.41,3086.75,3052.94,3075.95,224645.0
1632366000,3075.96,3122.75,3066.01,3119.13,534934.0
1632369600,3119.13,3136.59,3101.72,3113.28,386964.0
1632373200,3112.69,3135.0,3105.21,3113.17,244398.0
1632376800,3113.22,3138.8,3097.2,3134.53,268144.0
1632380400,3134.54,3145.88,3113.11,3144.49,350594.0
1632384000,3144.49,3148.42,3113.81,3118.39,320590.0
1632387600,3118.31,3136.22,3105.34,3112.56,303646.0
1632391200,3112.55,3126.34,3063.48,3086.6,621461.0
1632394800,3086.6,3090.9,3041.93,3060.39,471392.0
1632398400,3060.05,3093.8,3047.35,3069.15,410644.0
1632402000,3069.01,3123.42,3062.67,3110.82,463082.0
1632405600,3110.99,3143.0,3106.07,3134.24,335344.0
1632409200,3134.01,3137.92,3086.8,3092.01,335381.0
1632412800,3092.0,3117.18,3085.36,3102.0,310117.0
1632416400,3101.99,3173.93,3101.99,3161.28,666179.0
1632420000,3162.73,3173.67,3125.37,3145.35,266509.0
1632423600,3147.98,3158.09,3137.45,3147.22,78894.0
1632427200,3147.12,3148.75,3120.95,3140.59,103593.0
1632430800,3140.59,3149.94,3131.29,3143.35,46025.0
1632434400,3143.36,3163.55,3122.38,3139.3,368470.0
1632438000,3139.22,3157.0,3123.01,3152.59,238217.0
1632441600,3152.59,3159.11,3124.13,3126.03,317160.0
1632445200,3126.25,3137.6,3088.21,3096.28,431738.0
1632448800,3096.49,3108.73,3080.4,3101.62,451576.0
1632452400,3101.62,3112.4,3069.46,3074.57,363743.0
1632456000,3074.57,3087.76,3057.2,3078.98,380602.0
1632459600,3078.97,3082.9,3040.0,3073.11,545552.0
1632463200,3073.12,3094.65,3059.18,3059.9,343932.0
1632466800,3059.64,3117.8,3056.76,3086.54,924568.0
1632470400,3086.67,3112.98,3041.17,3056.01,521944.0
1632474000,3056.01,3061.05,2856.4,2859.84,2932683.0
1632477600,2859.83,2905.0,2806.93,2833.78,1354229.0
1632481200,2833.79,2850.0,2730.91,2825.2,2015326.0
1632484800,2825.41,2849.74,2791.43,2804.8,754849.0
1632488400,2804.8,2876.61,2765.35,2862.06,1077230.0
1632492000,2861.3,2940.83,2856.12,2896.0,1304805.0
1632495600,2895.99,2903.53,2842.34,2876.36,591445.0
1632499200,2876.36,2916.75,2867.73,2905.72,385212.0
1632502800,2905.71,2905.71,2859.33,2881.3,354709.0
1632506400,2881.42,2910.94,2875.57,2892.09,201320.0
1632510000,2891.72,2922.52,2883.19,2901.09,226665.0
1632513600,2901.1,2954.24,2898.78,2944.13,328949.0
1632517200,2943.77,2981.63,2936.19,2958.11,303855.0
1632520800,2958.12,2968.62,2942.74,2957.16,164469.0
1632524400,2957.16,2961.73,2906.17,2927.65,250173.0
1632528000,2927.66,2955.59,2910.31,2944.08,344168.0
1632531600,2943.54,2948.0,2874.0,2910.61,477550.0
1632535200,2911.0,2930.4,2891.4,2895.36,286872.0
1632538800,2895.37,2927.87,2893.44,2911.41,259074.0
1632542400,2911.41,2945.0,2911.41,2930.2,323090.0
1632546000,2930.21,2943.75,2905.0,2908.29,280873.0
1632549600,2908.28,2936.83,2905.01,2930.67,182445.0
1632553200,2930.68,2932.51,2881.39,2885.82,408501.0
1632556800,2885.82,2923.36,2800.0,2908.23,1515418.0
1632560400,2908.24,2954.63,2885.31,2938.32,767206.0
1632564000,2938.33,2970.59,2933.09,2939.51,319208.0
1632567600,2939.52,2939.52,2891.54,2912.79,354940.0
1632571200,2913.02,2925.61,2898.42,2905.62,246074.0
1632574800,2905.22,2946.9,2892.44,2903.04,497552.0
1632578400,2903.05,2916.46,2852.0,2871.78,752803.0
1632582000,2871.77,2946.92,2844.96,2923.42,775723.0
1632585600,2922.84,2932.81,2849.21,2900.2,737847.0
1632589200,2900.2,2913.0,2887.36,2897.95,130695.0
1632592800,2897.95,2916.8,2883.84,2897.17,156029.0
1632596400,2897.61,2929.0,2888.03,2917.38,147520.0
1632600000,2917.03,2941.0,2899.77,2919.8,117963.0
1632603600,2919.8,2924.31,2892.22,2913.21,84640.0
1632607200,2913.28,2940.88,2910.9,2932.9,133587.0
1632610800,2932.91,2946.58,2905.0,2922.22,297140.0
1632614400,2922.21,2931.9,2871.68,2897.12,403567.0
1632618000,2896.56,2902.87,2861.49,2875.72,272325.0
1632621600,2875.72,2877.84,2845.0,2857.34,337119.0
1632625200,2857.33,2883.61,2841.0,2866.66,291848.0
1632628800,2866.67,2866.67,2818.22,2846.76,445841.0
1632632400,2846.76,2865.78,2829.96,2839.35,263580.0
1632636000,2839.35,2850.3,2812.69,2815.47,393842.0
1632639600,2815.47,2836.17,2737.87,2772.23,1446425.0
1632643200,2772.03,2798.77,2737.03,2784.35,885562.0
1632646800,2784.76,3031.74,2777.78,2982.7,1708369.0
1632650400,2982.71,3010.19,2931.0,2953.09,642255.0
1632654000,2953.1,2986.36,2953.1,2973.65,230151.0
1632657600,2973.65,3030.5,2973.65,3011.41,485939.0
1632661200,3010.7,3019.95,2981.8,3002.44,266666.0
1632664800,3002.44,3044.27,2990.56,3030.35,405942.0
1632668400,3030.35,3058.0,3016.38,3052.67,274197.0
1632672000,3053.0,3075.78,3030.01,3037.72,357061.0
1632675600,3036.61,3059.0,3031.13,3036.79,135847.0
1632679200,3037.26,3058.44,3036.34,3041.82,93523.0
1632682800,3041.37,3072.39,3037.15,3057.28,120239.0
1632686400,3057.5,3101.75,3057.5,3087.5,254167.0
1632690000,3087.85,3090.79,3063.94,3085.61,61453.0
1632693600,3085.61,3118.66,3016.0,3017.62,403181.0
1632697200,3018.03,3065.83,3009.53,3058.62,369891.0
1632700800,3058.63,3147.76,3028.0,3138.39,453659.0
1632704400,3138.38,3166.16,3120.68,3159.0,400833.0
1632708000,3158.99,3164.71,3112.0,3139.82,312195.0
1632711600,3139.86,3149.0,3107.67,3132.3,198540.0
1632715200,3131.96,3148.76,3114.8,3121.46,217607.0
1632718800,3122.02,3137.79,3117.58,3130.74,154712.0
1632722400,3130.75,3149.0,3088.0,3090.31,340180.0
1632726000,3090.3,3109.81,3075.12,3091.7,411417.0
1632729600,3091.74,3119.72,3087.07,3109.98,247326.0
1632733200,3109.99,3138.93,3077.44,3091.09,483660.0
1632736800,3091.09,3118.15,3086.29,3101.29,223732.0
1632740400,3101.01,3111.45,3076.78,3093.04,254408.0
1632744000,3093.04,3101.19,3055.0,3073.6,444795.0
1632747600,3073.6,3091.91,3054.28,3070.07,266749.0
1632751200,3069.66,3128.13,3033.21,3051.56,736091.0
1632754800,3051.57,3063.0,3031.17,3059.16,350964.0
1632758400,3059.28,3061.7,2982.73,3008.28,598425.0
1632762000,3008.59,3029.2,2987.02,3000.29,324802.0
1632765600,3000.29,3013.3,2984.14,3000.0,176375.0
1632769200,3000.75,3008.69,2985.45,2993.87,122124.0
1632772800,2993.48,2993.48,2951.01,2953.85,313993.0
1632776400,2953.85,2999.0,2942.93,2995.56,114816.0
1632780000,2995.55,3028.77,2980.43,3002.53,216551.0
1632783600,3002.52,3005.06,2922.6,2924.68,448260.0
1632787200,2924.68,2956.5,2903.31,2931.74,360915.0
1632790800,2931.18,2947.95,2893.15,2936.25,311294.0
1632794400,2936.29,2958.88,2922.83,2938.19,216323.0
1632798000,2938.12,2953.88,2931.01,2947.98,157867.0
1632801600,2947.98,2972.1,2941.94,2960.19,199078.0
1632805200,2960.84,2965.86,2935.07,2942.74,215943.0
1632808800,2942.74,2947.93,2903.89,2930.81,329016.0
1632812400,2930.44,2935.47,2882.54,2893.68,519245.0
1632816000,2894.01,2939.0,2875.23,2907.87,846267.0
1632819600,2907.87,2931.11,2890.47,2910.16,310314.0
1632823200,2910.16,2919.5,2886.08,2901.83,300863.0
1632826800,2901.43,2942.96,2896.18,2926.69,309302.0
1632830400,2926.7,2933.53,2894.84,2900.1,259671.0
1632834000,2900.09,2960.0,2896.15,2914.98,835137.0
1632837600,2915.02,2920.01,2842.28,2862.89,814743.0
1632841200,2862.45,2870.0,2836.75,2844.46,319732.0
1632844800,2844.05,2872.96,2811.71,2820.41,486301.0
1632848400,2820.78,2835.0,2802.76,2829.61,298246.0
1632852000,2828.8,2857.38,2805.63,2836.07,259453.0
1632855600,2836.06,2855.58,2818.23,2837.91,205857.0
1632859200,2837.91,2894.79,2835.79,2862.27,421475.0
1632862800,2862.1,2882.6,2860.37,2882.5,83889.0
1632866400,2882.5,2884.42,2831.06,2834.03,126150.0
1632870000,2834.11,2849.0,2786.18,2804.99,363557.0
1632873600,2804.41,2860.98,2790.0,2844.99,530047.0
1632877200,2844.99,2871.88,2831.34,2852.18,331563.0
1632880800,2851.79,2881.48,2851.79,2867.48,276581.0
1632884400,2867.73,2907.54,2852.43,2896.45,375637.0
1632888000,2896.46,2934.83,2890.11,2907.75,422606.0
1632891600,2907.75,2917.37,2890.65,2909.4,291328.0
1632895200,2909.5,2932.41,2900.02,2928.09,210283.0
1632898800,2928.09,2929.43,2913.16,2923.93,155704.0
1632902400,2923.93,2928.75,2906.22,2917.61,192870.0
1632906000,2917.62,2917.62,2895.53,2910.8,259599.0
1632909600,2910.79,2950.0,2907.92,2927.58,460766.0
1632913200,2927.58,2938.55,2914.25,2932.89,172837.0
1632916800,2932.89,2949.35,2892.25,2910.79,395312.0
1632920400,2910.25,2925.54,2896.0,2917.69,336653.0
1632924000,2917.69,2933.94,2913.01,2924.79,224997.0
1632927600,2924.79,2933.76,2851.23,2861.91,610769.0
1632931200,2861.91,2871.99,2836.77,2844.66,368323.0
1632934800,2844.47,2851.85,2811.29,2814.14,339125.0
1632938400,2814.14,2831.8,2802.0,2818.53,369609.0
1632942000,2818.14,2832.22,2805.01,2809.45,189201.0
1632945600,2810.0,2826.44,2780.58,2822.67,338786.0
1632949200,2822.66,2835.86,2804.99,2822.07,116476.0
1632952800,2822.08,2846.0,2813.11,2837.31,179389.0
1632956400,2837.3,2854.86,2831.23,2850.11,171113.0
1632960000,2850.12,2939.54,2838.5,2933.56,686140.0
1632963600,2933.57,2990.7,2918.0,2961.91,827459.0
1632967200,2961.92,2994.41,2957.82,2992.3,326043.0
1632970800,2992.3,3038.51,2973.68,3029.32,690927.0
1632974400,3029.32,3051.66,3016.81,3019.75,484963.0
1632978000,3019.76,3043.21,3019.76,3028.79,214987.0
1632981600,3028.79,3046.82,3020.59,3021.88,273505.0
1632985200,3021.89,3026.25,2995.45,3004.1,379401.0
1632988800,3003.32,3013.88,2960.0,2976.68,597690.0
1632992400,2976.69,2995.51,2968.26,2981.08,306323.0
1632996000,2981.08,3006.76,2941.57,2951.45,479016.0
1632999600,2951.51,2966.94,2944.4,2963.34,350362.0
1633003200,2963.35,3031.46,2960.11,3008.44,707316.0
1633006800,3008.44,3016.5,2964.75,2973.5,562414.0
1633010400,2973.52,2984.75,2952.97,2978.23,453563.0
1633014000,2978.47,3015.0,2969.12,2985.46,485142.0
1633017600,2985.46,2997.55,2963.34,2982.88,395673.0
1633021200,2982.88,3005.8,2975.13,2994.99,310212.0
1633024800,2994.99,3047.83,2991.21,3036.84,464347.0
1633028400,3036.85,3043.44,2991.01,2991.6,237059.0
1633032000,2991.61,3015.26,2955.0,2971.56,317026.0
1633035600,2971.55,3011.1,2966.52,3004.5,104906.0
1633039200,3004.51,3022.4,2992.44,3003.0,146659.0
1633042800,3003.0,3011.84,2984.03,2999.67,149572.0
1633046400,3000.25,3041.45,2998.19,3019.72,391029.0
1633050000,3019.72,3029.6,2996.11,3020.88,271430.0
1633053600,3020.87,3028.6,2978.17,2988.41,278557.0
1633057200,2988.41,3011.38,2967.3,3001.46,313047.0
1633060800,3001.45,3018.76,2989.0,2999.34,206270.0
1633064400,2999.35,3020.97,2992.0,3016.76,198192.0
1633068000,3017.0,3029.5,3005.03,3026.82,315534.0
1633071600,3026.83,3098.29,3015.09,3091.0,869371.0
1633075200,3091.31,3125.5,3091.31,3120.79,553027.0
1633078800,3120.8,3136.5,3108.83,3114.93,346786.0
1633082400,3114.94,3258.34,3106.62,3206.94,1949371.0
1633086000,3206.94,3247.86,3201.77,3237.01,530921.0
1633089600,3237.0,3280.26,3220.11,3222.38,761576.0
1633093200,3222.38,3233.0,3200.27,3201.11,278397.0
1633096800,3201.11,3225.73,3178.55,3211.47,481393.0
1633100400,3211.9,3241.39,3206.26,3235.48,287232.0
1633104000,3235.87,3279.32,3223.65,3275.78,546993.0
1633107600,3275.79,3287.99,3260.71,3274.57,279463.0
1633111200,3274.77,3299.88,3252.55,3292.55,272091.0
1633114800,3292.03,3320.0,3281.42,3297.44,297691.0
1633118400,3297.59,3315.88,3275.62,3290.02,302411.0
1633122000,3290.01,3333.0,3280.47,3324.62,236438.0
1633125600,3324.63,3326.79,3271.15,3286.85,254857.0
1633129200,3286.85,3310.86,3280.32,3308.97,124813.0
1633132800,3309.5,3319.78,3276.0,3295.87,276824.0
1633136400,3295.0,3344.56,3283.62,3297.86,416771.0
1633140000,3297.47,3312.0,3288.12,3292.01,240735.0
1633143600,3292.01,3296.85,3262.52,3269.1,260084.0
1633147200,3269.1,3282.0,3258.78,3273.8,193909.0
1633150800,3273.81,3300.3,3267.09,3280.21,242385.0
1633154400,3280.2,3293.32,3272.66,3283.81,142108.0
1633158000,3283.8,3292.92,3276.72,3280.31,195079.0
1633161600,3280.32,3289.32,3263.81,3284.71,208636.0
1633165200,3284.72,3321.07,3282.36,3300.0,274521.0
1633168800,3300.0,3300.0,3276.12,3283.58,195594.0
1633172400,3284.3,3299.48,3266.7,3295.79,174182.0
1633176000,3295.99,3310.51,3287.81,3300.37,191049.0
1633179600,3300.37,3352.95,3293.0,3313.0,613839.0
1633183200,3313.0,3375.0,3312.03,3366.73,546650.0
1633186800,3366.86,3399.94,3357.25,3386.99,438499.0
1633190400,3386.47,3436.8,3370.51,3434.78,611870.0
1633194000,3434.78,3449.0,3418.14,3430.43,302136.0
1633197600,3430.44,3443.37,3411.34,3438.8,183562.0
1633201200,3438.98,3468.58,3438.01,3468.49,262194.0
1633204800,3468.48,3469.83,3421.56,3426.07,205443.0
1633208400,3426.08,3450.0,3426.08,3448.07,56165.0
1633212000,3448.06,3474.87,3422.36,3424.52,195985.0
1633215600,3423.63,3434.25,3365.72,3387.85,493569.0
1633219200,3387.84,3411.76,3342.02,3365.22,466248.0
1633222800,3365.21,3398.14,3362.82,3389.72,245921.0
1633226400,3389.31,3426.0,3384.59,3401.01,301174.0
1633230000,3401.0,3408.12,3382.14,3406.59,216611.0
1633233600,3406.59,3409.71,3393.39,3398.48,117989.0
1633237200,3398.48,3427.34,3395.27,3417.39,180021.0
1633240800,3417.39,3419.42,3405.0,3413.47,120049.0
1633244400,3413.46,3413.46,3388.23,3393.75,156173.0
1633248000,3393.75,3415.0,3391.0,3392.31,142893.0
1633251600,3392.32,3394.42,3370.67,3392.16,324742.0
1633255200,3392.17,3407.66,3380.17,3391.5,212452.0
1633258800,3391.49,3422.56,3388.1,3414.35,190601.0
1633262400,3414.35,3425.63,3402.34,3408.64,146714.0
1633266000,3408.64,3449.0,3403.0,3437.1,326330.0
1633269600,3437.1,3440.48,3415.79,3424.98,158307.0
1633273200,3425.4,3428.36,3393.78,3404.74,206951.0
1633276800,3404.74,3427.99,3400.36,3420.01,189335.0
1633280400,3420.0,3487.26,3403.23,3464.98,564386.0
1633284000,3464.82,3486.35,3440.88,3464.09,385406.0
1633287600,3464.09,3490.62,3461.64,3467.5,136566.0
1633291200,3467.5,3472.81,3420.57,3422.72,205600.0
1633294800,3422.72,3427.26,3382.0,3392.13,327886.0
1633298400,3392.12,3434.59,3388.64,3408.73,248914.0
1633302000,3409.38,3434.41,3400.38,3418.16,134747.0
1633305600,3418.16,3425.94,3360.88,3367.58,401378.0
1633309200,3367.59,3398.56,3346.32,3376.01,444725.0
1633312800,3376.5,3381.92,3350.81,3360.54,285061.0
1633316400,3360.53,3363.82,3322.42,3337.35,424751.0
1633320000,3337.35,3362.42,3323.38,3355.0,377596.0
1633323600,3355.01,3371.99,3355.01,3364.34,135059.0
1633327200,3363.93,3363.93,3338.38,3347.68,162742.0
1633330800,3347.68,3383.0,3337.0,3378.6,210862.0
1633334400,3378.63,3384.0,3338.0,3350.78,291936.0
1633338000,3350.78,3360.0,3338.8,3353.78,141943.0
1633341600,3353.78,3358.0,3326.5,3344.69,245177.0
1633345200,3344.7,3347.34,3291.17,3313.5,457193.0
1633348800,3313.49,3354.34,3300.0,3344.32,374575.0
1633352400,3344.32,3397.6,3343.0,3388.38,523090.0
1633356000,3388.38,3428.9,3295.68,3319.04,1059947.0
1633359600,3319.38,3328.16,3268.18,3323.65,812695.0
1633363200,3323.0,3395.77,3311.63,3363.7,722896.0
1633366800,3363.38,3418.2,3332.95,3411.76,639651.0
1633370400,3412.91,3441.43,3391.94,3421.63,370837.0
1633374000,3422.09,3433.78,3393.65,3417.53,205519.0
1633377600,3417.53,3425.2,3382.55,3383.95,182108.0
1633381200,3383.96,3398.71,3370.12,3398.08,110572.0
1633384800,3398.09,3411.28,3355.03,3373.03,233075.0
1633388400,3372.58,3406.46,3371.0,3385.9,228171.0
1633392000,3386.79,3419.96,3363.03,3405.38,387909.0
1633395600,3405.24,3414.84,3383.82,3384.35,190141.0
1633399200,3384.35,3392.72,3371.74,3388.73,168815.0
1633402800,3389.21,3398.6,3375.22,3387.75,143417.0
1633406400,3387.74,3394.99,3365.0,3368.07,165003.0
1633410000,3368.07,3388.0,3365.25,3383.19,137540.0
1633413600,3383.19,3395.54,3378.55,3383.62,160950.0
1633417200,3383.65,3403.98,3381.0,3387.59,214719.0
1633420800,3387.58,3420.0,3381.34,3417.29,302347.0
1633424400,3417.28,3454.62,3382.89,3451.58,591449.0
1633428000,3452.27,3476.66,3427.14,3438.0,456702.0
1633431600,3437.99,3458.7,3434.63,3446.66,175180.0
1633435200,3445.91,3462.67,3434.77,3453.68,184933.0
1633438800,3453.75,3462.96,3433.54,3456.97,192524.0
1633442400,3456.98,3471.13,3416.0,3430.63,403906.0
1633446000,3430.62,3448.86,3417.1,3420.65,214299.0
1633449600,3420.66,3437.91,3408.36,3434.99,214510.0
1633453200,3434.99,3441.33,3422.43,3434.14,76790.0
1633456800,3434.13,3459.99,3433.68,3458.0,140158.0
1633460400,3457.03,3497.28,3450.78,3490.75,269818.0
1633464000,3491.32,3535.0,3488.49,3523.82,372628.0
1633467600,3523.83,3542.54,3512.51,3536.78,122769.0
1633471200,3536.78,3548.55,3506.47,3511.76,221544.0
1633474800,3511.77,3526.01,3509.07,3516.19,121879.0
1633478400,3516.89,3541.23,3504.6,3524.0,249087.0
1633482000,3524.66,3524.66,3472.03,3493.15,335007.0
1633485600,3493.14,3505.33,3483.63,3501.25,124609.0
1633489200,3501.25,3501.81,3476.0,3486.47,183607.0
1633492800,3486.17,3493.05,3462.0,3473.39,209444.0
1633496400,3473.39,3497.67,3456.0,3493.13,350331.0
1633500000,3493.01,3501.76,3486.06,3488.88,128161.0
1633503600,3488.88,3488.88,3437.0,3453.9,364565.0
1633507200,3453.89,3457.97,3351.66,3379.34,836964.0
1633510800,3378.98,3382.89,3340.0,3362.77,484776.0
1633514400,3362.76,3392.0,3352.2,3375.91,331573.0
1633518000,3375.91,3408.74,3361.13,3381.01,309441.0
1633521600,3381.0,3461.0,3372.4,3457.7,629090.0
1633525200,3457.71,3633.38,3444.0,3582.87,1947657.0
1633528800,3582.93,3601.39,3550.13,3599.89,446956.0
1633532400,3599.88,3634.69,3587.97,3616.92,473628.0
1633536000,3616.02,3624.94,3572.88,3598.18,358337.0
1633539600,3598.18,3599.0,3563.07,3578.91,150563.0
1633543200,3578.92,3611.89,3578.92,3584.7,145557.0
1633546800,3583.19,3598.42,3572.0,3589.67,104849.0
1633550400,3589.52,3600.83,3554.95,3562.15,145758.0
1633554000,3562.15,3591.33,3550.0,3585.18,93501.0
1633557600,3585.19,3599.44,3570.77,3588.77,124473.0
1633561200,3588.76,3611.23,3572.35,3574.68,256488.0
1633564800,3574.68,3575.1,3523.93,3539.48,415184.0
1633568400,3538.8,3549.8,3469.31,3516.03,570092.0
1633572000,3516.02,3560.28,3512.01,3532.82,311535.0
1633575600,3532.81,3542.38,3509.93,3519.4,210925.0
1633579200,3519.4,3556.0,3515.6,3541.2,192937.0
1633582800,3541.19,3545.51,3513.29,3538.71,229553.0
1633586400,3538.7,3550.47,3519.6,3529.56,180421.0
1633590000,3529.55,3617.5,3503.75,3614.74,634363.0
1633593600,3614.74,3618.83,3578.88,3591.42,334594.0
1633597200,3591.42,3592.88,3534.55,3566.65,509825.0
1633600800,3567.05,3575.0,3543.08,3553.26,232197.0
1633604400,3553.89,3585.0,3553.26,3576.97,254128.0
1633608000,3576.98,3591.6,3538.24,3570.79,350999.0
1633611600,3570.39,3650.0,3556.16,3633.89,572158.0
1633615200,3633.9,3639.03,3518.0,3562.25,686197.0
1633618800,3561.2,3604.2,3554.08,3586.1,290083.0
1633622400,3586.15,3607.96,3556.54,3595.62,255137.0
1633626000,3595.63,3626.9,3589.66,3609.66,171357.0
1633629600,3608.43,3617.15,3582.01,3591.08,96887.0
1633633200,3591.09,3616.21,3591.09,3606.26,81656.0
1633636800,3606.27,3638.89,3603.25,3624.01,118246.0
1633640400,3624.79,3658.0,3616.58,3635.55,124396.0
1633644000,3635.56,3640.89,3589.69,3605.63,239817.0
1633647600,3605.0,3606.28,3558.39,3588.19,280190.0
1633651200,3588.18,3614.0,3575.7,3605.1,134433.0
1633654800,3604.9,3616.0,3588.29,3608.01,180971.0
1633658400,3608.01,3616.91,3564.62,3568.68,305914.0
1633662000,3568.66,3575.28,3552.03,3575.28,186095.0
1633665600,3575.0,3581.55,3565.13,3574.09,117463.0
1633669200,3574.08,3583.92,3546.51,3583.92,228116.0
1633672800,3583.93,3591.32,3570.06,3582.2,150109.0
1633676400,3582.21,3615.0,3573.17,3603.92,385546.0
1633680000,3603.92,3676.58,3598.22,3665.04,751279.0
1633683600,3665.0,3671.8,3609.5,3627.54,427089.0
1633687200,3627.52,3642.26,3617.0,3627.92,172584.0
1633690800,3627.91,3645.14,3610.99,3611.38,243535.0
1633694400,3611.37,3622.41,3579.47,3601.01,549757.0
1633698000,3601.02,3617.99,3583.51,3598.24,374934.0
1633701600,3598.24,3663.63,3595.01,3650.45,479992.0
1633705200,3650.43,3654.83,3587.65,3621.71,367377.0
1633708800,3621.71,3649.0,3605.44,3630.55,292628.0
1633712400,3630.56,3640.99,3607.09,3625.73,134548.0
1633716000,3625.9,3646.14,3621.42,3625.23,101372.0
1633719600,3625.22,3636.66,3605.32,3625.73,123612.0
1633723200,3625.73,3630.64,3530.0,3552.9,395866.0
1633726800,3552.91,3578.62,3546.97,3572.35,126903.0
1633730400,3572.64,3592.72,3562.56,3575.33,118499.0
1633734000,3575.19,3575.19,3546.67,3562.69,153841.0
1633737600,3563.01,3584.77,3537.14,3584.63,245251.0
1633741200,3584.63,3591.41,3555.03,3559.75,148336.0
1633744800,3559.75,3576.99,3546.36,3575.44,150321.0
1633748400,3575.44,3588.9,3564.43,3579.49,161062.0
1633752000,3579.5,3588.22,3569.55,3586.7,97200.0
1633755600,3586.7,3588.9,3571.05,3585.42,118849.0
1633759200,3585.43,3626.99,3585.43,3601.19,366754.0
1633762800,3601.18,3612.96,3590.31,3606.49,135625.0
1633766400,3606.5,3610.0,3567.17,3582.67,227856.0
1633770000,3583.55,3597.05,3573.35,3597.05,157126.0
1633773600,3597.17,3614.06,3581.29,3613.76,181498.0
1633777200,3613.75,3621.98,3591.11,3597.34,268933.0
1633780800,3597.35,3609.88,3593.71,3603.22,134417.0
1633784400,3602.78,3639.67,3602.73,3622.46,360136.0
1633788000,3622.46,3629.17,3608.79,3616.82,149614.0
1633791600,3616.83,3619.63,3587.12,3599.5,210802.0
1633795200,3599.51,3608.85,3574.0,3586.87,206583.0
1633798800,3586.87,3603.76,3582.28,3592.5,140251.0
1633802400,3593.33,3605.37,3581.67,3596.37,99695.0
1633806000,3596.36,3599.54,3576.62,3582.33,57833.0
1633809600,3582.34,3582.34,3554.39,3579.46,141577.0
1633813200,3579.45,3591.09,3566.48,3589.6,79477.0
1633816800,3589.6,3590.92,3574.11,3588.25,49937.0
1633820400,3588.25,3592.89,3572.24,3575.75,70479.0
1633824000,3575.75,3586.94,3562.67,3569.23,159485.0
1633827600,3569.23,3570.94,3470.0,3504.25,732486.0
1633831200,3504.24,3530.0,3483.36,3524.84,279346.0
1633834800,3524.65,3543.11,3518.61,3531.08,235496.0
1633838400,3531.08,3578.4,3506.0,3571.79,480840.0
1633842000,3571.79,3582.84,3555.33,3566.06,250275.0
1633845600,3566.06,3606.66,3562.21,3598.24,312008.0
1633849200,3598.23,3603.92,3575.13,3584.01,191285.0
1633852800,3584.01,3598.91,3576.22,3589.85,155474.0
1633856400,3589.85,3592.78,3556.0,3573.45,396602.0
1633860000,3573.46,3586.93,3561.61,3567.3,135184.0
1633863600,3567.3,3575.0,3546.99,3563.84,159114.0
1633867200,3563.84,3567.23,3526.58,3543.44,277106.0
1633870800,3543.44,3564.0,3522.6,3549.52,240305.0
1633874400,3549.53,3580.83,3545.6,3551.0,186430.0
1633878000,3551.0,3566.42,3536.24,3557.91,143574.0
1633881600,3557.92,3562.84,3532.03,3546.38,171178.0
1633885200,3546.38,3546.38,3502.03,3522.99,264231.0
1633888800,3522.99,3528.21,3504.35,3527.99,88856.0
1633892400,3528.0,3533.0,3520.78,3528.21,59237.0
1633896000,3528.21,3572.0,3508.12,3513.11,354064.0
1633899600,3513.11,3513.11,3430.57,3456.38,445473.0
1633903200,3456.38,3469.47,3433.02,3466.69,273104.0
1633906800,3466.68,3469.63,3400.38,3414.44,369620.0
1633910400,3413.11,3446.0,3365.81,3442.84,691410.0
1633914000,3443.2,3473.0,3434.71,3451.15,297998.0
1633917600,3451.15,3477.76,3451.15,3477.4,194538.0
1633921200,3477.39,3525.2,3462.88,3518.47,583944.0
1633924800,3518.46,3549.15,3508.55,3521.91,392848.0
1633928400,3521.91,3531.0,3503.09,3526.92,185088.0
1633932000,3526.44,3532.37,3512.06,3521.23,142671.0
1633935600,3521.22,3588.0,3516.82,3578.24,578383.0
1633939200,3578.25,3627.2,3578.25,3604.43,714975.0
1633942800,3604.43,3623.0,3564.01,3581.05,414159.0
1633946400,3581.05,3594.8,3558.24,3560.13,243255.0
1633950000,3560.13,3573.44,3531.74,3558.98,499309.0
1633953600,3558.97,3582.97,3547.71,3570.54,289425.0
1633957200,3570.64,3611.0,3570.63,3591.1,307094.0
1633960800,3591.09,3602.77,3568.98,3597.93,318058.0
1633964400,3597.92,3603.21,3580.12,3593.52,192426.0
1633968000,3593.52,3599.72,3568.05,3576.21,263455.0
1633971600,3576.22,3582.2,3543.88,3562.88,240426.0
1633975200,3562.88,3569.0,3542.13,3551.69,135142.0
1633978800,3551.12,3573.81,3513.04,3514.43,264437.0
1633982400,3514.42,3516.53,3461.62,3489.06,469815.0
1633986000,3489.07,3534.19,3473.2,3516.29,195503.0
1633989600,3516.64,3531.84,3503.07,3511.61,176775.0
1633993200,3511.61,3546.02,3497.4,3541.0,188374.0
1633996800,3540.99,3542.87,3472.89,3502.46,471265.0
1634000400,3502.46,3525.85,3484.7,3517.27,214274.0
1634004000,3517.26,3520.64,3474.92,3482.38,269847.0
1634007600,3482.37,3490.32,3447.2,3485.73,339991.0
1634011200,3486.23,3504.49,3471.13,3497.39,223599.0
1634014800,3497.38,3520.34,3453.89,3510.81,473096.0
1634018400,3511.74,3520.0,3474.61,3479.18,330358.0
1634022000,3479.18,3490.29,3466.31,3481.03,240220.0
1634025600,3481.03,3507.71,3471.51,3495.85,287499.0
1634029200,3495.85,3498.13,3417.12,3437.95,408529.0
1634032800,3438.54,3464.8,3414.18,3461.38,424237.0
1634036400,3461.37,3468.0,3446.83,3457.27,198823.0
1634040000,3457.27,3459.92,3403.32,3418.57,442718.0
1634043600,3418.57,3519.68,3418.21,3497.63,1035479.0
1634047200,3497.15,3548.0,3463.09,3484.71,1035894.0
1634050800,3484.72,3513.95,3459.63,3505.52,492536.0
1634054400,3505.06,3527.99,3485.32,3515.08,407507.0
1634058000,3515.08,3521.25,3481.0,3488.44,270800.0
1634061600,3488.45,3503.87,3483.02,3487.42,114578.0
1634065200,3487.94,3505.32,3459.97,3465.71,214377.0
1634068800,3465.71,3492.0,3411.76,3479.02,627797.0
1634072400,3479.02,3488.8,3467.73,3486.22,82902.0
1634076000,3486.22,3509.79,3477.78,3501.29,121472.0
1634079600,3501.28,3513.38,3486.89,3492.9,146300.0
1634083200,3491.83,3533.64,3483.42,3524.56,229321.0
1634086800,3524.57,3533.95,3499.18,3501.4,163741.0
1634090400,3501.4,3518.55,3494.17,3517.2,150313.0
1634094000,3517.2,3519.0,3498.43,3501.51,116154.0
1634097600,3501.51,3516.0,3493.13,3508.54,155545.0
1634101200,3508.18,3524.93,3451.0,3451.99,607641.0
1634104800,3451.39,3474.32,3440.02,3462.94,352122.0
1634108400,3462.84,3468.94,3425.11,3428.2,367056.0
1634112000,3428.19,3462.75,3421.1,3426.77,419254.0
1634115600,3426.78,3453.46,3411.12,3448.91,332596.0
1634119200,3448.9,3468.78,3439.65,3449.11,246043.0
1634122800,3449.64,3468.0,3439.12,3467.65,185708.0
1634126400,3467.96,3477.32,3447.09,3469.61,276643.0
1634130000,3469.6,3474.0,3433.88,3441.95,235677.0
1634133600,3441.7,3510.0,3411.7,3487.03,958168.0
1634137200,3487.02,3513.67,3476.96,3485.73,329061.0
1634140800,3485.74,3516.4,3480.1,3492.6,233924.0
1634144400,3492.43,3522.34,3492.43,3509.71,230539.0
1634148000,3510.0,3537.67,3510.0,3512.39,227376.0
1634151600,3512.4,3531.69,3507.59,3522.04,226256.0
1634155200,3522.05,3589.09,3521.03,3575.98,493520.0
1634158800,3575.99,3591.45,3569.62,3572.46,131198.0
1634162400,3572.29,3610.18,3572.29,3605.41,227267.0
1634166000,3605.42,3615.98,3580.93,3608.51,236403.0
1634169600,3608.95,3637.67,3589.39,3604.52,432934.0
1634173200,3604.52,3652.93,3600.73,3648.41,437791.0
1634176800,3648.42,3659.29,3629.23,3637.64,287607.0
1634180400,3637.65,3647.94,3628.4,3643.49,160420.0
1634184000,3643.5,3655.71,3633.03,3653.66,198685.0
1634187600,3653.65,3664.63,3634.28,3636.82,193103.0
1634191200,3636.79,3648.65,3613.27,3626.5,222778.0
1634194800,3626.5,3637.88,3619.26,3631.22,169841.0
1634198400,3631.23,3651.66,3630.4,3644.87,158475.0
1634202000,3644.86,3645.77,3620.0,3631.79,167789.0
1634205600,3631.79,3651.51,3624.83,3639.97,183000.0
1634209200,3639.98,3753.56,3639.97,3736.11,1136162.0
1634212800,3736.76,3763.56,3722.62,3737.0,416579.0
1634216400,3737.33,3789.0,3726.0,3768.84,521945.0
1634220000,3768.51,3809.46,3768.5,3792.12,513186.0
1634223600,3792.11,3824.0,3760.01,3809.01,646919.0
1634227200,3809.05,3827.66,3770.36,3783.44,554799.0
1634230800,3783.44,3811.31,3778.85,3792.04,181809.0
1634234400,3792.04,3803.54,3749.99,3801.17,430939.0
1634238000,3801.16,3807.0,3755.74,3791.42,302538.0
1634241600,3791.42,3792.68,3758.11,3759.15,96674.0
1634245200,3759.14,3777.28,3756.17,3777.28,59159.0
1634248800,3777.69,3793.09,3763.0,3784.16,135377.0
1634252400,3784.15,3796.72,3765.95,3791.45,176292.0
1634256000,3791.45,3801.25,3755.0,3766.71,314129.0
1634259600,3766.7,3774.05,3734.6,3749.24,316098.0
1634263200,3749.25,3844.85,3739.11,3833.47,863032.0
1634266800,3833.46,3842.28,3816.44,3821.78,291705.0
1634270400,3821.78,3825.55,3795.74,3823.7,340360.0
1634274000,3823.7,3862.99,3818.84,3853.06,578886.0
1634277600,3853.07,3856.1,3819.67,3830.2,228773.0
1634281200,3830.0,3830.01,3806.0,3806.68,194149.0
1634284800,3807.16,3812.65,3751.48,3766.35,656508.0
1634288400,3766.36,3784.52,3744.5,3782.67,324677.0
1634292000,3782.66,3783.36,3754.54,3783.33,206259.0
1634295600,3783.32,3792.75,3777.75,3780.24,182222.0
1634299200,3780.24,3793.66,3768.07,3769.68,187795.0
1634302800,3769.68,3834.8,3766.05,3815.78,446249.0
1634306400,3815.78,3826.42,3792.33,3809.76,351860.0
1634310000,3809.75,3812.53,3784.0,3790.39,280044.0
1634313600,3790.59,3869.69,3788.09,3865.58,513781.0
1634317200,3865.57,3874.8,3842.76,3856.96,407405.0
1634320800,3856.97,3895.48,3856.97,3880.19,259737.0
1634324400,3880.72,3882.85,3836.86,3849.01,206510.0
1634328000,3849.01,3912.0,3832.41,3882.51,803553.0
1634331600,3882.51,3884.21,3820.07,3841.29,162790.0
1634335200,3841.28,3856.8,3833.98,3849.45,114305.0
1634338800,3849.44,3874.82,3839.63,3869.89,143433.0
1634342400,3869.89,3873.41,3840.5,3845.29,137251.0
1634346000,3845.28,3855.23,3824.0,3836.01,157871.0
1634349600,3836.0,3855.0,3824.53,3853.59,126862.0
1634353200,3853.59,3853.59,3833.12,3842.98,132607.0
1634356800,3842.98,3866.1,3834.45,3834.6,217162.0
1634360400,3834.45,3866.74,3832.28,3854.64,160545.0
1634364000,3854.65,3865.0,3848.54,3848.54,102580.0
1634367600,3848.54,3853.43,3835.0,3853.43,130250.0
1634371200,3853.62,3946.39,3850.59,3941.21,871537.0
1634374800,3941.21,3953.0,3919.0,3935.93,341163.0
1634378400,3935.93,3950.51,3930.13,3939.26,241911.0
1634382000,3939.18,3971.38,3928.26,3959.27,273566.0
1634385600,3959.27,3978.0,3881.34,3900.05,841615.0
1634389200,3900.05,3920.32,3889.0,3920.14,315280.0
1634392800,3920.29,3923.52,3893.84,3900.29,218569.0
1634396400,3900.01,3919.51,3886.3,3907.5,276004.0
1634400000,3907.88,3914.61,3888.0,3897.51,204802.0
1634403600,3897.5,3897.5,3825.0,3869.23,650747.0
1634407200,3869.22,3882.88,3855.62,3868.63,140857.0
1634410800,3869.15,3870.36,3839.0,3840.32,93484.0
1634414400,3840.0,3844.49,3792.87,3832.31,281175.0
1634418000,3832.34,3841.88,3813.67,3815.79,84317.0
1634421600,3815.25,3833.42,3805.18,3826.53,128761.0
1634425200,3826.53,3854.55,3818.02,3830.59,151525.0
1634428800,3830.59,3845.14,3808.88,3842.22,317997.0
1634432400,3842.22,3868.34,3837.67,3851.36,207408.0
1634436000,3851.36,3859.77,3842.52,3850.66,100233.0
1634439600,3850.66,3889.0,3847.6,3878.54,250418.0
1634443200,3878.55,3910.0,3871.88,3875.6,300967.0
1634446800,3875.81,3884.84,3855.5,3857.99,218243.0
1634450400,3858.0,3885.08,3856.15,3875.12,150021.0
1634454000,3875.01,3922.77,3872.29,3878.46,341712.0
1634457600,3878.46,3905.0,3878.46,3889.17,164794.0
1634461200,3889.16,3910.95,3881.77,3895.27,167136.0
1634464800,3895.26,3901.8,3875.11,3886.01,201260.0
1634468400,3886.0,3897.07,3856.5,3860.08,207393.0
1634472000,3860.08,3866.8,3837.1,3855.0,288880.0
1634475600,3855.0,3875.76,3846.88,3862.52,242840.0
1634479200,3862.51,3864.77,3844.89,3857.51,117578.0
1634482800,3857.5,3860.59,3751.26,3787.64,815259.0
1634486400,3787.64,3816.33,3780.3,3811.24,278502.0
1634490000,3811.24,3812.3,3789.09,3803.77,93986.0
1634493600,3803.95,3814.16,3799.06,3810.66,88462.0
1634497200,3810.66,3811.52,3753.2,3765.2,223903.0
1634500800,3765.19,3765.19,3634.09,3697.58,1336031.0
1634504400,3697.57,3765.47,3687.73,3762.87,230827.0
1634508000,3762.88,3831.78,3761.53,3828.67,551504.0
1634511600,3828.67,3866.05,3817.99,3847.88,289148.0
1634515200,3848.72,3891.98,3844.0,3879.41,399959.0
1634518800,3879.49,3895.93,3862.0,3876.11,231882.0
1634522400,3876.12,3883.99,3861.54,3863.46,162122.0
1634526000,3863.37,3872.99,3833.0,3854.6,219462.0
1634529600,3854.19,3867.74,3843.18,3866.13,159671.0
1634533200,3866.13,3879.25,3856.15,3876.72,136591.0
1634536800,3876.72,3887.14,3857.98,3863.3,186771.0
1634540400,3863.3,3877.73,3835.0,3839.57,240893.0
1634544000,3839.58,3862.82,3814.61,3823.35,487132.0
1634547600,3823.34,3842.24,3756.28,3798.74,587682.0
1634551200,3798.74,3798.74,3750.69,3786.57,455141.0
1634554800,3786.19,3797.46,3703.21,3743.86,702040.0
1634558400,3744.39,3760.92,3701.05,3729.26,458556.0
1634562000,3729.26,3806.92,3674.12,3802.01,935021.0
1634565600,3802.48,3823.79,3762.56,3785.56,459730.0
1634569200,3786.3,3788.66,3729.67,3761.34,419021.0
1634572800,3761.33,3781.04,3711.65,3730.0,361641.0
1634576400,3730.0,3751.92,3725.0,3729.76,177815.0
1634580000,3729.77,3748.08,3720.45,3730.51,104351.0
1634583600,3730.51,3751.99,3693.07,3748.58,303040.0
1634587200,3748.58,3768.0,3731.43,3734.13,158997.0
1634590800,3734.13,3762.03,3723.49,3746.42,78827.0
1634594400,3746.41,3752.0,3715.59,3748.83,117840.0
1634598000,3748.82,3758.53,3735.25,3746.8,119161.0
1634601600,3746.8,3776.27,3732.2,3752.0,215161.0
1634605200,3751.59,3811.62,3751.59,3786.39,314035.0
1634608800,3786.93,3802.32,3780.0,3787.27,137905.0
1634612400,3787.28,3834.71,3780.88,3823.48,472468.0
1634616000,3823.49,3845.98,3815.67,3817.88,259676.0
1634619600,3817.88,3833.0,3811.64,3821.01,139998.0
1634623200,3821.01,3830.62,3778.0,3787.89,335869.0
1634626800,3787.9,3811.38,3769.73,3808.75,228618.0
1634630400,3808.75,3811.76,3771.63,3811.18,284358.0
1634634000,3811.17,3819.0,3780.02,3792.49,185221.0
1634637600,3792.49,3804.95,3783.24,3791.0,136551.0
1634641200,3790.99,3823.5,3782.56,3799.56,261701.0
1634644800,3799.56,3818.79,3785.03,3801.3,306508.0
1634648400,3801.29,3864.88,3781.03,3809.39,1095005.0
1634652000,3809.4,3819.22,3741.01,3801.18,889108.0
1634655600,3801.19,3815.85,3772.32,3774.5,347501.0
1634659200,3774.5,3807.25,3774.49,3805.98,212000.0
1634662800,3805.99,3823.0,3802.01,3811.85,212764.0
1634666400,3811.85,3815.88,3795.34,3806.0,176481.0
1634670000,3806.0,3841.38,3806.0,3817.11,285139.0
1634673600,3816.16,3825.66,3802.0,3805.51,147521.0
1634677200,3805.62,3821.06,3800.0,3812.01,97182.0
1634680800,3812.02,3883.77,3810.51,3880.87,377850.0
1634684400,3880.86,3889.08,3863.67,3878.73,192647.0
1634688000,3878.72,3905.65,3856.27,3871.89,274673.0
1634691600,3871.89,3887.46,3853.3,3859.73,222789.0
1634695200,3860.28,3866.6,3843.0,3848.94,150967.0
1634698800,3848.95,3864.06,3843.02,3846.19,142357.0
1634702400,3846.19,3859.25,3840.29,3857.29,107593.0
1634706000,3857.29,3860.98,3828.08,3841.87,213659.0
1634709600,3841.86,3854.73,3829.78,3838.99,176911.0
1634713200,3838.99,3860.0,3836.18,3858.0,133793.0
1634716800,3858.0,3873.0,3847.29,3850.39,282337.0
1634720400,3850.89,3874.96,3845.1,3869.27,152573.0
1634724000,3869.27,3871.27,3851.01,3854.03,101296.0
1634727600,3854.02,3869.52,3847.21,3861.33,108530.0
1634731200,3861.32,3949.04,3859.6,3933.33,729684.0
1634734800,3933.34,4009.4,3926.31,4007.89,934152.0
1634738400,4007.88,4085.12,3993.74,4051.12,977089.0
1634742000,4051.13,4083.19,4018.0,4081.94,558328.0
1634745600,4081.81,4117.27,4053.55,4079.19,627688.0
1634749200,4079.19,4087.64,4057.21,4079.22,282051.0
1634752800,4078.68,4133.92,4075.67,4123.61,300800.0
1634756400,4123.61,4139.8,4098.0,4103.48,184179.0
1634760000,4103.48,4118.75,4071.71,4110.47,226756.0
1634763600,4110.87,4143.98,4104.56,4119.01,112962.0
1634767200,4119.0,4139.46,4095.0,4127.6,135481.0
1634770800,4127.59,4169.44,4123.87,4162.1,297611.0
1634774400,4161.39,4215.46,4135.2,4191.24,690090.0
1634778000,4190.69,4244.46,4170.0,4197.72,703398.0
1634781600,4197.71,4217.08,4146.9,4194.96,814806.0
1634785200,4194.95,4196.0,4147.75,4186.22,445958.0
1634788800,4186.22,4198.0,4151.3,4171.26,284540.0
1634792400,4171.26,4187.0,4158.75,4175.58,212027.0
1634796000,4175.57,4184.49,4115.56,4157.24,604932.0
1634799600,4157.24,4173.61,4141.04,4161.83,247998.0
1634803200,4161.13,4203.59,4159.15,4195.18,342575.0
1634806800,4195.17,4307.62,4195.17,4301.6,773685.0
1634810400,4301.59,4324.48,4272.38,4310.13,601593.0
1634814000,4310.13,4386.0,4159.2,4215.24,2492650.0
1634817600,4215.03,4236.38,4151.0,4230.65,1017267.0
1634821200,4230.65,4278.57,4211.19,4218.5,572251.0
1634824800,4218.63,4230.46,4073.69,4115.2,1426040.0
1634828400,4114.98,4134.76,4009.48,4091.22,1502353.0
1634832000,4091.22,4139.78,4051.75,4056.77,621778.0
1634835600,4055.9,4117.8,4040.0,4044.92,409690.0
1634839200,4045.12,4110.37,4044.52,4063.1,305035.0
1634842800,4063.1,4118.38,4061.53,4079.22,292219.0
1634846400,4079.75,4106.19,4056.8,4091.4,277910.0
1634850000,4091.41,4120.41,4066.16,4092.05,143161.0
1634853600,4092.05,4111.87,4059.62,4068.94,99445.0
1634857200,4068.95,4088.72,4040.54,4053.13,224884.0
1634860800,4053.34,4128.17,4053.12,4120.0,522543.0
1634864400,4120.0,4148.97,4100.3,4105.38,352928.0
1634868000,4105.37,4131.85,4101.04,4113.47,214707.0
1634871600,4113.84,4167.8,4113.84,4159.23,305065.0
1634875200,4159.24,4172.01,4142.08,4152.74,230847.0
1634878800,4152.75,4159.68,4122.0,4133.92,212540.0
1634882400,4134.74,4153.31,4107.01,4122.46,276825.0
1634886000,4122.46,4150.0,4114.44,4146.68,302328.0
1634889600,4146.68,4159.54,4134.11,4146.6,239733.0
1634893200,4146.6,4154.6,4111.68,4122.24,245259.0
1634896800,4121.91,4125.75,4085.0,4111.67,407846.0
1634900400,4111.67,4137.0,4103.75,4124.29,230014.0
1634904000,4123.75,4142.79,4106.41,4138.26,209767.0
1634907600,4138.25,4144.8,4060.8,4066.12,625813.0
1634911200,4066.21,4068.55,3976.53,4028.0,1474284.0
1634914800,4028.0,4040.75,3954.54,3968.81,856115.0
1634918400,3968.68,3988.0,3890.0,3974.0,1345634.0
1634922000,3973.71,3980.59,3936.22,3939.24,308690.0
1634925600,3939.24,3977.0,3918.31,3960.22,303627.0
1634929200,3960.0,3986.0,3940.41,3983.48,204271.0
1634932800,3984.02,4000.0,3973.56,3978.54,163672.0
1634936400,3978.55,3985.56,3924.42,3950.41,119648.0
1634940000,3951.3,3981.12,3944.58,3972.41,81528.0
1634943600,3972.41,3988.63,3969.73,3973.57,84834.0
1634947200,3973.76,4004.86,3945.77,4003.07,233030.0
1634950800,4003.43,4012.66,3989.01,4010.73,136474.0
1634954400,4009.84,4037.91,4009.48,4028.06,179584.0
1634958000,4027.89,4035.59,4015.41,4022.71,122753.0
1634961600,4022.72,4051.5,4020.25,4036.46,237582.0
1634965200,4036.47,4043.73,4007.0,4013.24,223448.0
1634968800,4012.76,4031.35,4001.38,4029.0,176663.0
1634972400,4029.43,4030.96,4003.76,4013.79,172475.0
1634976000,4013.48,4028.99,4010.98,4022.93,111443.0
1634979600,4022.94,4031.22,3972.0,3999.56,327013.0
1634983200,3999.55,4005.89,3953.41,3957.27,283110.0
1634986800,3957.28,4047.49,3938.06,4041.61,732003.0
1634990400,4041.62,4060.96,4033.68,4040.41,277710.0
1634994000,4040.41,4045.72,4020.34,4029.89,209464.0
1634997600,4029.89,4042.69,4016.92,4026.72,185350.0
1635001200,4026.45,4098.8,4023.47,4086.35,783204.0
1635004800,4086.35,4131.0,4066.11,4087.39,609964.0
1635008400,4087.4,4109.75,4081.84,4107.0,123312.0
1635012000,4106.15,4118.85,4096.99,4112.91,135348.0
1635015600,4112.91,4114.93,4082.0,4084.6,93972.0
1635019200,4084.61,4090.82,4070.43,4089.8,86859.0
1635022800,4089.43,4114.09,4084.68,4091.15,62711.0
1635026400,4091.35,4132.96,4085.75,4117.16,118921.0
1635030000,4117.17,4175.75,4112.14,4168.52,296761.0
1635033600,4168.53,4189.72,4138.02,4143.57,278167.0
1635037200,4143.56,4148.44,4118.03,4134.17,197912.0
1635040800,4133.65,4146.97,4117.9,4142.08,144287.0
1635044400,4141.67,4148.52,4129.65,4135.35,102207.0
1635048000,4135.35,4138.71,4101.68,4109.43,168808.0
1635051600,4109.43,4127.43,4101.63,4111.48,112978.0
1635055200,4111.48,4124.93,4081.28,4092.55,222468.0
1635058800,4092.55,4109.0,4077.23,4096.14,171471.0
1635062400,4096.13,4101.36,4071.99,4075.01,217577.0
1635066000,4074.86,4126.0,4056.92,4092.87,451287.0
1635069600,4093.12,4109.94,4083.73,4091.0,153700.0
1635073200,4091.0,4094.38,4022.0,4025.24,543231.0
1635076800,4025.23,4065.16,4001.11,4039.08,765800.0
1635080400,4039.08,4074.49,4026.04,4046.32,261130.0
1635084000,4046.32,4057.9,4017.38,4021.76,246117.0
1635087600,4022.0,4038.9,3980.49,4000.0,696138.0
1635091200,3999.83,4030.0,3970.31,4027.13,411952.0
1635094800,4027.13,4036.49,4013.3,4022.99,162667.0
1635098400,4022.87,4022.87,3961.5,3995.57,298621.0
1635102000,3995.32,4047.94,3992.14,4043.39,135125.0
1635105600,4043.4,4064.95,4036.19,4064.94,169869.0
1635109200,4064.94,4101.16,4064.0,4080.01,228726.0
1635112800,4080.19,4094.8,4060.43,4074.51,120218.0
1635116400,4074.5,4088.99,4062.14,4082.38,105988.0
1635120000,4082.39,4136.42,4070.0,4134.24,343136.0
1635123600,4134.13,4146.21,4115.02,4119.74,215474.0
1635127200,4119.73,4134.91,4108.85,4134.9,153774.0
1635130800,4134.9,4143.99,4126.01,4136.97,171934.0
1635134400,4136.57,4159.18,4134.0,4150.53,240122.0
1635138000,4150.53,4151.12,4118.61,4126.19,175483.0
1635141600,4126.19,4134.68,4116.27,4126.34,118186.0
1635145200,4126.35,4182.19,4116.0,4151.48,404150.0
1635148800,4151.48,4162.92,4119.73,4124.58,304446.0
1635152400,4124.57,4147.99,4122.0,4135.0,194180.0
1635156000,4135.01,4149.03,4107.6,4131.92,278698.0
1635159600,4131.91,4150.99,4116.81,4128.04,271112.0
1635163200,4128.04,4137.97,4115.48,4123.01,150628.0
1635166800,4122.36,4162.8,4110.5,4160.0,391559.0
1635170400,4160.01,4173.78,4134.24,4152.7,279889.0
1635174000,4152.7,4218.0,4134.0,4212.7,426786.0
1635177600,4212.7,4237.21,4198.36,4231.91,431517.0
1635181200,4231.91,4238.43,4182.64,4187.83,359092.0
1635184800,4187.83,4216.53,4174.44,4213.43,220712.0
1635188400,4213.44,4214.19,4178.19,4186.21,119260.0
1635192000,4186.21,4203.03,4175.59,4181.49,113137.0
1635195600,4181.49,4209.27,4180.56,4191.99,98381.0
1635199200,4191.99,4225.62,4182.01,4220.39,123569.0
1635202800,4220.39,4224.95,4207.02,4220.78,94466.0
1635206400,4220.77,4262.01,4206.04,4240.88,372751.0
1635210000,4240.88,4240.88,4217.35,4219.2,132189.0
1635213600,4219.19,4249.0,4219.19,4234.99,157042.0
1635217200,4235.0,4241.65,4222.0,4225.6,158750.0
1635220800,4225.6,4230.99,4192.52,4208.29,291292.0
1635224400,4208.45,4217.31,4198.92,4200.41,141283.0
1635228000,4200.41,4208.67,4176.88,4191.2,226853.0
1635231600,4191.2,4202.33,4179.0,4198.39,156985.0
1635235200,4198.38,4233.0,4198.38,4213.59,316997.0
1635238800,4213.55,4217.9,4201.0,4209.2,117988.0
1635242400,4209.58,4231.87,4197.29,4228.91,165373.0
1635246000,4228.66,4231.0,4204.45,4216.16,179682.0
1635249600,4216.16,4223.9,4184.23,4191.85,298734.0
1635253200,4191.85,4206.22,4185.0,4188.2,225244.0
1635256800,4188.2,4188.32,4125.0,4153.38,629668.0
1635260400,4153.37,4202.0,4136.19,4187.62,469126.0
1635264000,4188.25,4201.44,4138.0,4168.41,390440.0
1635267600,4168.36,4219.66,4161.0,4217.34,188894.0
1635271200,4217.35,4231.23,4206.0,4211.39,158455.0
1635274800,4211.6,4233.2,4205.93,4212.44,132728.0
1635278400,4212.73,4301.89,4206.14,4266.6,478212.0
1635282000,4266.61,4276.56,4188.0,4204.08,238205.0
1635285600,4204.07,4212.97,4088.47,4120.17,884638.0
1635289200,4120.16,4143.71,4100.49,4128.57,290486.0
1635292800,4129.83,4161.54,4116.6,4158.09,220418.0
1635296400,4157.54,4175.73,4147.79,4148.51,186250.0
1635300000,4148.51,4189.85,4145.11,4181.0,292591.0
1635303600,4181.0,4228.55,4173.53,4211.45,323697.0
1635307200,4211.44,4312.89,4205.19,4283.16,1483414.0
1635310800,4283.15,4308.0,4265.0,4275.06,635885.0
1635314400,4275.07,4286.92,4238.38,4243.55,376806.0
1635318000,4242.56,4249.66,4133.0,4135.86,761977.0
1635321600,4135.86,4136.51,3925.32,4046.24,1631503.0
1635325200,4046.24,4046.24,3987.11,4016.0,512670.0
1635328800,4016.0,4029.9,3955.32,4020.57,587763.0
1635332400,4020.56,4046.0,3984.58,3991.86,276406.0
1635336000,3991.85,4024.53,3960.0,4011.81,471846.0
1635339600,4011.8,4029.59,3988.07,3994.75,294621.0
1635343200,3994.75,4040.0,3964.5,4013.44,470114.0
1635346800,4013.98,4034.84,3983.92,3993.1,230541.0
1635350400,3993.1,4008.58,3947.57,3978.01,466769.0
1635354000,3978.0,4004.15,3976.28,3986.0,168429.0
1635357600,3985.89,4005.97,3963.0,3967.09,148185.0
1635361200,3967.77,4005.16,3937.62,4000.27,376149.0
1635364800,3998.63,4024.86,3960.98,3981.53,222307.0
1635368400,3981.53,4014.13,3973.82,3992.89,71070.0
1635372000,3992.89,3997.6,3956.32,3974.76,153291.0
1635375600,3974.77,3983.27,3909.0,3921.87,320085.0
1635379200,3921.88,3969.63,3914.03,3914.05,350367.0
1635382800,3914.04,3996.72,3887.9,3995.85,645070.0
1635386400,3995.59,4000.01,3969.18,3998.99,274401.0
1635390000,3999.29,4023.67,3975.86,3996.01,223868.0
1635393600,3996.53,4019.0,3985.04,3995.72,253189.0
1635397200,3995.72,4021.0,3990.53,4020.13,253510.0
1635400800,4020.14,4037.42,3983.0,4022.14,479660.0
1635404400,4022.15,4043.27,4008.01,4010.17,210393.0
1635408000,4010.17,4143.23,4009.52,4136.78,910342.0
1635411600,4137.13,4163.7,4109.03,4163.69,481263.0
1635415200,4163.7,4175.42,4137.58,4147.76,345333.0
1635418800,4147.76,4158.21,4118.35,4151.73,270111.0
1635422400,4151.74,4189.55,4136.14,4175.78,296943.0
1635426000,4175.01,4208.97,4158.57,4191.71,359960.0
1635429600,4190.95,4193.18,4160.17,4188.49,184679.0
1635433200,4188.5,4190.99,4148.0,4151.01,216786.0
1635436800,4151.01,4196.2,4151.0,4183.87,282631.0
1635440400,4183.73,4235.86,4182.81,4222.38,388943.0
1635444000,4223.52,4224.61,4120.0,4178.86,1462941.0
1635447600,4179.87,4271.99,4152.0,4261.94,478068.0
1635451200,4261.78,4298.86,4223.93,4252.67,387407.0
1635454800,4253.02,4266.44,4208.39,4253.28,143287.0
1635458400,4253.28,4279.99,4234.18,4251.83,158466.0
1635462000,4251.83,4293.21,4243.14,4287.11,295097.0
1635465600,4286.08,4372.12,4266.5,4357.74,802640.0
1635469200,4357.74,4412.53,4344.79,4356.83,810105.0
1635472800,4356.82,4387.0,4353.03,4364.84,204254.0
1635476400,4364.84,4404.98,4358.09,4382.18,305088.0
1635480000,4382.18,4390.48,4339.0,4355.6,217699.0
1635483600,4355.6,4360.0,4308.0,4323.0,388828.0
1635487200,4322.99,4353.73,4311.37,4343.34,178619.0
1635490800,4343.33,4343.33,4290.28,4309.72,406860.0
1635494400,4309.72,4346.0,4293.76,4343.48,490316.0
1635498000,4343.47,4368.05,4325.13,4330.38,288032.0
1635501600,4330.38,4348.47,4310.23,4333.21,268143.0
1635505200,4333.21,4336.45,4278.0,4319.89,364873.0
1635508800,4319.89,4341.86,4297.92,4315.3,359652.0
1635512400,4315.31,4379.78,4300.0,4369.14,371527.0
1635516000,4369.15,4378.39,4327.01,4343.12,419556.0
1635519600,4343.12,4448.48,4339.16,4440.84,892881.0
1635523200,4440.84,4464.49,4408.08,4426.78,411096.0
1635526800,4426.71,4438.74,4414.18,4417.91,113687.0
1635530400,4418.49,4423.0,4365.31,4375.54,342383.0
1635534000,4375.54,4412.0,4341.65,4403.12,342599.0
1635537600,4403.41,4421.4,4391.63,4401.08,116417.0
1635541200,4401.07,4424.84,4386.95,4418.45,50299.0
1635544800,4418.01,4431.0,4391.82,4416.57,104222.0
1635548400,4417.87,4425.21,4401.04,4419.53,100839.0
1635552000,4419.57,4436.29,4362.4,4375.77,306984.0
1635555600,4375.97,4388.13,4351.0,4362.21,160095.0
1635559200,4362.22,4364.14,4339.0,4360.85,193569.0
1635562800,4360.84,4364.82,4332.49,4344.91,180154.0
1635566400,4344.9,4360.69,4336.06,4338.63,161043.0
1635570000,4338.63,4367.55,4330.68,4359.03,205799.0
1635573600,4359.02,4384.09,4347.09,4365.24,158653.0
1635577200,4365.24,4366.77,4346.14,4349.73,148240.0
1635580800,4350.59,4355.94,4287.28,4319.36,422905.0
1635584400,4319.45,4335.0,4310.48,4319.63,173958.0
1635588000,4319.62,4351.53,4304.36,4347.09,192396.0
1635591600,4347.09,4358.7,4330.01,4333.99,131657.0
1635595200,4334.0,4334.39,4317.08,4325.52,208393.0
1635598800,4325.51,4351.77,4296.5,4312.24,528651.0
1635602400,4311.32,4319.4,4232.25,4275.33,728746.0
1635606000,4275.01,4292.0,4273.01,4282.48,233499.0
1635609600,4282.0,4306.0,4266.71,4285.08,297075.0
1635613200,4285.08,4325.55,4273.78,4301.68,241960.0
1635616800,4301.68,4325.48,4295.28,4323.36,180915.0
1635620400,4323.36,4343.0,4318.93,4336.6,134307.0
1635624000,4336.39,4345.79,4300.59,4308.43,161452.0
1635627600,4308.14,4316.13,4282.61,4283.39,102672.0
1635631200,4283.39,4301.52,4247.18,4288.38,249786.0
1635634800,4288.12,4330.0,4279.45,4321.83,295576.0
1635638400,4321.8,4397.53,4316.46,4385.47,527109.0
1635642000,4385.46,4397.55,4352.14,4363.74,224390.0
1635645600,4364.35,4392.1,4356.07,4367.54,221128.0
1635649200,4365.81,4379.58,4357.07,4370.83,121040.0
1635652800,4370.84,4383.16,4360.23,4367.61,136407.0
1635656400,4368.23,4375.42,4312.13,4328.0,374799.0
1635660000,4328.0,4333.55,4296.98,4317.99,235155.0
1635663600,4317.99,4331.84,4310.35,4318.04,165166.0
1635667200,4319.34,4320.51,4257.0,4273.03,418327.0
1635670800,4273.03,4275.64,4235.01,4260.73,269389.0
1635674400,4260.62,4282.9,4220.82,4252.71,482643.0
1635678000,4252.01,4265.38,4188.0,4206.1,483015.0
1635681600,4206.64,4222.11,4161.88,4187.67,491961.0
1635685200,4187.67,4222.32,4167.45,4205.89,392739.0
1635688800,4205.88,4238.31,4185.0,4205.85,307730.0
1635692400,4205.84,4227.0,4195.0,4214.4,146540.0
1635696000,4214.39,4243.62,4192.34,4237.93,218731.0
1635699600,4237.93,4261.17,4227.08,4240.71,193884.0
1635703200,4240.72,4255.58,4214.73,4249.95,110314.0
1635706800,4250.77,4258.98,4242.15,4247.74,51557.0
1635710400,4247.74,4273.35,4230.64,4266.38,97204.0
1635714000,4265.77,4330.0,4263.23,4307.82,186253.0
1635717600,4308.47,4318.48,4291.17,4293.37,127183.0
1635721200,4293.37,4303.79,4271.36,4286.0,120183.0
1635724800,4286.01,4323.35,4278.0,4318.12,217194.0
1635728400,4317.8,4328.0,4293.19,4294.01,152799.0
1635732000,4294.01,4306.92,4190.0,4236.43,703437.0
1635735600,4236.44,4240.71,4173.13,4189.55,381584.0
1635739200,4189.54,4243.69,4142.0,4228.47,643637.0
1635742800,4228.47,4252.0,4220.01,4224.32,231374.0
1635746400,4224.32,4258.85,4195.88,4241.41,328157.0
1635750000,4242.37,4321.0,4242.37,4304.99,626285.0
1635753600,4304.02,4343.0,4297.4,4312.06,418475.0
1635757200,4312.06,4348.46,4312.06,4317.66,214864.0
1635760800,4317.66,4336.71,4314.77,4330.26,123857.0
1635764400,4330.26,4357.64,4307.66,4315.67,336948.0
1635768000,4315.67,4382.19,4315.67,4349.09,397831.0
1635771600,4349.09,4378.63,4339.13,4377.31,204992.0
1635775200,4377.32,4386.12,4310.43,4329.6,260629.0
1635778800,4329.59,4353.78,4326.02,4350.85,121162.0
1635782400,4350.67,4356.31,4292.12,4295.0,246180.0
1635786000,4295.0,4301.85,4268.44,4283.87,258072.0
1635789600,4283.19,4304.57,4263.19,4296.52,223002.0
1635793200,4296.43,4367.66,4278.75,4366.0,190740.0
1635796800,4366.01,4367.17,4300.25,4309.6,197446.0
1635800400,4309.6,4311.96,4277.57,4297.0,234733.0
1635804000,4296.34,4339.73,4292.57,4303.86,170565.0
1635807600,4303.86,4333.3,4301.37,4317.69,143726.0
1635811200,4317.69,4349.84,4284.33,4309.99,330821.0
1635814800,4310.0,4344.14,4297.73,4323.05,229570.0
1635818400,4322.8,4331.99,4301.92,4308.19,162057.0
1635822000,4308.19,4321.79,4300.0,4319.36,109572.0
1635825600,4319.35,4373.76,4315.65,4364.39,443739.0
1635829200,4364.4,4375.76,4341.0,4367.64,317043.0
1635832800,4367.64,4391.74,4350.09,4378.96,378925.0
1635836400,4378.97,4383.0,4338.0,4341.02,257349.0
1635840000,4341.48,4364.24,4327.76,4350.52,176282.0
1635843600,4350.53,4448.5,4340.19,4432.61,672723.0
1635847200,4431.5,4488.63,4430.31,4446.79,777670.0
1635850800,4446.79,4456.0,4415.37,4416.58,269039.0
1635854400,4416.59,4451.76,4416.58,4437.79,224083.0
1635858000,4437.8,4493.34,4437.8,4492.6,365472.0
1635861600,4492.6,4503.0,4457.41,4467.05,517854.0
1635865200,4467.04,4526.92,4467.04,4510.71,575025.0
1635868800,4510.75,4517.57,4482.01,4499.99,270915.0
1635872400,4500.63,4503.5,4475.66,4476.98,131171.0
1635876000,4476.98,4504.87,4476.97,4497.34,99902.0
1635879600,4497.64,4520.0,4492.34,4509.17,126606.0
1635883200,4508.31,4528.16,4488.18,4497.3,208833.0
1635886800,4497.57,4528.07,4481.01,4525.0,132208.0
1635890400,4524.99,4615.63,4515.05,4541.48,475589.0
1635894000,4541.47,4605.0,4538.32,4590.59,416574.0
1635897600,4590.59,4683.37,4556.3,4636.1,555604.0
1635901200,4636.1,4644.0,4602.35,4613.66,256444.0
1635904800,4613.66,4613.66,4579.11,4601.49,204277.0
1635908400,4601.49,4601.78,4580.13,4592.47,147115.0
1635912000,4592.46,4594.0,4540.55,4543.81,311315.0
1635915600,4543.81,4576.0,4541.08,4562.01,293141.0
1635919200,4562.01,4573.48,4552.61,4559.01,148167.0
1635922800,4559.01,4693.57,4555.0,4615.57,375065.0
1635926400,4615.58,4617.33,4578.26,4582.06,233000.0
1635930000,4581.84,4619.58,4574.51,4595.01,204748.0
1635933600,4595.96,4609.02,4573.78,4577.0,130425.0
1635937200,4577.0,4583.0,4552.48,4577.22,204634.0
1635940800,4577.2,4578.0,4494.67,4522.36,479152.0
1635944400,4522.36,4627.96,4477.22,4482.91,634251.0
1635948000,4482.91,4516.72,4453.61,4509.02,422729.0
1635951600,4509.02,4545.7,4494.02,4542.04,238170.0
1635955200,4542.04,4562.0,4510.21,4523.99,273269.0
1635958800,4523.98,4564.23,4520.2,4549.55,183458.0
1635962400,4549.54,4664.0,4494.67,4659.15,735540.0
1635966000,4659.16,4674.47,4611.84,4626.96,207490.0
1635969600,4626.97,4639.54,4603.3,4616.12,92900.0
1635973200,4616.12,4633.02,4597.61,4610.61,65263.0
1635976800,4610.6,4616.85,4581.09,4593.09,78459.0
1635980400,4593.16,4609.99,4577.2,4604.32,115586.0
1635984000,4604.32,4607.9,4556.79,4573.5,200815.0
1635987600,4573.5,4575.12,4554.0,4554.45,140429.0
1635991200,4554.92,4578.32,4552.68,4565.63,116102.0
1635994800,4565.63,4571.7,4541.58,4557.07,181075.0
1635998400,4557.0,4590.58,4555.71,4579.29,146261.0
1636002000,4579.28,4582.15,4531.7,4540.25,168876.0
1636005600,4540.26,4573.73,4534.87,4570.0,171931.0
1636009200,4570.0,4579.86,4514.0,4517.46,251379.0
1636012800,4517.65,4556.0,4496.91,4502.39,414450.0
1636016400,4502.38,4528.27,4482.0,4523.05,440048.0
1636020000,4523.05,4543.0,4501.28,4533.29,274692.0
1636023600,4533.29,4542.65,4491.98,4508.93,224310.0
1636027200,4508.93,4539.0,4502.2,4537.43,170222.0
1636030800,4537.43,4557.66,4512.83,4548.45,295557.0
1636034400,4548.45,4583.19,4528.19,4531.17,320710.0
1636038000,4531.17,4535.51,4460.55,4479.24,770525.0
1636041600,4479.24,4501.0,4440.64,4470.7,520169.0
1636045200,4470.7,4481.93,4444.66,4445.58,199183.0
1636048800,4445.57,4483.79,4420.97,4442.89,265746.0
1636052400,4442.89,4490.2,4440.56,4489.02,152959.0
1636056000,4489.02,4525.52,4480.83,4511.99,183066.0
1636059600,4511.99,4529.9,4502.12,4522.8,48792.0
1636063200,4522.81,4532.41,4501.15,4516.49,80102.0
1636066800,4516.49,4537.8,4511.8,4533.96,85510.0
1636070400,4533.28,4537.13,4469.14,4473.78,206605.0
1636074000,4473.79,4527.86,4470.0,4527.7,192752.0
1636077600,4527.71,4534.0,4503.44,4503.45,203643.0
1636081200,4503.45,4558.0,4503.0,4543.25,243322.0
1636084800,4543.25,4543.26,4529.18,4529.57,85448.0
1636088400,4529.94,4542.0,4516.29,4542.0,125015.0
1636092000,4542.0,4574.0,4529.2,4531.05,301864.0
1636095600,4531.05,4553.7,4528.79,4530.97,143350.0
1636099200,4530.96,4542.24,4518.22,4540.87,150013.0
1636102800,4540.87,4546.34,4500.63,4511.82,222992.0
1636106400,4511.83,4519.09,4490.59,4503.13,179287.0
1636110000,4503.13,4516.0,4471.84,4476.88,308147.0
1636113600,4476.88,4500.0,4452.0,4497.98,249686.0
1636117200,4497.97,4537.16,4492.79,4519.27,302523.0
1636120800,4519.28,4529.0,4486.26,4488.55,217089.0
1636124400,4488.54,4490.91,4452.63,4464.67,410216.0
1636128000,4464.46,4488.96,4462.53,4484.61,126451.0
1636131600,4484.61,4496.86,4473.29,4482.88,172570.0
1636135200,4482.88,4511.82,4477.68,4500.79,177677.0
1636138800,4500.79,4500.79,4476.16,4494.29,124340.0
1636142400,4494.21,4494.22,4444.26,4452.14,197668.0
1636146000,4451.95,4481.82,4450.28,4461.81,62180.0
1636149600,4461.82,4483.16,4455.01,4481.02,58678.0
1636153200,4481.02,4482.91,4458.0,4474.8,96365.0
1636156800,4473.98,4511.67,4456.83,4501.51,193519.0
1636160400,4501.51,4509.72,4480.07,4499.12,149089.0
1636164000,4499.12,4506.27,4476.83,4486.06,89606.0
1636167600,4486.05,4500.0,4476.5,4493.1,79981.0
1636171200,4492.56,4500.74,4478.26,4495.86,120650.0
1636174800,4495.87,4518.0,4490.99,4506.67,155644.0
1636178400,4506.67,4512.86,4484.21,4489.65,106065.0
1636182000,4489.65,4494.45,4458.46,4470.59,346546.0
1636185600,4471.0,4495.97,4463.51,4471.2,268930.0
1636189200,4471.2,4481.13,4462.68,4462.69,94588.0
1636192800,4462.69,4469.93,4366.8,4389.0,676248.0
1636196400,4389.0,4393.03,4336.73,4368.77,624456.0
1636200000,4368.78,4376.85,4324.16,4362.95,475732.0
1636203600,4362.96,4394.0,4360.07,4380.79,228975.0
1636207200,4381.63,4412.0,4368.14,4397.34,208607.0
1636210800,4397.34,4406.83,4388.42,4397.62,108664.0
1636214400,4397.62,4410.69,4382.7,4408.21,129009.0
1636218000,4408.87,4446.22,4405.0,4416.08,243433.0
1636221600,4416.08,4446.0,4415.38,4438.51,104916.0
1636225200,4438.9,4497.74,4437.55,4496.05,311686.0
1636228800,4496.06,4523.53,4482.16,4483.57,200361.0
1636232400,4483.58,4534.0,4483.58,4512.6,89660.0
1636236000,4512.6,4519.78,4497.7,4502.46,69867.0
1636239600,4502.47,4519.57,4497.83,4519.0,60601.0
1636243200,4519.0,4554.83,4503.0,4547.85,225140.0
1636246800,4547.84,4574.52,4544.24,4554.37,312868.0
1636250400,4554.36,4562.67,4535.74,4545.97,101056.0
1636254000,4545.87,4556.27,4540.83,4551.51,69652.0
1636257600,4551.51,4572.49,4547.81,4549.52,118020.0
1636261200,4549.52,4551.23,4539.21,4545.07,76588.0
1636264800,4545.07,4560.41,4542.0,4547.2,109686.0
1636268400,4547.2,4554.64,4539.55,4543.02,91330.0
1636272000,4543.02,4554.9,4541.01,4545.46,87983.0
1636275600,4545.46,4594.3,4520.44,4585.37,373624.0
1636279200,4585.37,4623.43,4585.37,4596.79,435844.0
1636282800,4596.8,4603.4,4577.02,4595.71,173952.0
1636286400,4594.99,4617.31,4587.05,4596.66,209217.0
1636290000,4596.67,4619.91,4593.37,4606.38,143063.0
1636293600,4606.37,4627.7,4599.51,4599.76,222500.0
1636297200,4599.76,4609.0,4575.36,4605.39,186262.0
1636300800,4604.86,4620.0,4592.52,4593.43,147189.0
1636304400,4593.42,4611.23,4590.4,4611.06,64267.0
1636308000,4611.05,4614.53,4590.0,4611.23,89140.0
1636311600,4611.24,4617.35,4595.16,4604.24,59209.0
1636315200,4604.24,4629.81,4591.9,4625.55,86762.0
1636318800,4625.55,4641.86,4622.2,4626.74,109492.0
1636322400,4626.74,4632.12,4586.03,4596.3,74568.0
1636326000,4596.3,4617.54,4593.51,4613.83,105829.0
1636329600,4613.83,4707.32,4613.49,4693.55,690311.0
1636333200,4693.56,4719.44,4680.43,4688.54,315960.0
1636336800,4688.15,4713.13,4688.15,4698.96,146248.0
1636340400,4699.55,4746.0,4698.31,4721.22,309122.0
1636344000,4721.21,4726.48,4708.01,4712.31,151769.0
1636347600,4712.32,4728.54,4711.86,4718.13,162471.0
1636351200,4718.13,4836.0,4714.4,4738.72,494099.0
1636354800,4738.8,4750.0,4719.09,4725.71,207134.0
1636358400,4725.71,4743.11,4711.52,4741.24,181810.0
1636362000,4741.24,4743.99,4719.01,4723.51,143546.0
1636365600,4723.5,4739.41,4719.73,4732.64,151827.0
1636369200,4733.27,4738.0,4720.76,4732.2,111945.0
1636372800,4732.2,4748.0,4724.01,4738.04,208829.0
1636376400,4738.04,4774.76,4710.13,4716.03,431251.0
1636380000,4716.04,4734.48,4703.19,4711.62,221352.0
1636383600,4712.14,4778.0,4709.3,4762.9,369533.0
1636387200,4762.9,4783.84,4748.66,4768.65,258120.0
1636390800,4768.65,4793.88,4767.09,4781.36,179193.0
1636394400,4781.36,4787.92,4772.23,4775.38,109398.0
1636398000,4775.38,4787.53,4749.46,4750.1,120724.0
1636401600,4750.35,4766.69,4728.45,4756.39,222736.0
1636405200,4756.38,4785.94,4752.2,4770.0,110968.0
1636408800,4770.01,4780.31,4757.36,4779.4,47224.0
1636412400,4779.4,4827.93,4760.66,4812.01,350903.0
1636416000,4812.0,4812.01,4782.0,4792.69,239038.0
1636419600,4791.95,4807.7,4783.71,4796.24,113684.0
1636423200,4796.95,4802.0,4781.3,4789.03,127921.0
1636426800,4789.03,4819.61,4779.35,4816.16,206483.0
1636430400,4816.17,4816.97,4795.0,4805.99,162911.0
1636434000,4805.99,4827.83,4804.0,4827.09,187995.0
1636437600,4827.1,4848.0,4799.81,4812.18,313394.0
1636441200,4812.17,4819.49,4776.07,4785.14,222705.0
1636444800,4785.14,4810.65,4773.07,4808.1,225364.0
1636448400,4808.11,4823.0,4801.06,4815.97,178494.0
1636452000,4815.96,4816.08,4795.75,4799.68,123030.0
1636455600,4799.68,4802.31,4751.11,4773.73,340815.0
1636459200,4773.74,4788.49,4756.66,4781.82,239607.0
1636462800,4781.82,4816.83,4779.89,4813.41,223272.0
1636466400,4813.4,4837.47,4783.67,4794.38,447038.0
1636470000,4794.38,4830.0,4758.0,4789.71,639590.0
1636473600,4789.72,4801.95,4763.0,4775.45,352745.0
1636477200,4775.45,4787.99,4738.67,4780.1,350493.0
1636480800,4780.1,4794.85,4745.38,4746.0,126607.0
1636484400,4745.99,4754.7,4712.54,4754.26,220085.0
1636488000,4754.48,4777.78,4734.0,4776.8,168243.0
1636491600,4776.81,4804.15,4765.44,4801.27,112867.0
1636495200,4801.42,4801.43,4750.08,4758.43,92685.0
1636498800,4758.43,4769.62,4716.03,4732.35,299515.0
1636502400,4732.35,4759.2,4690.0,4720.07,417731.0
1636506000,4720.07,4742.79,4712.42,4727.68,190856.0
1636509600,4727.67,4748.83,4725.37,4734.43,165866.0
1636513200,4734.43,4734.43,4678.0,4691.48,433755.0
1636516800,4691.48,4714.6,4676.5,4710.99,235928.0
1636520400,4710.99,4712.11,4695.0,4698.43,113572.0
1636524000,4698.41,4739.5,4695.38,4738.05,232236.0
1636527600,4738.05,4742.0,4705.89,4713.9,194124.0
1636531200,4713.91,4736.45,4709.0,4711.07,179964.0
1636534800,4711.06,4725.0,4702.69,4708.17,161775.0
1636538400,4708.17,4752.64,4705.57,4740.55,212394.0
1636542000,4740.55,4757.96,4727.37,4729.36,143187.0
1636545600,4729.35,4753.88,4697.53,4710.07,291675.0
1636549200,4710.07,4802.67,4686.84,4794.07,655521.0
1636552800,4794.07,4877.7,4791.76,4848.01,652166.0
1636556400,4848.01,4860.87,4833.63,4849.0,231369.0
1636560000,4849.0,4870.0,4833.88,4847.07,238537.0
1636563600,4847.07,4853.87,4824.31,4839.0,147249.0
1636567200,4839.0,4839.96,4763.0,4781.73,283542.0
1636570800,4781.7,4806.68,4691.94,4702.6,413121.0
1636574400,4702.61,4720.0,4576.0,4638.26,1028891.0
1636578000,4637.91,4700.59,4445.18,4552.85,1249239.0
1636581600,4552.86,4662.93,4526.68,4641.23,308810.0
1636585200,4641.02,4641.1,4584.0,4628.21,260376.0
1636588800,4628.1,4628.1,4578.16,4627.42,307111.0
1636592400,4627.42,4633.38,4597.24,4618.31,171493.0
1636596000,4618.31,4618.32,4583.14,4614.98,206838.0
1636599600,4614.98,4653.06,4603.99,4637.66,293677.0
1636603200,4636.92,4642.29,4621.01,4636.01,115287.0
1636606800,4634.13,4663.17,4634.12,4654.0,156186.0
1636610400,4654.0,4677.7,4640.25,4668.41,196757.0
1636614000,4668.42,4697.5,4668.27,4690.09,213257.0
1636617600,4690.09,4723.52,4655.55,4721.32,359709.0
1636621200,4721.61,4778.88,4699.01,4728.33,342223.0
1636624800,4728.33,4730.57,4683.94,4707.5,213655.0
1636628400,4707.51,4720.93,4695.13,4720.93,131223.0
1636632000,4720.93,4728.51,4672.49,4714.58,272069.0
1636635600,4714.57,4723.84,4691.29,4701.94,177986.0
1636639200,4702.5,4767.47,4679.7,4736.07,490915.0
1636642800,4736.07,4756.33,4705.67,4718.51,289306.0
1636646400,4718.51,4785.53,4716.0,4767.55,315112.0
1636650000,4767.56,4775.0,4743.0,4751.58,123767.0
1636653600,4751.58,4759.51,4720.09,4728.0,100881.0
1636657200,4728.0,4762.27,4727.71,4759.17,69128.0
1636660800,4759.59,4778.21,4730.06,4731.04,149765.0
1636664400,4731.37,4752.86,4728.82,4743.49,57963.0
1636668000,4743.48,4763.72,4731.1,4750.93,60836.0
1636671600,4750.53,4751.8,4713.77,4722.0,167916.0
1636675200,4721.6,4739.0,4698.08,4728.0,233751.0
1636678800,4728.0,4794.0,4692.05,4784.39,562382.0
1636682400,4784.39,4813.41,4773.0,4788.91,400382.0
1636686000,4788.92,4795.98,4763.34,4776.99,166598.0
1636689600,4776.99,4788.0,4760.0,4783.49,155788.0
1636693200,4783.49,4785.0,4741.28,4742.85,177913.0
1636696800,4742.85,4755.26,4717.83,4722.84,206974.0
1636700400,4722.84,4733.32,4693.94,4712.34,347781.0
1636704000,4712.6,4739.99,4686.39,4733.74,293853.0
1636707600,4733.36,4733.74,4608.05,4616.95,713565.0
1636711200,4616.96,4648.0,4602.0,4613.18,502860.0
1636714800,4613.18,4640.0,4578.0,4602.09,509955.0
1636718400,4602.72,4634.4,4555.0,4597.45,620601.0
1636722000,4597.44,4618.64,4535.0,4604.71,607041.0
1636725600,4604.77,4621.78,4579.0,4584.45,282543.0
1636729200,4583.96,4598.61,4552.94,4570.08,437294.0
1636732800,4570.08,4600.0,4507.7,4572.48,1107728.0
1636736400,4572.22,4622.64,4560.5,4617.46,350558.0
1636740000,4617.46,4671.87,4614.75,4640.08,531049.0
1636743600,4640.09,4658.15,4621.08,4653.35,200303.0
1636747200,4653.34,4682.34,4651.63,4668.36,187220.0
1636750800,4668.37,4694.0,4648.68,4654.56,143968.0
1636754400,4654.56,4661.77,4630.62,4643.07,84172.0
1636758000,4643.06,4687.01,4642.44,4666.11,145444.0
1636761600,4666.12,4708.78,4666.11,4687.7,191929.0
1636765200,4687.7,4692.24,4623.68,4630.48,244243.0
1636768800,4630.47,4649.74,4617.0,4629.78,221973.0
1636772400,4629.78,4645.0,4627.28,4638.16,105053.0
1636776000,4638.16,4648.99,4611.77,4621.09,168197.0
1636779600,4621.09,4634.0,4610.96,4617.53,138999.0
1636783200,4617.53,4653.46,4617.08,4646.92,157395.0
1636786800,4646.92,4652.78,4624.66,4644.67,129306.0
1636790400,4644.68,4647.84,4619.71,4625.0,131309.0
1636794000,4625.08,4628.76,4584.22,4592.8,312734.0
1636797600,4592.43,4618.12,4587.6,4614.35,170341.0
1636801200,4614.35,4618.63,4596.91,4607.26,129244.0
1636804800,4608.29,4633.86,4598.02,4604.01,210788.0
1636808400,4604.0,4625.0,4601.03,4615.9,143791.0
1636812000,4615.89,4699.18,4615.09,4673.4,788870.0
1636815600,4673.4,4692.0,4664.48,4680.79,187057.0
1636819200,4680.66,4707.0,4672.27,4675.88,251514.0
1636822800,4675.87,4689.46,4663.59,4688.58,104036.0
1636826400,4688.58,4691.63,4645.4,4654.9,310034.0
1636830000,4654.91,4654.91,4617.11,4644.49,176554.0
1636833600,4644.49,4663.61,4641.17,4660.74,97063.0
1636837200,4660.73,4661.2,4640.94,4655.68,114364.0
1636840800,4655.67,4661.46,4634.52,4638.03,104673.0
1636844400,4638.03,4659.65,4633.1,4644.35,153781.0
1636848000,4644.3,4697.86,4637.78,4673.8,371864.0
1636851600,4673.8,4679.54,4649.21,4659.61,174757.0
1636855200,4659.61,4666.0,4629.36,4632.58,215937.0
1636858800,4632.58,4647.48,4619.33,4625.99,273054.0
1636862400,4625.99,4647.0,4622.7,4630.62,192266.0
1636866000,4630.63,4645.01,4620.37,4640.33,187234.0
1636869600,4640.33,4658.0,4630.78,4637.82,233603.0
1636873200,4637.82,4640.4,4591.93,4597.74,453192.0
1636876800,4597.74,4607.99,4572.0,4583.81,379714.0
1636880400,4583.81,4606.0,4568.17,4589.94,262727.0
1636884000,4589.93,4617.0,4585.23,4606.74,165275.0
1636887600,4606.33,4615.0,4596.0,4612.9,105138.0
1636891200,4612.91,4641.78,4591.55,4619.38,300246.0
1636894800,4619.38,4629.78,4613.36,4614.17,138802.0
1636898400,4614.65,4614.65,4581.16,4595.06,274539.0
1636902000,4595.06,4595.84,4575.4,4585.48,207945.0
1636905600,4585.49,4591.45,4527.05,4539.18,578428.0
1636909200,4539.0,4565.31,4516.2,4558.0,328241.0
1636912800,4558.67,4573.25,4531.4,4548.88,197615.0
1636916400,4549.35,4549.35,4525.03,4546.59,166543.0
1636920000,4546.59,4562.32,4535.0,4554.15,110050.0
1636923600,4554.14,4606.0,4541.98,4574.81,310443.0
1636927200,4574.81,4599.36,4570.06,4574.22,115230.0
1636930800,4574.22,4634.47,4546.44,4627.46,314046.0
1636934400,4627.46,4699.0,4627.46,4676.91,512833.0
1636938000,4676.92,4727.51,4666.1,4717.26,447467.0
1636941600,4717.15,4724.2,4691.25,4697.02,208952.0
1636945200,4697.01,4710.5,4690.0,4704.22,108951.0
1636948800,4704.22,4724.0,4699.7,4706.53,172840.0
1636952400,4706.53,4714.26,4691.65,4693.81,88076.0
1636956000,4693.81,4710.6,4690.0,4697.13,128904.0
1636959600,4697.17,4702.49,4678.51,4680.83,140962.0
1636963200,4681.18,4724.0,4660.0,4719.2,352997.0
1636966800,4719.2,4749.44,4714.0,4723.09,456692.0
1636970400,4723.09,4744.06,4706.97,4731.7,276305.0
1636974000,4731.69,4732.37,4712.0,4723.29,183982.0
1636977600,4723.65,4785.99,4704.58,4740.2,425840.0
1636981200,4740.2,4768.66,4712.62,4722.78,428721.0
1636984800,4722.82,4722.82,4675.58,4682.37,497699.0
1636988400,4682.37,4685.38,4632.02,4648.88,586009.0
1636992000,4648.18,4662.0,4601.24,4619.21,545330.0
1636995600,4619.21,4626.95,4602.49,4607.25,213240.0
1636999200,4607.06,4609.98,4568.75,4585.58,401617.0
1637002800,4585.58,4605.0,4563.81,4602.0,185743.0
1637006400,4602.0,4602.0,4557.38,4563.7,266581.0
1637010000,4563.7,4582.95,4543.55,4570.72,190729.0
1637013600,4570.72,4581.85,4540.7,4581.1,208239.0
1637017200,4581.1,4587.0,4555.2,4563.95,206058.0
1637020800,4563.95,4563.95,4420.0,4438.54,1234562.0
1637024400,4438.53,4445.9,4226.0,4396.94,1908916.0
1637028000,4396.52,4403.8,4341.0,4347.94,364292.0
1637031600,4347.93,4369.76,4273.38,4309.78,918113.0
1637035200,4309.77,4356.81,4263.32,4341.94,658562.0
1637038800,4341.93,4364.5,4327.8,4334.4,293030.0
1637042400,4334.4,4343.87,4285.27,4336.66,415843.0
1637046000,4336.67,4344.53,4283.3,4309.55,369770.0
1637049600,4309.81,4329.95,4290.47,4326.85,279372.0
1637053200,4326.4,4341.66,4220.0,4240.03,807487.0
1637056800,4240.02,4262.0,4091.22,4252.0,2169993.0
1637060400,4250.95,4290.79,4238.94,4289.34,519993.0
1637064000,4289.33,4294.66,4222.04,4228.6,488091.0
1637067600,4227.67,4290.39,4224.86,4277.35,382744.0
1637071200,4277.35,4343.5,4269.06,4311.0,620369.0
1637074800,4311.0,4321.97,4273.14,4285.36,297817.0
1637078400,4285.36,4329.7,4280.11,4316.11,231890.0
1637082000,4316.12,4327.51,4283.46,4293.38,154664.0
1637085600,4293.38,4315.88,4235.0,4235.0,229260.0
1637089200,4235.0,4291.94,4229.44,4266.21,217342.0
1637092800,4265.01,4267.6,4161.19,4196.4,433121.0
1637096400,4196.4,4274.65,4190.75,4254.04,239998.0
1637100000,4254.04,4295.79,4254.04,4259.74,112710.0
1637103600,4259.74,4267.73,4205.51,4207.47,245313.0
1637107200,4207.48,4240.51,4168.0,4186.15,669370.0
1637110800,4186.16,4229.0,4128.2,4134.17,672003.0
1637114400,4133.1,4167.06,4114.0,4137.15,555204.0
1637118000,4137.16,4181.09,4060.0,4122.02,1093253.0
1637121600,4122.28,4144.36,4078.42,4143.06,692269.0
1637125200,4143.7,4188.0,4128.22,4175.0,571109.0
1637128800,4175.01,4183.7,4144.01,4166.73,278905.0
1637132400,4166.74,4218.0,4145.74,4183.05,406019.0
1637136000,4183.04,4219.13,4172.48,4192.81,320794.0
1637139600,4193.09,4193.88,4119.77,4128.61,561285.0
1637143200,4128.61,4235.55,4099.42,4225.7,789954.0
1637146800,4226.32,4255.84,4208.52,4252.48,337336.0
1637150400,4252.09,4261.79,4230.52,4243.08,218525.0
1637154000,4243.09,4259.87,4220.51,4223.6,188574.0
1637157600,4223.6,4239.84,4170.01,4172.48,383897.0
1637161200,4172.47,4194.27,4143.24,4174.79,344986.0
1637164800,4174.79,4240.25,4149.03,4235.11,433361.0
1637168400,4235.01,4248.13,4197.6,4233.39,220740.0
1637172000,4233.4,4261.92,4228.31,4248.94,156950.0
1637175600,4248.94,4267.72,4222.98,4240.99,121464.0
1637179200,4241.33,4265.71,4213.16,4256.18,208511.0
1637182800,4256.19,4257.84,4210.25,4254.54,153454.0
1637186400,4254.88,4264.84,4219.0,4236.85,160535.0
1637190000,4236.23,4302.04,4220.2,4289.18,315429.0
1637193600,4289.18,4331.66,4270.15,4318.63,375997.0
1637197200,4318.57,4336.23,4286.48,4308.97,341762.0
1637200800,4309.4,4342.2,4299.45,4334.19,299058.0
1637204400,4334.19,4336.67,4278.28,4280.0,387523.0
1637208000,4280.0,4299.29,4253.0,4255.01,372429.0
1637211600,4255.01,4266.0,4235.0,4256.62,343121.0
1637215200,4255.06,4267.29,4231.19,4248.67,196001.0
1637218800,4248.67,4254.55,4225.0,4248.13,263586.0
1637222400,4248.13,4260.0,4229.28,4243.38,235883.0
1637226000,4243.38,4249.29,4180.12,4206.78,445033.0
1637229600,4206.78,4243.83,4183.0,4240.39,380698.0
1637233200,4240.39,4247.32,4185.05,4190.0,266597.0
1637236800,4190.03,4236.46,4161.37,4182.93,683472.0
1637240400,4182.92,4211.78,4145.72,4174.18,667752.0
1637244000,4174.17,4183.0,4130.13,4141.36,535416.0
1637247600,4141.36,4159.47,4044.39,4071.27,1539971.0
1637251200,4071.26,4086.55,3997.21,4000.92,1119909.0
1637254800,4000.65,4076.66,3958.43,4036.7,1224712.0
1637258400,4036.07,4084.19,4035.8,4073.79,295682.0
1637262000,4073.79,4090.25,4059.11,4064.7,186194.0
1637265600,4064.41,4092.67,4036.35,4058.61,222782.0
1637269200,4058.71,4077.48,4006.18,4020.08,150301.0
1637272800,4020.08,4037.11,3965.31,3972.4,357472.0
1637276400,3972.43,4007.79,3958.2,3995.94,557368.0
1637280000,3997.48,4105.08,3974.51,4102.88,668207.0
1637283600,4102.88,4105.99,4037.96,4040.15,385519.0
1637287200,4040.15,4075.0,3988.0,4006.13,510879.0
1637290800,4006.14,4027.57,3981.0,4012.8,357058.0
1637294400,4012.79,4056.17,4008.42,4053.0,263807.0
1637298000,4052.99,4087.74,4034.0,4078.99,326304.0
1637301600,4078.99,4088.87,4051.96,4062.11,183385.0
1637305200,4061.89,4080.27,4041.66,4063.34,206698.0
1637308800,4063.33,4167.0,4062.79,4140.67,678080.0
1637312400,4140.68,4174.0,4139.59,4153.49,265914.0
1637316000,4152.92,4159.38,4127.0,4144.93,188894.0
1637319600,4144.94,4160.67,4112.53,4140.95,402474.0
1637323200,4140.8,4173.34,4134.46,4140.31,309228.0
1637326800,4140.31,4208.32,4130.81,4205.0,435300.0
1637330400,4205.58,4235.97,4190.0,4229.89,418859.0
1637334000,4229.89,4233.93,4205.21,4215.25,253406.0
1637337600,4215.26,4257.76,4210.59,4250.55,257857.0
1637341200,4250.12,4276.0,4249.2,4253.55,265706.0
1637344800,4253.42,4264.7,4242.39,4263.98,136708.0
1637348400,4263.99,4296.7,4253.22,4289.33,149514.0
1637352000,4289.2,4307.9,4261.38,4267.46,191454.0
1637355600,4266.65,4277.09,4247.21,4275.35,101240.0
1637359200,4275.36,4304.74,4270.57,4278.3,116618.0
1637362800,4278.29,4302.75,4267.95,4293.03,155255.0
1637366400,4293.04,4324.9,4283.44,4296.94,399026.0
1637370000,4296.95,4335.0,4292.14,4326.42,329057.0
1637373600,4326.42,4332.75,4307.98,4307.99,237285.0
1637377200,4307.99,4315.39,4277.52,4282.77,250562.0
1637380800,4282.77,4296.49,4265.0,4291.67,207077.0
1637384400,4291.67,4298.0,4266.04,4277.19,158753.0
1637388000,4277.02,4321.67,4274.28,4293.96,225681.0
1637391600,4294.47,4300.95,4273.32,4281.63,148268.0
1637395200,4281.63,4308.99,4270.71,4290.0,172665.0
1637398800,4290.0,4306.57,4278.8,4290.14,120108.0
1637402400,4290.14,4315.0,4278.0,4295.24,168206.0
1637406000,4295.25,4324.07,4294.31,4316.81,170878.0
1637409600,4316.82,4333.36,4305.35,4312.1,190992.0
1637413200,4312.1,4319.59,4285.11,4295.09,176668.0
1637416800,4295.09,4323.15,4284.94,4285.1,204205.0
1637420400,4285.08,4289.51,4213.0,4216.51,703661.0
1637424000,4216.32,4245.53,4202.2,4244.22,278403.0
1637427600,4244.22,4254.99,4228.2,4251.2,127896.0
1637431200,4252.55,4393.6,4246.52,4371.5,835942.0
1637434800,4371.5,4399.99,4366.7,4398.12,203480.0
1637438400,4398.12,4420.74,4390.34,4407.75,190059.0
1637442000,4407.76,4431.91,4403.05,4429.0,147622.0
1637445600,4429.01,4436.18,4406.12,4412.86,110869.0
1637449200,4412.86,4422.71,4392.59,4412.46,142236.0
1637452800,4412.47,4416.72,4386.23,4391.55,176080.0
1637456400,4391.72,4396.77,4366.0,4376.37,144828.0
1637460000,4376.37,4380.0,4333.8,4367.87,300250.0
1637463600,4367.79,4384.91,4337.77,4344.6,223798.0
1637467200,4344.6,4368.48,4327.0,4331.63,204893.0
1637470800,4331.01,4366.15,4328.86,4366.15,135656.0
1637474400,4366.15,4381.45,4351.0,4381.45,183924.0
1637478000,4381.45,4381.45,4349.06,4349.3,101127.0
1637481600,4349.18,4369.79,4335.89,4341.1,179596.0
1637485200,4341.09,4359.96,4338.01,4351.77,91668.0
1637488800,4351.78,4359.0,4305.0,4322.53,255595.0
1637492400,4322.54,4355.05,4302.0,4319.3,361599.0
1637496000,4319.3,4351.73,4307.27,4330.61,283328.0
1637499600,4330.61,4343.32,4317.0,4318.33,141251.0
1637503200,4318.33,4339.68,4306.62,4331.89,212350.0
1637506800,4331.89,4389.81,4322.0,4367.32,304465.0
1637510400,4367.32,4420.0,4335.1,4411.99,477767.0
1637514000,4411.99,4426.0,4367.01,4373.43,258324.0
1637517600,4373.42,4373.43,4354.56,4359.98,111572.0
1637521200,4358.87,4365.19,4338.69,4345.34,113709.0
1637524800,4345.33,4391.31,4345.17,4383.14,75647.0
1637528400,4383.15,4387.99,4362.34,4363.62,78776.0
1637532000,4362.91,4368.05,4302.0,4315.11,147989.0
1637535600,4314.61,4338.55,4241.3,4256.63,434034.0
1637539200,4257.77,4266.05,4210.0,4230.97,468509.0
1637542800,4230.04,4242.99,4167.04,4213.19,443266.0
1637546400,4212.37,4217.32,4156.1,4188.73,334371.0
1637550000,4188.73,4210.62,4133.98,4166.95,504091.0
1637553600,4166.99,4184.0,4147.73,4157.08,226540.0
1637557200,4156.73,4184.95,4126.0,4184.95,285826.0
1637560800,4184.94,4185.0,4160.68,4179.22,132804.0
1637564400,4179.23,4220.84,4177.0,4188.01,266092.0
1637568000,4188.79,4210.28,4186.0,4197.13,142685.0
1637571600,4197.13,4239.12,4188.32,4189.17,313840.0
1637575200,4189.53,4205.46,4166.01,4205.0,205143.0
1637578800,4205.0,4213.08,4170.57,4172.41,155979.0
1637582400,4172.41,4233.55,4165.61,4179.92,552577.0
1637586000,4179.09,4327.0,4126.86,4279.22,1713917.0
1637589600,4278.58,4300.0,4231.28,4242.89,475318.0
1637593200,4242.89,4255.11,4226.14,4236.33,233815.0
1637596800,4236.83,4246.99,4207.15,4231.74,261422.0
1637600400,4231.74,4236.57,4185.0,4210.63,227638.0
1637604000,4210.62,4213.08,4137.0,4138.06,259958.0
1637607600,4138.01,4174.0,4048.29,4064.75,765162.0
1637611200,4065.82,4092.94,4050.19,4060.88,249144.0
1637614800,4060.01,4085.99,4019.32,4078.44,433333.0
1637618400,4078.01,4113.45,4064.18,4113.44,141802.0
1637622000,4113.44,4113.51,4080.48,4084.71,180612.0
1637625600,4084.7,4139.97,4063.01,4133.01,485940.0
1637629200,4133.0,4154.18,4120.22,4138.81,236149.0
1637632800,4139.68,4161.73,4115.61,4159.28,193170.0
1637636400,4159.29,4195.0,4149.49,4178.92,342148.0
1637640000,4178.01,4190.11,4163.02,4168.62,192741.0
1637643600,4168.63,4172.15,4142.33,4157.13,192951.0
1637647200,4157.13,4164.44,4125.0,4142.51,176089.0
1637650800,4142.51,4144.81,4088.89,4108.67,403987.0
1637654400,4108.66,4140.0,4080.1,4132.42,343289.0
1637658000,4132.85,4189.8,4060.0,4143.93,1211739.0
1637661600,4143.92,4231.0,4113.34,4156.29,938011.0
1637665200,4155.93,4176.07,4119.84,4134.69,384078.0
1637668800,4134.99,4158.0,4130.0,4136.28,187402.0
1637672400,4137.05,4193.2,4135.55,4181.94,318198.0
1637676000,4181.95,4323.66,4173.28,4312.07,1006279.0
1637679600,4312.08,4331.67,4269.01,4272.25,633342.0
1637683200,4272.25,4358.0,4272.25,4351.99,527950.0
1637686800,4352.0,4357.98,4314.37,4322.45,271601.0
1637690400,4322.45,4332.49,4292.0,4321.63,275727.0
1637694000,4321.58,4361.74,4305.24,4357.47,220952.0
1637697600,4357.48,4386.58,4340.78,4384.83,212971.0
1637701200,4383.89,4384.86,4341.55,4351.21,103625.0
1637704800,4351.21,4359.45,4322.98,4333.93,80068.0
1637708400,4334.66,4356.0,4329.5,4339.07,141687.0
1637712000,4339.72,4375.0,4339.72,4350.83,257724.0
1637715600,4351.35,4361.52,4298.84,4300.35,344341.0
1637719200,4300.7,4310.77,4233.33,4247.02,745207.0
1637722800,4247.02,4255.24,4231.52,4247.57,253109.0
1637726400,4246.89,4292.88,4242.33,4270.32,287010.0
1637730000,4270.32,4290.0,4260.9,4269.73,200561.0
1637733600,4269.73,4278.93,4217.46,4271.7,376835.0
1637737200,4271.7,4292.31,4265.0,4271.24,227903.0
1637740800,4271.24,4344.4,4265.94,4301.41,563796.0
1637744400,4301.42,4330.82,4286.0,4289.3,327932.0
1637748000,4290.12,4300.0,4254.19,4256.92,235415.0
1637751600,4256.93,4305.99,4254.44,4293.01,227142.0
1637755200,4293.01,4312.34,4271.04,4277.26,256328.0
1637758800,4277.26,4308.2,4206.85,4219.63,665241.0
1637762400,4219.63,4246.19,4165.52,4202.02,930295.0
1637766000,4202.02,4274.25,4194.0,4254.0,553882.0
1637769600,4252.6,4280.0,4220.0,4226.51,321489.0
1637773200,4226.51,4253.0,4207.38,4212.77,170884.0
1637776800,4213.0,4261.97,4209.96,4232.87,200660.0
1637780400,4232.88,4239.5,4199.1,4212.8,174240.0
1637784000,4212.8,4274.59,4202.0,4271.88,177132.0
1637787600,4271.44,4283.75,4251.3,4258.87,166462.0
1637791200,4258.88,4280.0,4237.23,4248.98,105730.0
1637794800,4248.98,4278.0,4243.1,4270.34,145361.0
1637798400,4270.33,4330.0,4249.0,4312.3,475334.0
1637802000,4312.31,4335.99,4309.38,4322.4,248152.0
1637805600,4322.15,4334.39,4294.17,4311.09,214870.0
1637809200,4310.76,4324.06,4303.05,4317.88,150127.0
1637812800,4317.69,4323.51,4277.65,4289.16,280557.0
1637816400,4289.16,4294.29,4266.12,4277.33,151970.0
1637820000,4277.33,4294.85,4265.03,4276.35,161829.0
1637823600,4276.35,4309.98,4276.35,4295.71,183427.0
1637827200,4295.91,4326.99,4285.08,4285.45,222043.0
1637830800,4285.32,4299.57,4273.15,4298.37,177190.0
1637834400,4298.38,4383.0,4292.29,4368.37,753876.0
1637838000,4368.18,4399.17,4357.9,4389.43,376509.0
1637841600,4389.43,4455.0,4384.39,4449.96,934765.0
1637845200,4450.0,4474.59,4436.0,4459.64,478692.0
1637848800,4459.64,4493.23,4451.31,4482.83,392778.0
1637852400,4482.84,4508.11,4458.0,4476.24,450883.0
1637856000,4476.24,4512.91,4463.12,4488.43,462871.0
1637859600,4487.73,4532.61,4487.73,4520.13,298669.0
1637863200,4520.13,4523.43,4491.93,4500.0,140891.0
1637866800,4501.02,4514.32,4480.15,4504.5,106092.0
1637870400,4504.5,4529.8,4502.42,4512.48,89571.0
1637874000,4511.93,4528.13,4490.01,4499.39,128138.0
1637877600,4499.39,4518.19,4470.22,4518.19,110836.0
1637881200,4518.2,4557.57,4510.53,4527.96,319748.0
1637884800,4527.24,4553.75,4493.22,4501.78,414351.0
1637888400,4501.35,4524.41,4490.0,4490.66,374325.0
1637892000,4490.65,4505.06,4455.0,4462.13,345155.0
1637895600,4462.13,4473.34,4428.96,4430.1,453460.0
1637899200,4430.09,4450.0,4405.52,4425.99,338867.0
1637902800,4425.99,4436.29,4396.19,4432.35,314179.0
1637906400,4432.34,4440.0,4404.33,4418.61,251457.0
1637910000,4418.61,4421.99,4315.0,4341.35,940099.0
1637913600,4340.79,4341.08,3995.03,4095.54,3195782.0
1637917200,4095.54,4127.52,4050.0,4068.87,992647.0
1637920800,4070.27,4073.31,4032.74,4062.9,228928.0
1637924400,4060.0,4100.0,3973.89,3980.47,538832.0
1637928000,3980.47,4049.0,3908.0,4048.94,1336977.0
1637931600,4048.95,4087.5,4013.39,4082.44,441838.0
1637935200,4083.03,4121.14,4060.75,4099.27,614831.0
1637938800,4098.96,4098.96,4047.47,4061.01,381523.0
1637942400,4061.0,4104.0,4022.0,4072.85,468032.0
1637946000,4072.55,4114.99,4062.44,4072.75,234086.0
1637949600,4072.76,4077.81,4032.28,4046.53,198487.0
1637953200,4046.53,4093.06,4035.37,4082.92,114015.0
1637956800,4082.13,4122.0,4060.0,4119.31,137075.0
1637960400,4119.29,4126.0,4060.0,4066.08,175429.0
1637964000,4066.08,4109.85,4050.48,4067.08,186415.0
1637967600,4067.09,4097.63,4028.08,4043.09,259860.0
1637971200,4042.8,4098.0,4028.0,4068.34,298666.0
1637974800,4068.72,4095.17,4054.69,4090.0,142086.0
1637978400,4090.0,4122.99,4085.43,4112.8,215945.0
1637982000,4112.79,4148.0,4096.07,4114.14,346840.0
1637985600,4114.13,4144.99,4106.12,4131.26,226879.0
1637989200,4130.88,4140.0,4085.79,4086.76,196932.0
1637992800,4086.77,4113.76,4083.94,4095.76,168670.0
1637996400,4095.76,4126.0,4091.12,4122.01,194328.0
1638000000,4122.01,4183.0,4122.01,4160.9,559988.0
1638003600,4160.91,4164.59,4127.5,4129.43,222217.0
1638007200,4129.62,4156.93,4105.0,4135.04,326013.0
1638010800,4135.04,4154.99,4111.0,4112.81,188993.0
1638014400,4112.88,4135.84,4106.85,4126.44,169644.0
1638018000,4126.09,4159.81,4118.96,4139.0,230115.0
1638021600,4139.01,4156.87,4113.97,4117.16,197653.0
1638025200,4117.16,4143.0,4106.01,4132.86,177557.0
1638028800,4132.86,4158.0,4123.21,4135.96,199243.0
1638032400,4135.96,4152.88,4125.71,4135.99,98535.0
1638036000,4135.12,4145.0,4112.9,4130.26,120468.0
1638039600,4130.26,4132.59,4115.0,4115.61,60436.0
1638043200,4115.62,4130.0,4047.26,4054.58,282489.0
1638046800,4054.27,4092.82,4032.1,4080.13,255129.0
1638050400,4079.64,4123.13,4079.03,4115.78,139495.0
1638054000,4115.78,4118.56,4058.32,4095.69,196356.0
1638057600,4095.7,4097.16,4040.77,4078.67,255776.0
1638061200,4078.66,4083.86,4023.32,4033.15,269329.0
1638064800,4032.28,4053.33,3980.6,4051.55,640490.0
1638068400,4051.55,4061.83,4012.1,4027.27,262018.0
1638072000,4027.27,4041.15,4008.47,4021.96,218903.0
1638075600,4021.96,4055.32,4015.01,4054.79,193315.0
1638079200,4054.8,4078.39,4031.99,4070.64,216790.0
1638082800,4070.65,4079.93,4057.37,4071.99,131890.0
1638086400,4070.51,4081.72,4048.0,4059.27,181570.0
1638090000,4059.27,4069.86,4033.17,4067.0,187988.0
1638093600,4066.76,4124.0,4052.71,4109.23,294608.0
1638097200,4109.24,4132.05,4088.0,4097.51,267886.0
1638100800,4097.51,4116.0,4071.38,4095.75,216776.0
1638104400,4095.75,4103.79,4072.46,4081.57,154139.0
1638108000,4081.72,4096.89,4045.0,4084.36,289879.0
1638111600,4084.36,4088.75,4063.36,4078.65,116094.0
1638115200,4078.65,4090.0,4042.51,4069.39,218395.0
1638118800,4069.99,4083.71,4016.73,4037.92,258807.0
1638122400,4037.0,4058.03,3958.6,4050.97,531470.0
1638126000,4051.95,4129.0,4044.0,4100.0,345603.0
1638129600,4100.0,4148.06,4100.0,4138.32,233094.0
1638133200,4137.87,4260.44,4132.85,4252.73,558499.0
1638136800,4252.74,4292.0,4221.03,4226.05,487416.0
1638140400,4226.06,4302.03,4224.27,4296.93,603699.0
1638144000,4296.92,4372.0,4283.31,4343.3,750194.0
1638147600,4343.3,4374.92,4321.5,4335.29,446147.0
1638151200,4335.28,4341.0,4306.35,4311.89,188618.0
1638154800,4311.88,4321.17,4291.0,4307.22,282403.0
1638158400,4307.5,4355.21,4305.75,4325.3,412083.0
1638162000,4326.29,4337.8,4313.14,4321.67,216323.0
1638165600,4321.66,4337.16,4320.0,4334.22,185707.0
1638169200,4334.22,4369.0,4332.22,4350.2,293698.0
1638172800,4350.21,4358.99,4313.51,4318.13,267817.0
1638176400,4318.08,4337.51,4278.6,4293.02,388841.0
1638180000,4293.03,4331.82,4287.68,4323.14,314058.0
1638183600,4323.15,4334.69,4298.01,4299.01,161554.0
1638187200,4299.0,4320.89,4295.62,4309.39,191221.0
1638190800,4309.39,4375.0,4307.12,4345.12,491107.0
1638194400,4345.13,4369.65,4308.1,4318.97,397077.0
1638198000,4319.43,4336.0,4301.0,4335.96,230352.0
1638201600,4335.97,4412.95,4328.01,4409.56,528647.0
1638205200,4409.56,4458.66,4401.49,4438.56,624258.0
1638208800,4438.57,4450.0,4426.26,4427.0,132649.0
1638212400,4427.73,4431.2,4380.28,4387.07,205162.0
1638216000,4387.48,4419.99,4383.5,4406.92,117599.0
1638219600,4407.08,4454.45,4405.07,4448.13,173867.0
1638223200,4448.12,4457.14,4426.21,4437.78,109772.0
1638226800,4437.79,4453.68,4428.95,4443.42,124242.0
1638230400,4443.41,4491.64,4434.1,4482.4,492599.0
1638234000,4482.39,4503.28,4428.6,4458.47,526387.0
1638237600,4457.39,4495.1,4455.87,4465.2,231336.0
1638241200,4463.72,4470.0,4401.92,4434.0,452389.0
1638244800,4434.22,4454.5,4427.18,4443.65,220561.0
1638248400,4443.66,4451.7,4387.05,4389.28,460993.0
1638252000,4388.75,4415.61,4350.0,4411.99,871859.0
1638255600,4412.0,4429.0,4378.0,4411.7,410679.0
1638259200,4412.99,4478.81,4388.08,4420.36,610857.0
1638262800,4420.37,4447.0,4400.11,4438.58,339575.0
1638266400,4438.57,4494.42,4430.0,4490.0,334564.0
1638270000,4490.0,4610.0,4462.0,4591.86,1071244.0
1638273600,4591.86,4641.6,4582.0,4587.99,809540.0
1638277200,4587.99,4659.7,4571.0,4648.56,573266.0
1638280800,4648.55,4696.42,4638.89,4693.36,754987.0
1638284400,4693.36,4755.54,4607.68,4614.02,1361542.0
1638288000,4613.93,4673.29,4548.52,4560.0,1652322.0
1638291600,4559.99,4617.58,4523.26,4596.83,595602.0
1638295200,4596.11,4698.73,4577.91,4694.06,391862.0
1638298800,4695.0,4695.0,4630.54,4664.03,228979.0
1638302400,4664.04,4672.98,4617.23,4645.96,217083.0
1638306000,4645.96,4677.22,4600.56,4628.22,171163.0
1638309600,4628.22,4672.73,4622.57,4651.92,90036.0
1638313200,4651.39,4667.42,4620.06,4628.79,211655.0
1638316800,4629.87,4731.64,4599.18,4723.33,538758.0
1638320400,4723.33,4723.33,4678.01,4688.56,232869.0
1638324000,4688.56,4750.0,4666.01,4748.26,376744.0
1638327600,4748.27,4769.0,4717.12,4756.38,507399.0
1638331200,4756.04,4760.42,4711.38,4724.58,239586.0
1638334800,4724.58,4734.17,4696.14,4701.14,271356.0
1638338400,4701.13,4746.34,4685.67,4725.18,321913.0
1638342000,4725.19,4779.91,4713.77,4763.36,430024.0
1638345600,4764.51,4768.0,4689.0,4702.73,740855.0
1638349200,4703.76,4746.0,4681.0,4738.06,348196.0
1638352800,4738.05,4747.99,4698.12,4719.85,212830.0
1638356400,4719.86,4728.91,4651.02,4674.07,480936.0
1638360000,4674.07,4723.99,4657.46,4668.4,353484.0
1638363600,4668.39,4723.24,4663.66,4678.83,331374.0
1638367200,4678.83,4760.0,4676.87,4739.87,523154.0
1638370800,4740.94,4762.0,4710.43,4725.11,330167.0
1638374400,4725.11,4759.06,4691.27,4695.79,297193.0
1638378000,4695.68,4708.0,4671.12,4673.43,202704.0
1638381600,4672.38,4691.25,4640.48,4647.59,251307.0
1638385200,4647.85,4674.76,4596.0,4658.65,360272.0
1638388800,4658.65,4660.0,4556.0,4566.18,535559.0
1638392400,4566.19,4593.7,4532.7,4566.49,503551.0
1638396000,4566.62,4589.99,4524.33,4565.31,195758.0
1638399600,4565.31,4594.27,4557.51,4584.06,236563.0
1638403200,4584.06,4586.18,4538.36,4578.69,286539.0
1638406800,4578.69,4620.97,4550.0,4612.49,336451.0
1638410400,4612.48,4616.5,4562.35,4577.49,297631.0
1638414000,4577.48,4577.48,4453.0,4490.19,1175278.0
1638417600,4490.41,4520.75,4486.0,4509.93,305943.0
1638421200,4509.68,4543.6,4504.01,4523.44,319558.0
1638424800,4523.44,4538.4,4500.0,4536.34,298937.0
1638428400,4536.46,4585.0,4535.15,4559.99,421495.0
1638432000,4559.99,4597.0,4554.92,4582.31,371358.0
1638435600,4582.38,4597.0,4549.2,4576.84,221720.0
1638439200,4576.85,4592.0,4538.5,4556.42,355549.0
1638442800,4556.42,4563.0,4494.65,4532.06,637504.0
1638446400,4531.44,4550.7,4502.16,4537.38,380153.0
1638450000,4537.37,4543.0,4481.84,4533.9,477243.0
1638453600,4533.89,4595.0,4507.43,4589.87,749217.0
1638457200,4589.87,4634.97,4501.0,4541.98,1055076.0
1638460800,4541.9,4560.0,4458.09,4483.72,686451.0
1638464400,4483.72,4508.98,4476.01,4493.26,239274.0
1638468000,4494.15,4495.56,4435.0,4481.07,451474.0
1638471600,4481.15,4507.75,4475.33,4488.89,255144.0
1638475200,4491.42,4543.39,4471.58,4540.19,214669.0
1638478800,4540.19,4554.47,4522.0,4545.97,90340.0
1638482400,4545.97,4559.55,4523.75,4545.53,99826.0
1638486000,4544.45,4554.0,4504.01,4513.36,174424.0
1638489600,4513.36,4547.7,4508.39,4516.03,160237.0
1638493200,4516.03,4536.27,4500.34,4516.34,160748.0
1638496800,4516.33,4527.84,4471.15,4489.73,322579.0
1638500400,4489.72,4522.13,4478.01,4492.81,240005.0
1638504000,4492.81,4539.21,4490.03,4528.53,256558.0
1638507600,4528.52,4574.74,4512.5,4568.4,367073.0
1638511200,4568.41,4590.75,4555.5,4578.0,304889.0
1638514800,4578.0,4582.11,4539.67,4566.55,235185.0
1638518400,4566.76,4575.11,4545.0,4560.0,178682.0
1638522000,4560.0,4584.2,4549.34,4578.61,199514.0
1638525600,4578.75,4617.89,4570.51,4575.54,473218.0
1638529200,4575.87,4615.0,4575.87,4611.6,232751.0
1638532800,4611.02,4628.0,4589.15,4595.0,283657.0
1638536400,4595.0,4661.77,4566.65,4596.52,704851.0
1638540000,4596.52,4600.08,4516.1,4521.15,533344.0
1638543600,4521.16,4526.92,4455.25,4468.11,721709.0
1638547200,4468.01,4468.11,4325.0,4345.46,1876959.0
1638550800,4345.45,4367.71,4303.0,4354.33,698024.0
1638554400,4353.85,4365.97,4274.47,4325.78,507138.0
1638558000,4325.55,4326.99,4180.0,4229.09,1066257.0
1638561600,4229.1,4229.1,4020.0,4208.89,2297253.0
1638565200,4207.9,4250.0,4199.0,4212.13,419720.0
1638568800,4212.13,4245.97,4177.88,4197.1,311471.0
1638572400,4197.1,4248.71,4196.75,4214.68,208764.0
1638576000,4214.37,4237.0,4151.4,4166.01,510427.0
1638579600,4166.46,4191.75,4120.0,4170.62,667307.0
1638583200,4170.52,4184.38,4130.69,4167.96,327919.0
1638586800,4168.19,4168.71,4057.0,4059.7,795201.0
1638590400,4059.69,4117.99,3963.89,4019.32,1569486.0
1638594000,4019.31,4032.56,3380.92,3841.29,4155191.0
1638597600,3841.3,3930.0,3788.0,3899.97,1201747.0
1638601200,3899.97,3905.98,3814.3,3893.19,828589.0
1638604800,3893.21,3984.3,3879.98,3939.4,728697.0
1638608400,3938.34,3949.81,3903.09,3932.62,331962.0
1638612000,3932.1,3956.95,3872.46,3918.24,478742.0
1638615600,3918.24,3923.99,3827.28,3868.0,512243.0
1638619200,3868.01,3968.26,3868.01,3912.64,539591.0
1638622800,3912.65,3966.94,3895.02,3964.74,356462.0
1638626400,3964.73,4026.0,3950.38,4024.57,659917.0
1638630000,4025.01,4060.0,4014.79,4032.86,755831.0
1638633600,4032.01,4047.88,3975.31,3985.33,434889.0
1638637200,3985.34,4028.75,3981.37,4014.5,166099.0
1638640800,4014.49,4065.0,4002.6,4062.75,317945.0
1638644400,4062.51,4134.64,4048.55,4115.03,357363.0
1638648000,4115.04,4125.99,4087.41,4099.0,267948.0
1638651600,4099.62,4107.79,4030.37,4061.1,191219.0
1638655200,4061.51,4102.37,4056.85,4092.92,115766.0
1638658800,4092.91,4125.45,4057.0,4115.45,208998.0
1638662400,4115.57,4160.0,4063.28,4110.6,554517.0
1638666000,4109.0,4130.64,4076.75,4102.1,263563.0
1638669600,4101.4,4119.86,4082.01,4107.33,173458.0
1638673200,4107.61,4180.0,4090.14,4161.69,398985.0
1638676800,4161.01,4187.43,4138.17,4156.0,310457.0
1638680400,4156.53,4205.0,4143.86,4196.76,394228.0
1638684000,4196.75,4224.46,4182.0,4216.07,335385.0
1638687600,4216.02,4227.6,4180.0,4197.44,351478.0
1638691200,4197.8,4216.46,4169.74,4210.84,361837.0
1638694800,4210.84,4211.43,4158.71,4183.61,401687.0
1638698400,4183.61,4217.98,4170.0,4189.73,256490.0
1638702000,4190.27,4212.0,4176.18,4192.54,216747.0
1638705600,4192.12,4246.5,4181.0,4229.01,447667.0
1638709200,4229.08,4230.04,4193.07,4198.33,272956.0
1638712800,4198.32,4203.09,4128.0,4140.76,686769.0
1638716400,4140.76,4162.0,4036.0,4073.37,1075952.0
1638720000,4073.37,4147.39,4066.5,4109.62,729263.0
1638723600,4109.63,4165.19,4087.93,4153.76,362295.0
1638727200,4153.75,4178.45,4133.7,4147.05,217779.0
1638730800,4147.05,4150.16,4100.0,4138.64,303426.0
1638734400,4138.63,4156.87,4108.54,4135.01,154536.0
1638738000,4135.01,4152.43,4101.1,4144.15,179208.0
1638741600,4144.15,4163.69,4116.57,4160.97,241504.0
1638745200,4160.97,4205.0,4148.01,4197.42,433854.0
1638748800,4197.62,4204.22,4102.31,4130.13,475880.0
1638752400,4130.13,4164.96,4102.15,4142.44,399145.0
1638756000,4142.44,4164.99,4132.77,4147.22,220097.0
1638759600,4147.6,4192.06,4145.5,4168.07,249969.0
1638763200,4167.9,4198.57,4158.75,4165.63,257792.0
1638766800,4165.63,4180.4,4133.35,4133.92,234893.0
1638770400,4133.91,4151.76,4068.87,4074.8,467852.0
1638774000,4074.79,4077.97,4013.34,4069.05,877901.0
1638777600,4069.05,4151.15,3990.84,4046.57,1892128.0
1638781200,4046.57,4069.52,3924.0,3961.75,1035827.0
1638784800,3961.76,3999.0,3921.62,3949.28,601884.0
1638788400,3949.28,4087.63,3933.18,4046.16,1051893.0
1638792000,4045.59,4088.18,4020.25,4052.09,488747.0
1638795600,4052.1,4089.99,4016.64,4044.99,417418.0
1638799200,4044.99,4074.0,3983.2,4019.13,747317.0
1638802800,4019.12,4127.52,4001.67,4123.82,651105.0
1638806400,4123.46,4170.0,4095.51,4166.15,605170.0
1638810000,4166.15,4197.0,4157.09,4173.5,406600.0
1638813600,4173.5,4188.67,4151.48,4181.4,264820.0
1638817200,4181.4,4231.64,4181.4,4192.83,346026.0
1638820800,4194.54,4230.0,4181.46,4197.48,224261.0
1638824400,4198.23,4353.04,4197.25,4319.99,691230.0
1638828000,4319.49,4379.53,4318.36,4333.85,324245.0
1638831600,4333.85,4357.0,4302.24,4346.47,271607.0
1638835200,4346.47,4364.75,4322.49,4340.64,259279.0
1638838800,4340.64,4388.0,4315.99,4336.15,415442.0
1638842400,4336.15,4349.0,4305.86,4312.36,228794.0
1638846000,4311.79,4346.49,4309.31,4338.98,195000.0
1638849600,4338.98,4359.0,4328.85,4343.95,199916.0
1638853200,4344.22,4364.57,4331.74,4342.51,198326.0
1638856800,4342.51,4370.83,4340.3,4360.0,152730.0
1638860400,4360.0,4384.82,4335.67,4353.61,249613.0
1638864000,4353.63,4420.0,4345.21,4406.15,605865.0
1638867600,4406.15,4420.0,4380.0,4392.49,390639.0
1638871200,4392.49,4404.66,4375.0,4399.95,179455.0
1638874800,4399.95,4425.0,4385.0,4407.76,347226.0
1638878400,4407.77,4415.84,4333.0,4358.95,604936.0
1638882000,4359.22,4378.24,4333.0,4342.11,260787.0
1638885600,4342.1,4403.59,4332.15,4399.39,365439.0
1638889200,4399.39,4420.0,4374.44,4386.7,513106.0
1638892800,4386.7,4405.98,4322.0,4356.5,476283.0
1638896400,4356.06,4356.38,4284.61,4320.2,404005.0
1638900000,4320.2,4335.0,4305.0,4312.0,155536.0
1638903600,4312.96,4326.0,4277.94,4312.6,260122.0
1638907200,4312.59,4329.86,4264.09,4287.45,470246.0
1638910800,4287.45,4326.99,4274.04,4291.09,269906.0
1638914400,4291.08,4308.88,4260.0,4273.07,290144.0
1638918000,4273.06,4315.0,4255.03,4307.35,195976.0
1638921600,4307.35,4346.0,4283.35,4329.91,274880.0
1638925200,4329.9,4344.26,4304.95,4313.0,177002.0
1638928800,4313.0,4336.8,4289.41,4292.55,195379.0
1638932400,4292.55,4328.62,4282.31,4295.21,345559.0
1638936000,4295.21,4323.02,4294.34,4319.83,275499.0
1638939600,4319.84,4341.9,4308.48,4324.32,251164.0
1638943200,4324.31,4376.0,4320.0,4364.65,432800.0
1638946800,4364.66,4371.31,4341.5,4364.69,200405.0
1638950400,4364.69,4384.0,4349.01,4363.77,254712.0
1638954000,4363.77,4382.0,4318.0,4318.72,397168.0
1638957600,4318.72,4346.97,4270.0,4273.08,676525.0
1638961200,4273.09,4291.0,4231.0,4267.35,846911.0
1638964800,4267.36,4292.34,4224.59,4289.78,517999.0
1638968400,4289.79,4315.0,4272.1,4294.0,531636.0
1638972000,4293.99,4442.79,4287.31,4409.33,1319729.0
1638975600,4409.33,4453.35,4392.88,4405.05,572016.0
1638979200,4404.15,4423.0,4367.64,4406.99,493087.0
1638982800,4406.99,4411.81,4368.06,4377.81,235938.0
1638986400,4377.81,4414.0,4363.46,4398.94,184539.0
1638990000,4398.95,4422.52,4373.61,4382.62,161167.0
1638993600,4382.62,4423.11,4373.61,4410.57,129467.0
1638997200,4410.24,4426.6,4387.28,4414.76,148376.0
1639000800,4414.94,4442.73,4376.0,4389.8,176043.0
1639004400,4389.8,4439.32,4383.22,4437.86,239622.0
1639008000,4438.12,4495.52,4428.3,4432.5,681464.0
1639011600,4432.5,4441.83,4401.56,4409.49,282085.0
1639015200,4409.93,4420.0,4368.15,4393.53,418167.0
1639018800,4393.52,4399.0,4352.0,4360.96,360471.0
1639022400,4360.96,4391.07,4355.0,4389.99,171275.0
1639026000,4389.99,4392.0,4367.5,4371.38,157797.0
1639029600,4371.38,4387.91,4355.0,4376.82,251310.0
1639033200,4376.82,4413.59,4336.63,4379.41,656633.0
1639036800,4379.41,4379.41,4311.16,4344.85,595562.0
1639040400,4344.86,4345.12,4285.0,4314.28,706778.0
1639044000,4313.86,4319.39,4270.0,4312.94,395301.0
1639047600,4312.94,4318.0,4285.24,4305.64,239962.0
1639051200,4305.0,4326.32,4265.0,4308.33,495540.0
1639054800,4308.34,4310.93,4273.3,4300.45,333517.0
1639058400,4301.2,4315.79,4230.0,4237.43,639921.0
1639062000,4236.75,4255.66,4130.45,4201.95,1466468.0
1639065600,4201.94,4236.96,4177.0,4205.69,465279.0
1639069200,4205.69,4228.48,4160.0,4164.56,270168.0
1639072800,4164.55,4178.67,4098.35,4124.0,592553.0
1639076400,4123.99,4166.23,4120.83,4122.71,255197.0
1639080000,4122.7,4132.16,4074.21,4123.4,398838.0
1639083600,4123.4,4177.79,4110.22,4164.42,237591.0
1639087200,4164.41,4203.39,4140.03,4167.62,186403.0
1639090800,4167.62,4187.0,4103.6,4104.06,277233.0
1639094400,4104.06,4200.71,4100.0,4118.5,726751.0
1639098000,4119.07,4174.1,4100.0,4155.99,370334.0
1639101600,4156.0,4185.95,4137.99,4165.68,286856.0
1639105200,4166.34,4171.6,4127.02,4141.01,215034.0
1639108800,4141.01,4167.86,4123.82,4126.58,304002.0
1639112400,4126.59,4145.3,4103.0,4122.57,398352.0
1639116000,4122.57,4142.22,4056.25,4067.77,511186.0
1639119600,4067.76,4082.5,4017.7,4031.33,803992.0
1639123200,4031.33,4082.8,4021.2,4073.3,396139.0
1639126800,4072.92,4106.45,4056.43,4100.54,406275.0
1639130400,4100.54,4124.0,4084.4,4089.32,336371.0
1639134000,4089.32,4173.29,4085.0,4157.08,575770.0
1639137600,4157.08,4192.8,4151.0,4170.71,525443.0
1639141200,4170.72,4236.0,4136.01,4202.99,992384.0
1639144800,4203.0,4218.99,4005.7,4030.36,1422607.0
1639148400,4030.35,4086.0,3981.41,4019.45,1270826.0
1639152000,4020.6,4022.0,3940.0,3976.48,1158369.0
1639155600,3976.49,3987.98,3932.0,3970.75,558762.0
1639159200,3970.76,4024.13,3962.1,3981.99,479180.0
1639162800,3982.53,4034.07,3965.79,4016.18,246107.0
1639166400,4016.18,4052.36,4012.36,4052.09,212901.0
1639170000,4052.2,4059.78,3986.82,3994.85,254973.0
1639173600,3994.61,4006.85,3951.3,3959.5,176610.0
1639177200,3959.99,3980.87,3885.0,3898.1,824778.0
1639180800,3898.11,3992.67,3826.97,3940.18,1490376.0
1639184400,3939.66,4003.33,3928.02,3969.07,404083.0
1639188000,3968.89,3998.12,3954.0,3990.0,270599.0
1639191600,3990.0,4041.82,3981.63,4009.0,468277.0
1639195200,4009.0,4048.0,4008.38,4031.81,269799.0
1639198800,4031.81,4048.07,4018.1,4029.62,227927.0
1639202400,4029.63,4075.0,3956.09,3962.16,887436.0
1639206000,3961.46,3992.61,3930.14,3978.26,430163.0
1639209600,3977.97,4092.44,3963.96,4021.69,1075667.0
1639213200,4021.54,4023.98,3969.37,4013.98,431684.0
1639216800,4013.98,4038.0,3999.05,4020.59,256312.0
1639220400,4020.81,4034.63,4004.44,4013.23,178023.0
1639224000,4013.51,4049.8,4007.27,4038.34,206399.0
1639227600,4038.33,4065.66,3993.71,4009.7,691187.0
1639231200,4009.9,4035.0,3988.6,4028.58,275198.0
1639234800,4028.59,4062.24,4023.41,4059.33,249063.0
1639238400,4059.2,4097.34,4045.51,4075.09,535723.0
1639242000,4075.09,4078.77,4034.7,4045.78,243933.0
1639245600,4045.79,4054.07,4023.62,4037.18,203151.0
1639249200,4038.25,4047.82,4000.36,4004.61,145645.0
1639252800,4003.86,4035.92,4002.41,4014.34,83329.0
1639256400,4014.35,4030.09,3979.05,4027.9,152507.0
1639260000,4027.9,4071.22,4009.35,4024.21,197479.0
1639263600,4024.2,4097.07,4015.17,4090.84,449137.0
1639267200,4090.85,4099.18,4050.89,4061.2,235684.0
1639270800,4060.75,4074.32,4030.39,4036.01,229053.0
1639274400,4036.41,4055.0,4028.0,4034.49,183328.0
1639278000,4034.49,4056.89,4032.57,4042.83,154122.0
1639281600,4042.82,4049.42,4006.5,4015.54,292344.0
1639285200,4014.43,4049.22,4012.86,4037.5,272064.0
1639288800,4037.5,4062.0,4034.03,4054.37,216752.0
1639292400,4055.3,4065.02,4044.0,4055.97,130943.0
1639296000,4055.97,4060.62,3994.91,4010.0,461311.0
1639299600,4010.0,4028.45,3991.0,4003.6,366319.0
1639303200,4003.6,4017.84,3985.12,4012.0,309160.0
1639306800,4011.99,4057.99,4003.05,4036.88,394980.0
1639310400,4036.26,4058.0,4023.81,4034.81,344876.0
1639314000,4034.42,4054.9,4025.5,4045.48,250562.0
1639317600,4045.49,4056.34,4024.39,4046.56,291909.0
1639321200,4046.56,4050.0,4016.0,4025.26,196857.0
1639324800,4025.25,4044.48,4018.0,4044.47,196300.0
1639328400,4044.31,4089.61,4044.0,4085.01,506380.0
1639332000,4085.44,4160.0,4085.44,4150.67,604369.0
1639335600,4150.46,4171.93,4138.2,4140.33,329429.0
1639339200,4140.34,4176.36,4138.8,4149.38,193012.0
1639342800,4149.88,4156.83,4118.65,4126.03,159629.0
1639346400,4126.09,4157.08,4118.0,4155.98,99989.0
1639350000,4155.98,4169.35,4125.1,4131.23,194839.0
1639353600,4131.23,4143.0,4053.42,4067.29,521422.0
1639357200,4067.29,4067.29,3962.52,3967.98,988653.0
1639360800,3967.98,3997.0,3948.77,3981.6,525160.0
1639364400,3981.6,4009.5,3971.0,3995.68,289375.0
1639368000,3995.68,4020.0,3988.0,4016.69,251255.0
1639371600,4016.68,4045.0,3988.53,4038.0,380047.0
1639375200,4037.99,4038.1,3978.69,3988.35,458158.0
1639378800,3988.09,4009.18,3972.0,3986.83,394198.0
1639382400,3986.82,4035.0,3943.81,4020.29,699960.0
1639386000,4020.29,4020.29,3987.92,3999.17,230819.0
1639389600,3999.16,4010.89,3978.96,3994.98,255224.0
1639393200,3994.73,4015.0,3986.56,4011.4,181597.0
1639396800,4011.4,4022.0,3986.0,3989.65,262374.0
1639400400,3989.66,3999.02,3957.72,3976.41,505946.0
1639404000,3976.4,3976.4,3902.0,3921.53,895636.0
1639407600,3921.53,3921.53,3761.0,3809.0,1652198.0
1639411200,3809.0,3830.66,3756.05,3808.98,1220396.0
1639414800,3808.99,3876.67,3800.77,3826.43,697996.0
1639418400,3826.96,3837.04,3813.0,3823.37,156141.0
1639422000,3823.37,3823.37,3670.15,3762.99,1507950.0
1639425600,3762.99,3783.99,3722.73,3756.0,368568.0
1639429200,3756.0,3780.25,3714.37,3769.17,292876.0
1639432800,3769.16,3812.0,3755.37,3792.29,202983.0
1639436400,3792.3,3804.99,3772.63,3782.4,219544.0
1639440000,3782.41,3833.29,3764.46,3815.01,418093.0
1639443600,3815.01,3820.0,3765.57,3782.99,297810.0
1639447200,3782.99,3790.35,3748.92,3780.84,290141.0
1639450800,3780.84,3798.0,3756.43,3775.24,298062.0
1639454400,3775.24,3794.75,3765.0,3771.61,311087.0
1639458000,3771.62,3786.51,3732.51,3737.05,336725.0
1639461600,3737.05,3758.0,3682.54,3726.11,641555.0
1639465200,3726.12,3786.0,3725.63,3782.99,589845.0
1639468800,3782.99,3823.55,3781.56,3815.76,675135.0
1639472400,3815.76,3822.0,3764.02,3767.68,469373.0
1639476000,3767.69,3817.76,3762.02,3816.54,447793.0
1639479600,3816.37,3851.0,3794.32,3839.79,431722.0
1639483200,3839.79,3865.99,3822.52,3823.16,561781.0
1639486800,3823.16,3842.17,3771.0,3794.13,574382.0
1639490400,3794.34,3820.65,3763.62,3817.36,574493.0
1639494000,3817.03,3835.24,3768.31,3786.75,594338.0
1639497600,3786.76,3804.7,3747.0,3766.3,581647.0
1639501200,3766.29,3801.54,3757.01,3761.1,247905.0
1639504800,3761.1,3784.69,3726.48,3750.35,348945.0
1639508400,3750.35,3785.0,3749.56,3770.99,175445.0
1639512000,3770.29,3858.89,3768.61,3835.44,589276.0
1639515600,3835.44,3882.85,3830.16,3851.98,437194.0
1639519200,3851.98,3862.0,3820.84,3837.86,151853.0
1639522800,3837.85,3871.88,3820.18,3859.33,248028.0
1639526400,3859.27,3896.12,3843.85,3849.0,485970.0
1639530000,3848.99,3848.99,3816.49,3834.55,333395.0
1639533600,3834.56,3838.51,3801.82,3826.38,235936.0
1639537200,3826.38,3847.83,3816.58,3846.49,172457.0
1639540800,3846.49,3899.5,3823.81,3856.04,583036.0
1639544400,3856.0,3864.32,3836.0,3850.25,259373.0
1639548000,3850.26,3877.0,3847.92,3851.52,309612.0
1639551600,3851.52,3872.83,3840.0,3861.98,274233.0
1639555200,3862.65,3899.0,3861.07,3888.81,474994.0
1639558800,3888.81,3890.0,3868.0,3878.3,200698.0
1639562400,3878.82,3887.35,3855.52,3861.84,322158.0
1639566000,3862.14,3877.81,3842.6,3852.17,277029.0
1639569600,3852.16,3871.98,3810.0,3811.0,592563.0
1639573200,3811.0,3831.99,3806.0,3819.3,334457.0
1639576800,3819.3,3827.0,3765.0,3778.63,528608.0
1639580400,3778.85,3789.55,3650.0,3659.43,1369669.0
1639584000,3659.43,3719.02,3635.62,3714.78,911798.0
1639587600,3714.77,3740.83,3692.77,3728.27,465820.0
1639591200,3728.26,3841.99,3719.4,3808.32,1013289.0
1639594800,3809.15,3988.77,3751.01,3968.74,2877020.0
1639598400,3968.75,4105.59,3965.32,4055.34,1490412.0
1639602000,4055.33,4093.5,4041.25,4062.19,490043.0
1639605600,4062.2,4069.52,3995.0,4002.65,294252.0
1639609200,4002.65,4032.6,4002.64,4019.65,289162.0
1639612800,4020.29,4057.66,4015.46,4041.8,416033.0
1639616400,4041.79,4051.0,4026.0,4049.32,208178.0
1639620000,4049.31,4052.86,4025.6,4029.61,163388.0
1639623600,4029.6,4037.51,4005.2,4017.93,244838.0
1639627200,4018.04,4024.43,3995.24,4009.99,275786.0
1639630800,4010.0,4024.48,3983.51,3985.66,234519.0
1639634400,3985.67,4023.0,3976.52,4020.71,319762.0
1639638000,4020.71,4048.6,4008.5,4020.33,503441.0
1639641600,4020.33,4040.14,4013.62,4028.8,239645.0
1639645200,4028.8,4044.98,4026.16,4043.0,149194.0
1639648800,4043.0,4056.44,4035.0,4048.09,278293.0
1639652400,4048.09,4086.67,4018.01,4068.78,692797.0
1639656000,4068.74,4078.0,4026.18,4030.92,640303.0
1639659600,4030.68,4094.71,4001.0,4076.9,962821.0
1639663200,4076.9,4090.0,4048.01,4063.04,552564.0
1639666800,4063.22,4117.62,4035.81,4081.61,832564.0
1639670400,4081.61,4113.69,4054.4,4079.53,729978.0
1639674000,4079.53,4080.0,4035.1,4036.21,454499.0
1639677600,4036.21,4064.0,4012.82,4026.6,340831.0
1639681200,4026.6,4037.5,3981.18,3998.03,380834.0
1639684800,3998.03,4049.94,3995.4,4019.85,259382.0
1639688400,4019.84,4038.22,4017.0,4032.95,97661.0
1639692000,4032.7,4038.66,3965.13,4008.87,325516.0
1639695600,4009.13,4009.63,3955.01,3960.17,441420.0
1639699200,3960.77,3989.02,3935.0,3979.0,544793.0
1639702800,3978.59,3993.8,3967.0,3983.16,205646.0
1639706400,3983.16,3986.0,3953.0,3976.84,269596.0
1639710000,3976.83,3976.83,3953.35,3967.96,189080.0
1639713600,3967.97,3986.9,3966.3,3979.82,189745.0
1639717200,3978.91,3980.61,3946.33,3959.82,393596.0
1639720800,3959.48,3960.99,3931.3,3935.65,317360.0
1639724400,3935.64,3935.65,3852.65,3880.79,1316928.0
1639728000,3880.79,3894.93,3873.0,3888.4,398587.0
1639731600,3888.4,3888.61,3853.88,3880.24,463714.0
1639735200,3880.25,3882.96,3803.01,3821.48,1023034.0
1639738800,3821.47,3854.09,3812.0,3834.48,365911.0
1639742400,3834.47,3849.82,3792.52,3823.03,613807.0
1639746000,3823.04,3840.45,3805.0,3816.83,434691.0
1639749600,3816.82,3820.58,3691.39,3736.68,1779964.0
1639753200,3736.69,3841.99,3702.08,3832.0,1443767.0
1639756800,3832.0,3950.88,3824.04,3910.13,1898027.0
1639760400,3910.12,3910.13,3842.0,3858.0,598786.0
1639764000,3858.0,3912.83,3851.32,3904.0,390586.0
1639767600,3904.0,3918.03,3875.39,3881.19,274467.0
1639771200,3881.0,3892.62,3839.51,3844.87,354156.0
1639774800,3844.4,3945.0,3831.98,3906.21,452992.0
1639778400,3906.22,3911.41,3820.17,3900.97,578079.0
1639782000,3901.46,3902.42,3867.25,3873.8,217204.0
1639785600,3873.8,3888.0,3827.01,3878.85,510295.0
1639789200,3878.97,3884.48,3782.34,3784.01,581179.0
1639792800,3784.0,3819.24,3766.0,3788.46,473965.0
1639796400,3788.29,3910.33,3788.13,3878.88,734771.0
1639800000,3878.88,3890.0,3838.57,3881.78,442893.0
1639803600,3881.79,3932.31,3864.41,3902.49,532852.0
1639807200,3902.39,3938.0,3884.0,3890.4,475645.0
1639810800,3890.22,3903.89,3883.23,3890.9,195149.0
1639814400,3890.42,3918.05,3873.0,3891.8,464822.0
1639818000,3891.99,3941.45,3891.02,3941.45,503447.0
1639821600,3941.45,3995.0,3921.0,3976.91,948170.0
1639825200,3976.33,3984.56,3948.0,3957.64,339064.0
1639828800,3957.87,3984.53,3948.02,3960.79,340556.0
1639832400,3960.8,3967.6,3927.78,3929.78,346716.0
1639836000,3929.41,3973.79,3926.41,3960.41,322784.0
1639839600,3960.41,3979.74,3941.28,3946.68,250410.0
1639843200,3946.67,3968.0,3934.0,3938.08,316852.0
1639846800,3938.07,3953.83,3929.22,3934.69,182535.0
1639850400,3934.7,3947.22,3931.5,3941.03,92104.0
1639854000,3941.04,3952.83,3908.0,3943.53,252278.0
1639857600,3943.53,3962.56,3925.6,3957.92,109385.0
1639861200,3957.92,3980.03,3940.02,3976.46,148941.0
1639864800,3976.45,4000.45,3965.03,3971.91,185858.0
1639868400,3971.91,3975.07,3944.45,3958.81,189795.0
1639872000,3958.88,3967.99,3930.43,3941.46,183077.0
1639875600,3941.82,3954.18,3885.26,3902.91,410770.0
1639879200,3902.91,3949.06,3897.19,3942.57,366843.0
1639882800,3942.58,4045.0,3942.58,3989.26,1014366.0
1639886400,3989.26,4027.61,3989.26,4008.3,343837.0
1639890000,4008.31,4018.57,3983.07,3988.3,279184.0
1639893600,3988.61,3991.85,3967.2,3970.57,257806.0
1639897200,3970.56,3994.96,3966.0,3978.51,274387.0
1639900800,3978.51,3989.62,3962.0,3969.02,241696.0
1639904400,3969.03,3975.99,3940.08,3942.86,383807.0
1639908000,3942.86,3944.02,3900.0,3924.23,567505.0
1639911600,3924.23,3935.0,3900.0,3925.79,302137.0
1639915200,3925.78,3945.75,3897.07,3941.74,402060.0
1639918800,3941.75,3985.0,3907.35,3965.39,890026.0
1639922400,3965.38,3998.44,3911.1,3942.81,1200306.0
1639926000,3942.81,3947.17,3920.31,3926.17,268500.0
1639929600,3926.17,3952.5,3917.77,3922.97,285463.0
1639933200,3922.97,3932.41,3903.74,3924.97,325115.0
1639936800,3924.97,3936.68,3903.1,3932.57,175169.0
1639940400,3932.66,3935.95,3881.56,3913.77,405557.0
1639944000,3914.01,3928.72,3897.32,3916.52,135028.0
1639947600,3916.94,3938.56,3911.23,3920.12,112389.0
1639951200,3919.73,3993.0,3913.02,3977.93,288474.0
1639954800,3977.95,3991.29,3911.0,3924.03,344383.0
1639958400,3924.25,3947.44,3893.0,3947.42,523603.0
1639962000,3947.42,3983.0,3918.53,3933.85,656005.0
1639965600,3933.47,3941.84,3913.82,3929.24,316859.0
1639969200,3928.84,3934.86,3891.17,3907.7,447748.0
1639972800,3907.71,3928.84,3903.01,3927.71,331408.0
1639976400,3927.71,3936.03,3834.0,3846.64,883419.0
1639980000,3846.93,3863.04,3825.29,3851.97,667392.0
1639983600,3851.96,3851.97,3807.0,3822.81,617781.0
1639987200,3824.45,3836.37,3790.81,3815.38,569726.0
1639990800,3815.37,3818.78,3758.8,3768.96,834601.0
1639994400,3768.97,3822.14,3767.5,3797.86,573083.0
1639998000,3797.99,3819.88,3787.17,3812.58,281489.0
1640001600,3812.59,3814.03,3768.16,3782.96,446752.0
1640005200,3782.97,3811.58,3766.34,3777.25,375923.0
1640008800,3777.25,3850.0,3752.95,3839.53,1482655.0
1640012400,3839.1,3840.62,3793.5,3800.3,432038.0
1640016000,3800.74,3850.0,3792.68,3848.96,627136.0
1640019600,3849.0,3860.0,3822.46,3824.23,355365.0
1640023200,3824.23,3857.36,3818.0,3849.02,214976.0
1640026800,3849.46,3883.0,3846.24,3872.31,340608.0
1640030400,3872.31,3948.0,3872.31,3931.38,652185.0
1640034000,3931.38,3969.98,3911.28,3913.54,460282.0
1640037600,3913.55,3927.79,3890.99,3892.27,170073.0
1640041200,3892.35,3957.0,3891.86,3944.41,460256.0
1640044800,3944.71,3983.69,3930.0,3940.4,578519.0
1640048400,3940.41,3948.79,3915.36,3931.49,293848.0
1640052000,3931.07,3941.0,3913.24,3919.9,201821.0
1640055600,3919.51,4030.66,3917.27,4008.51,1022916.0
1640059200,4008.52,4056.0,4008.51,4031.66,849385.0
1640062800,4031.67,4044.66,4001.0,4013.73,362357.0
1640066400,4013.56,4018.95,3992.0,4015.98,289496.0
1640070000,4015.98,4025.87,3997.36,4004.45,242796.0
1640073600,4004.44,4042.11,3995.0,4019.53,409821.0
1640077200,4019.53,4030.0,4008.53,4018.69,188880.0
1640080800,4018.68,4033.0,4013.12,4019.86,137593.0
1640084400,4019.86,4030.42,4016.47,4025.68,145680.0
1640088000,4025.68,4065.96,4010.46,4017.39,617483.0
1640091600,4017.38,4022.48,4003.82,4011.12,284194.0
1640095200,4011.4,4016.6,3983.0,3998.84,409989.0
1640098800,3998.8,4007.62,3961.58,3978.29,526312.0
1640102400,3978.3,4004.37,3972.33,3997.54,313118.0
1640106000,3997.54,4016.0,3982.04,3991.64,198442.0
1640109600,3991.64,3999.48,3982.58,3987.2,81068.0
1640113200,3987.19,4012.9,3982.17,4008.41,88960.0
1640116800,4008.42,4030.0,3997.29,4009.74,202982.0
1640120400,4009.98,4037.84,4003.67,4026.91,129808.0
1640124000,4026.9,4031.32,4013.43,4029.18,69794.0
1640127600,4029.18,4044.31,4014.0,4014.27,192766.0
1640131200,4015.14,4028.07,3993.0,3995.61,222726.0
1640134800,3995.6,4042.87,3992.3,4038.98,299691.0
1640138400,4038.99,4076.0,4033.69,4054.28,600560.0
1640142000,4054.27,4061.18,4042.24,4048.56,257164.0
1640145600,4048.56,4056.41,4041.4,4054.46,152742.0
1640149200,4054.47,4055.7,4031.5,4034.17,222065.0
1640152800,4034.56,4050.66,4030.77,4039.14,193756.0
1640156400,4038.85,4062.0,4038.85,4048.0,258276.0
1640160000,4048.01,4063.86,4032.26,4033.48,301293.0
1640163600,4033.48,4038.96,4002.13,4014.83,471607.0
1640167200,4014.83,4028.72,4009.19,4023.34,241918.0
1640170800,4023.34,4034.74,4015.22,4023.33,164774.0
1640174400,4023.33,4032.0,3930.0,3955.16,970468.0
1640178000,3955.15,3975.92,3943.16,3960.78,539323.0
1640181600,3960.78,4008.97,3958.65,3998.81,496440.0
1640185200,3998.81,4009.1,3984.09,4007.41,295714.0
1640188800,4007.42,4036.17,3995.5,4009.3,465897.0
1640192400,4009.29,4016.32,3975.0,3981.19,287157.0
1640196000,3981.18,3994.88,3955.14,3981.49,269502.0
1640199600,3981.49,4002.0,3973.18,3998.62,157390.0
1640203200,3998.23,4013.0,3988.59,4005.6,120753.0
1640206800,4005.97,4022.02,4000.17,4013.61,151674.0
1640210400,4013.49,4018.49,3990.19,4001.11,138944.0
1640214000,4001.11,4002.62,3973.71,3979.38,189257.0
1640217600,3979.38,3986.51,3910.03,3939.09,890215.0
1640221200,3939.48,3956.78,3925.0,3953.36,294039.0
1640224800,3953.36,4006.98,3943.74,3965.65,622310.0
1640228400,3965.64,3970.77,3934.0,3961.29,313861.0
1640232000,3961.29,3973.5,3944.48,3949.14,208887.0
1640235600,3949.14,3966.19,3942.0,3946.94,240789.0
1640239200,3946.94,3963.81,3935.5,3960.89,256588.0
1640242800,3960.9,3963.62,3900.5,3913.07,564732.0
1640246400,3913.07,3934.29,3888.0,3929.41,681624.0
1640250000,3929.4,3933.47,3906.0,3930.07,211809.0
1640253600,3930.06,3955.0,3915.0,3942.79,367207.0
1640257200,3942.89,3952.0,3921.26,3933.06,292782.0
1640260800,3933.07,3958.33,3924.32,3943.51,281133.0
1640264400,3943.51,3965.71,3943.5,3947.36,313774.0
1640268000,3947.37,3954.93,3926.0,3941.05,305557.0
1640271600,3941.06,3957.3,3937.11,3949.03,217175.0
1640275200,3949.42,3993.17,3945.67,3985.63,572287.0
1640278800,3986.0,4050.0,3983.43,4044.48,795410.0
1640282400,4044.49,4108.26,4044.49,4096.02,1314904.0
1640286000,4096.02,4157.03,4089.85,4134.83,880139.0
1640289600,4134.83,4146.23,4106.83,4120.47,406227.0
1640293200,4121.87,4126.8,4091.87,4114.01,188566.0
1640296800,4114.01,4118.72,4096.09,4096.77,93107.0
1640300400,4096.76,4112.99,4087.68,4112.99,182349.0
1640304000,4113.0,4121.69,4098.05,4108.29,246124.0
1640307600,4108.15,4132.16,4106.09,4121.61,301049.0
1640311200,4121.58,4128.25,4098.77,4098.77,228116.0
1640314800,4098.77,4105.19,4076.0,4092.08,303892.0
1640318400,4091.93,4100.92,4088.49,4089.59,152584.0
1640322000,4089.35,4096.96,4078.0,4090.27,187448.0
1640325600,4090.26,4097.0,4061.11,4089.63,275694.0
1640329200,4089.63,4098.2,4083.17,4090.71,156268.0
1640332800,4090.71,4117.96,4084.0,4094.61,305767.0
1640336400,4094.61,4112.12,4091.81,4108.97,173451.0
1640340000,4108.96,4109.0,4087.53,4093.85,157892.0
1640343600,4093.85,4119.84,4071.0,4079.51,418671.0
1640347200,4078.96,4087.46,4067.0,4083.99,320609.0
1640350800,4083.99,4107.61,4075.82,4086.61,256227.0
1640354400,4086.22,4115.0,4071.48,4078.98,453875.0
1640358000,4078.98,4096.61,4049.04,4093.76,613182.0
1640361600,4093.77,4109.8,4075.28,4087.45,414373.0
1640365200,4087.44,4099.3,4072.2,4098.4,148770.0
1640368800,4098.59,4129.0,4093.64,4121.7,255873.0
1640372400,4121.52,4134.68,4074.65,4078.86,338381.0
1640376000,4078.51,4079.22,4039.2,4068.36,521300.0
1640379600,4068.96,4077.77,4058.11,4064.55,103085.0
1640383200,4064.56,4072.03,4038.0,4054.67,141191.0
1640386800,4054.66,4056.99,4017.14,4046.09,377906.0
1640390400,4046.12,4070.0,4019.1,4066.38,235882.0
1640394000,4066.38,4078.0,4042.34,4055.48,245809.0
1640397600,4055.1,4060.32,4031.0,4031.0,151639.0
1640401200,4031.0,4045.98,4028.0,4041.31,201250.0
1640404800,4041.3,4054.0,4037.01,4042.01,137933.0
1640408400,4042.01,4059.0,4042.0,4047.0,124669.0
1640412000,4047.01,4058.45,4028.55,4057.57,247900.0
1640415600,4057.57,4063.0,4044.24,4052.08,164438.0
1640419200,4052.09,4062.0,4042.75,4058.67,135456.0
1640422800,4058.68,4062.8,4045.31,4046.96,124093.0
1640426400,4046.96,4053.84,4023.0,4034.71,274099.0
1640430000,4034.7,4055.45,4028.63,4052.0,211175.0
1640433600,4051.99,4106.94,4051.91,4085.1,619048.0
1640437200,4085.1,4085.43,4059.42,4078.42,387767.0
1640440800,4078.42,4079.79,4063.08,4069.35,155827.0
1640444400,4069.35,4081.33,4063.71,4078.0,143332.0
1640448000,4078.0,4105.4,4070.57,4076.68,395141.0
1640451600,4076.69,4079.64,4036.0,4067.46,469292.0
1640455200,4067.45,4095.0,4062.6,4082.09,283674.0
1640458800,4082.09,4086.12,4072.0,4078.9,72887.0
1640462400,4078.42,4114.42,4073.77,4106.26,186797.0
1640466000,4106.1,4142.23,4105.85,4120.47,317242.0
1640469600,4120.46,4122.29,4080.69,4087.44,191827.0
1640473200,4087.45,4110.25,4080.36,4095.24,234307.0
1640476800,4095.58,4099.89,4072.74,4083.23,235879.0
1640480400,4082.74,4103.35,4078.34,4092.83,184610.0
1640484000,4092.83,4096.25,4053.12,4066.11,401068.0
1640487600,4066.12,4066.12,4005.0,4013.92,732788.0
1640491200,4013.91,4030.71,4002.44,4023.73,371468.0
1640494800,4023.61,4035.77,4017.94,4027.86,209984.0
1640498400,4027.86,4036.42,4017.81,4028.58,181634.0
1640502000,4028.58,4040.0,4020.2,4036.61,143148.0
1640505600,4036.61,4049.54,4027.19,4032.8,255883.0
1640509200,4032.76,4052.0,4030.71,4041.71,151925.0
1640512800,4041.72,4052.73,4034.4,4047.75,160263.0
1640516400,4048.0,4057.88,4013.0,4033.37,414010.0
1640520000,4033.36,4051.21,4024.04,4045.31,297891.0
1640523600,4045.37,4048.68,4035.53,4043.21,161570.0
1640527200,4043.21,4054.73,4037.79,4049.95,160746.0
1640530800,4049.95,4068.0,4045.27,4053.58,263930.0
1640534400,4053.8,4079.19,4048.11,4069.7,308738.0
1640538000,4069.7,4079.28,4061.53,4072.28,124447.0
1640541600,4072.28,4078.45,4062.58,4075.08,118630.0
1640545200,4075.08,4080.88,4067.03,4075.88,110438.0
1640548800,4075.62,4083.27,4068.06,4071.5,70479.0
1640552400,4071.5,4107.31,4041.89,4084.22,426946.0
1640556000,4084.22,4095.05,4079.66,4083.64,120397.0
1640559600,4083.64,4093.22,4059.62,4063.88,214656.0
1640563200,4063.89,4080.29,4058.26,4061.86,228280.0
1640566800,4061.86,4076.79,4046.82,4074.82,220799.0
1640570400,4074.82,4081.93,4065.14,4071.92,164893.0
1640574000,4071.91,4088.0,4069.46,4080.99,168186.0
1640577600,4081.0,4081.0,4068.0,4070.13,151355.0
1640581200,4070.12,4070.88,4061.6,4064.29,144715.0
1640584800,4064.29,4074.07,4057.8,4070.74,189454.0
1640588400,4070.73,4072.56,4050.0,4053.52,233439.0
1640592000,4053.52,4065.67,4032.45,4038.62,323558.0
1640595600,4038.61,4056.8,4033.25,4054.09,233696.0
1640599200,4054.07,4063.48,4050.27,4059.2,160581.0
1640602800,4059.59,4066.88,4053.38,4059.99,117185.0
1640606400,4059.99,4095.0,4045.09,4080.69,529382.0
1640610000,4080.93,4098.51,4072.52,4089.48,363055.0
1640613600,4089.49,4103.0,4083.16,4093.96,364523.0
1640617200,4093.96,4116.2,4086.25,4092.99,304513.0
1640620800,4092.99,4101.12,4077.18,4091.49,244512.0
1640624400,4091.49,4128.26,4088.25,4116.23,449558.0
1640628000,4116.24,4125.46,4091.97,4098.62,373017.0
1640631600,4098.64,4099.39,4075.54,4079.07,233961.0
1640635200,4079.0,4093.19,4070.91,4091.94,220279.0
1640638800,4091.94,4093.13,4057.15,4059.8,176147.0
1640642400,4059.79,4075.83,4044.33,4064.0,162553.0
1640646000,4064.0,4068.88,4032.0,4038.75,346017.0
1640649600,4038.75,4038.75,4004.19,4029.71,749532.0
1640653200,4029.47,4029.47,3969.43,3983.01,1001071.0
1640656800,3983.01,3996.02,3955.66,3969.68,541139.0
1640660400,3969.67,3969.67,3932.0,3961.47,702254.0
1640664000,3961.47,3961.47,3873.49,3911.48,1394992.0
1640667600,3911.7,3926.35,3901.13,3921.69,346189.0
1640671200,3921.68,3934.55,3912.4,3922.54,365893.0
1640674800,3922.53,3930.38,3902.1,3917.22,402646.0
1640678400,3917.22,3933.0,3900.0,3917.16,460282.0
1640682000,3917.15,3922.99,3882.12,3887.25,538123.0
1640685600,3887.24,3909.33,3887.24,3903.86,372752.0
1640689200,3903.86,3922.87,3894.19,3920.56,265039.0
1640692800,3920.17,3934.0,3905.25,3908.85,314225.0
1640696400,3908.52,3925.81,3903.61,3909.53,298095.0
1640700000,3909.53,3919.29,3844.0,3910.33,1035240.0
1640703600,3910.34,3921.0,3894.0,3898.41,400438.0
1640707200,3898.16,3902.38,3830.0,3864.67,1080505.0
1640710800,3864.68,3866.72,3780.0,3826.18,1256555.0
1640714400,3826.18,3826.18,3786.0,3801.08,497569.0
1640718000,3801.08,3814.46,3759.26,3807.48,684157.0
1640721600,3807.48,3844.73,3792.9,3826.32,402952.0
1640725200,3826.44,3837.0,3803.7,3807.41,198724.0
1640728800,3807.4,3817.0,3790.33,3810.21,146286.0
1640732400,3810.12,3818.79,3789.01,3792.34,228811.0
1640736000,3792.4,3819.95,3783.25,3816.95,435307.0
1640739600,3816.95,3825.43,3796.17,3801.9,314070.0
1640743200,3801.62,3819.48,3799.37,3818.01,214913.0
1640746800,3818.01,3826.0,3812.13,3815.73,231981.0
1640750400,3815.73,3820.0,3801.35,3803.42,213958.0
1640754000,3803.41,3811.58,3787.17,3801.97,306178.0
1640757600,3801.98,3808.88,3792.6,3802.67,187720.0
1640761200,3802.75,3806.0,3787.05,3795.99,290033.0
1640764800,3795.99,3808.85,3787.8,3797.08,298084.0
1640768400,3797.19,3826.38,3767.44,3814.82,807159.0
1640772000,3814.81,3822.95,3790.0,3794.65,429438.0
1640775600,3794.65,3800.0,3776.25,3791.62,310109.0
1640779200,3791.75,3793.51,3723.55,3729.31,1403783.0
1640782800,3729.31,3765.77,3698.1,3756.64,1281487.0
1640786400,3756.63,3790.7,3742.17,3780.95,911812.0
1640790000,3780.95,3800.0,3772.36,3793.93,435787.0
1640793600,3793.92,3798.0,3769.19,3784.0,310802.0
1640797200,3783.99,3783.99,3747.91,3753.83,239575.0
1640800800,3753.83,3776.33,3743.51,3753.3,265730.0
1640804400,3752.9,3754.77,3712.43,3726.61,368467.0
1640808000,3726.35,3768.0,3719.48,3745.4,398279.0
1640811600,3746.26,3749.18,3704.22,3727.19,312859.0
1640815200,3727.7,3747.41,3712.78,3724.18,170109.0
1640818800,3724.18,3735.92,3596.5,3629.59,1659501.0
1640822400,3629.59,3669.0,3575.16,3659.5,1073325.0
1640826000,3659.49,3666.0,3642.1,3650.25,303189.0
1640829600,3650.25,3652.61,3625.32,3650.73,352847.0
1640833200,3650.72,3663.36,3637.13,3649.75,293310.0
1640836800,3649.74,3680.65,3648.85,3662.63,448643.0
1640840400,3662.62,3675.25,3646.92,3673.72,266209.0
1640844000,3673.55,3703.75,3666.34,3694.76,401831.0
1640847600,3694.7,3718.53,3687.0,3708.65,483056.0
1640851200,3708.65,3726.66,3690.57,3692.27,378536.0
1640854800,3692.27,3710.0,3680.44,3685.82,216692.0
1640858400,3685.61,3702.53,3678.98,3699.79,273701.0
1640862000,3699.79,3746.4,3690.31,3737.69,549649.0
1640865600,3737.46,3749.0,3728.73,3736.23,411446.0
1640869200,3736.22,3739.84,3713.57,3718.35,317310.0
1640872800,3718.36,3729.31,3702.23,3718.1,462818.0
1640876400,3717.93,3728.5,3708.0,3710.13,351156.0
1640880000,3709.76,3764.26,3706.21,3755.6,593728.0
1640883600,3755.61,3757.78,3735.47,3740.85,279271.0
1640887200,3741.08,3765.9,3728.14,3758.89,313065.0
1640890800,3759.12,3768.38,3747.48,3750.91,302158.0
1640894400,3750.91,3758.88,3710.51,3722.89,322084.0
1640898000,3722.89,3741.78,3705.0,3735.73,285408.0
1640901600,3735.77,3736.48,3680.0,3703.0,279645.0
1640905200,3702.99,3716.82,3690.73,3708.74,291555.0
1640908800,3708.88,3735.83,3692.29,3702.83,539244.0
1640912400,3702.82,3744.0,3686.88,3726.83,470525.0
1640916000,3726.82,3726.83,3706.03,3718.24,250786.0
1640919600,3718.24,3748.0,3711.14,3742.94,352861.0
1640923200,3742.93,3760.0,3736.53,3746.38,304661.0
1640926800,3746.14,3752.41,3738.82,3741.25,233325.0
1640930400,3741.02,3749.05,3727.38,3739.99,449398.0
1640934000,3739.99,3749.34,3685.61,3722.37,974316.0
1640937600,3722.48,3815.0,3712.0,3797.49,1873210.0
1640941200,3797.49,3810.0,3786.84,3793.85,528789.0
1640944800,3793.86,3806.31,3765.8,3773.9,527076.0
1640948400,3773.89,3789.93,3770.67,3780.51,375989.0
1640952000,3780.52,3800.17,3776.06,3792.51,291159.0
1640955600,3792.51,3800.0,3784.08,3791.5,196950.0
1640959200,3791.49,3814.05,3785.13,3792.67,376978.0
1640962800,3792.68,3802.69,3774.5,3787.0,463196.0
1640966400,3787.0,3788.16,3740.0,3746.6,626184.0
1640970000,3746.6,3755.67,3706.38,3724.09,849390.0
1640973600,3723.85,3726.06,3694.07,3706.11,507611.0
1640977200,3706.27,3708.21,3622.4,3627.75,1005867.0
1640980800,3627.75,3665.0,3623.87,3647.26,495086.0
1640984400,3647.19,3702.25,3633.13,3687.56,706756.0
1640988000,3687.57,3714.89,3673.37,3682.54,240121.0
1640991600,3682.54,3698.39,3673.1,3677.98,180178.0
1640995200,3678.08,3731.19,3678.07,3721.49,390968.0
1640998800,3721.5,3747.5,3713.15,3724.52,401336.0
1641002400,3724.8,3735.0,3721.0,3726.92,207702.0
1641006000,3727.16,3734.0,3721.19,3722.35,171705.0
1641009600,3722.34,3726.72,3708.0,3708.32,307375.0
1641013200,3708.33,3766.0,3702.65,3736.31,682970.0
1641016800,3736.31,3743.13,3706.9,3712.3,366265.0
1641020400,3712.31,3724.71,3701.0,3715.96,356115.0
1641024000,3715.75,3734.71,3708.62,3721.25,299882.0
1641027600,3721.26,3729.9,3708.53,3719.0,202551.0
1641031200,3718.99,3732.47,3670.04,3692.33,645420.0
1641034800,3692.33,3714.15,3692.33,3694.44,211161.0
1641038400,3694.44,3719.77,3694.02,3716.31,229170.0
1641042000,3716.31,3725.54,3706.75,3710.35,215840.0
1641045600,3710.23,3713.25,3692.33,3697.55,215245.0
1641049200,3697.23,3746.68,3692.25,3725.25,533747.0
1641052800,3725.24,3748.34,3717.08,3726.29,400973.0
1641056400,3726.29,3763.33,3726.03,3758.33,470792.0
1641060000,3758.34,3764.33,3738.09,3750.48,306637.0
1641063600,3750.73,3756.31,3734.01,3746.08,210696.0
1641067200,3745.87,3776.0,3739.47,3759.29,294139.0
1641070800,3759.54,3775.5,3744.57,3747.85,234507.0
1641074400,3747.63,3764.0,3739.0,3756.76,169420.0
1641078000,3756.76,3775.0,3744.02,3763.87,236642.0
1641081600,3763.87,3771.0,3750.0,3762.4,230129.0
1641085200,3762.4,3763.81,3742.45,3748.15,252612.0
1641088800,3748.25,3755.0,3743.41,3748.66,131147.0
1641092400,3748.65,3762.88,3744.07,3758.9,139861.0
1641096000,3758.89,3761.96,3717.72,3725.01,439888.0
1641099600,3725.0,3746.44,3721.0,3744.89,278393.0
1641103200,3744.88,3751.11,3738.11,3739.21,179889.0
1641106800,3739.0,3753.43,3734.41,3747.69,131729.0
1641110400,3747.56,3747.99,3732.82,3742.59,156939.0
1641114000,3742.6,3775.0,3737.41,3754.09,390563.0
1641117600,3754.09,3758.99,3739.72,3742.85,185672.0
1641121200,3742.84,3758.45,3741.08,3744.0,149824.0
1641124800,3744.01,3760.0,3730.11,3753.9,320053.0
1641128400,3753.9,3757.0,3739.48,3744.8,182366.0
1641132000,3744.8,3756.0,3742.2,3751.67,203893.0
1641135600,3751.44,3792.27,3751.44,3776.87,608132.0
1641139200,3776.82,3855.01,3776.19,3838.54,1097458.0
1641142800,3838.53,3860.0,3812.34,3823.83,889329.0
1641146400,3823.83,3826.17,3772.85,3795.21,738757.0
1641150000,3795.21,3806.7,3785.0,3797.65,286940.0
1641153600,3797.54,3814.8,3792.72,3809.07,172606.0
1641157200,3809.06,3829.26,3801.33,3811.24,160609.0
1641160800,3811.25,3832.74,3809.14,3825.99,138205.0
1641164400,3825.99,3840.0,3819.08,3827.41,229617.0
1641168000,3827.26,3827.67,3805.39,3806.01,261042.0
1641171600,3806.01,3809.76,3793.68,3805.0,226957.0
1641175200,3805.14,3805.15,3785.01,3798.45,269192.0
1641178800,3798.45,3804.87,3775.63,3785.79,343216.0
1641182400,3785.79,3799.25,3782.01,3791.59,200451.0
1641186000,3791.49,3823.0,3790.59,3811.74,400539.0
1641189600,3811.74,3816.0,3799.52,3803.55,182060.0
1641193200,3803.56,3810.0,3800.04,3808.54,123676.0
1641196800,3808.54,3820.75,3804.06,3807.07,203713.0
1641200400,3807.08,3818.0,3790.0,3808.43,389453.0
1641204000,3808.43,3831.14,3808.42,3822.22,399896.0
1641207600,3822.22,3844.0,3822.22,3833.84,423142.0
1641211200,3833.85,3837.29,3817.04,3819.85,340466.0
1641214800,3819.85,3831.14,3817.66,3818.17,183326.0
1641218400,3818.17,3853.0,3801.0,3803.03,863658.0
1641222000,3803.03,3813.75,3777.0,3784.65,679503.0
1641225600,3784.64,3795.0,3735.51,3749.16,1066078.0
1641229200,3749.15,3776.36,3744.0,3761.95,428840.0
1641232800,3761.95,3772.18,3745.0,3752.46,212087.0
1641236400,3752.71,3763.53,3738.26,3738.26,160118.0
1641240000,3738.27,3742.62,3681.47,3699.53,979959.0
1641243600,3699.52,3734.67,3694.34,3724.01,258952.0
1641247200,3723.55,3773.63,3722.87,3752.69,251106.0
1641250800,3752.69,3779.48,3747.0,3765.49,268841.0
1641254400,3765.48,3773.66,3736.76,3743.2,360606.0
1641258000,3743.19,3758.37,3727.79,3732.84,274064.0
1641261600,3732.85,3740.55,3712.3,3726.66,326019.0
1641265200,3726.65,3748.0,3720.1,3743.11,267978.0
1641268800,3743.02,3753.0,3729.3,3730.4,283875.0
1641272400,3730.4,3747.0,3727.0,3741.76,204692.0
1641276000,3741.76,3755.52,3734.19,3751.95,323341.0
1641279600,3751.72,3763.32,3745.5,3761.84,253134.0
1641283200,3761.85,3784.13,3756.0,3769.44,522407.0
1641286800,3769.44,3777.64,3761.52,3766.19,236425.0
1641290400,3766.2,3816.68,3763.56,3805.27,712957.0
1641294000,3805.27,3840.8,3805.27,3835.63,866769.0
1641297600,3835.64,3840.88,3818.07,3830.65,361806.0
1641301200,3830.65,3876.79,3814.45,3865.0,832091.0
1641304800,3865.09,3895.0,3854.57,3874.59,892413.0
1641308400,3874.49,3885.0,3845.16,3850.8,533475.0
1641312000,3850.79,3860.57,3836.31,3851.73,564932.0
1641315600,3851.73,3865.0,3838.46,3839.43,266555.0
1641319200,3839.43,3856.0,3764.03,3773.25,1275775.0
1641322800,3773.24,3844.62,3759.09,3813.49,1047014.0
1641326400,3813.49,3831.0,3800.1,3817.43,307500.0
1641330000,3817.34,3833.0,3808.6,3826.56,182996.0
1641333600,3826.7,3826.7,3810.0,3817.47,125669.0
1641337200,3817.3,3817.86,3784.14,3787.09,309540.0
1641340800,3786.83,3812.64,3765.97,3809.9,421417.0
1641344400,3809.91,3810.0,3792.26,3793.77,181521.0
1641348000,3793.77,3808.96,3793.62,3803.28,157132.0
1641351600,3803.27,3827.75,3803.27,3808.69,253262.0
1641355200,3808.69,3816.38,3802.5,3809.51,170500.0
1641358800,3809.51,3809.51,3796.17,3804.2,177685.0
1641362400,3804.19,3821.0,3800.48,3818.15,176095.0
1641366000,3818.16,3823.42,3810.9,3816.65,134093.0
1641369600,3816.65,3828.06,3802.88,3820.98,320158.0
1641373200,3821.22,3839.82,3816.75,3835.88,300822.0
1641376800,3835.88,3848.08,3820.58,3826.27,340466.0
1641380400,3826.27,3827.6,3780.98,3792.31,591352.0
1641384000,3792.33,3796.8,3765.14,3790.31,622770.0
1641387600,3790.3,3816.27,3781.41,3813.77,475382.0
1641391200,3813.78,3834.39,3788.0,3821.01,881776.0
1641394800,3821.01,3828.0,3804.39,3819.84,342302.0
1641398400,3819.84,3822.8,3790.19,3792.82,313831.0
1641402000,3792.82,3803.6,3771.08,3772.96,290201.0
1641405600,3773.13,3774.01,3726.16,3748.04,1022077.0
1641409200,3748.04,3761.25,3636.2,3654.75,1823136.0
1641412800,3654.76,3665.24,3585.0,3595.21,1707085.0
1641416400,3594.98,3634.94,3552.01,3555.26,802931.0
1641420000,3555.27,3571.1,3406.46,3534.76,1493825.0
1641423600,3534.77,3565.47,3504.01,3538.66,655162.0
1641427200,3538.66,3551.0,3516.3,3538.07,542931.0
1641430800,3538.08,3540.34,3502.39,3525.45,412999.0
1641434400,3525.18,3530.48,3496.0,3509.34,492338.0
1641438000,3509.34,3512.51,3446.69,3449.0,905816.0
1641441600,3449.0,3470.83,3407.14,3451.01,1351902.0
1641445200,3451.0,3479.0,3438.4,3457.45,739730.0
1641448800,3457.67,3467.25,3420.11,3438.77,591654.0
1641452400,3438.78,3464.0,3426.06,3452.7,503265.0
1641456000,3452.71,3455.36,3382.0,3405.63,1145236.0
1641459600,3405.64,3408.4,3295.0,3307.74,1846875.0
1641463200,3307.73,3365.0,3307.44,3355.81,966275.0
1641466800,3355.81,3367.72,3330.3,3348.99,512677.0
1641470400,3348.99,3360.0,3315.97,3359.66,703104.0
1641474000,3359.67,3407.2,3359.66,3402.9,960311.0
1641477600,3402.91,3424.0,3383.0,3393.49,896588.0
1641481200,3393.74,3404.82,3358.33,3395.07,867487.0
1641484800,3395.28,3419.96,3383.25,3401.91,614492.0
1641488400,3401.98,3432.88,3396.03,3421.79,602878.0
1641492000,3421.8,3456.58,3415.63,3454.7,439369.0
1641495600,3454.7,3460.28,3433.5,3445.68,290526.0
1641499200,3445.68,3457.99,3418.12,3424.4,270983.0
1641502800,3424.48,3432.74,3413.0,3428.19,149051.0
1641506400,3428.2,3436.45,3416.0,3428.87,102169.0
1641510000,3428.87,3431.37,3406.0,3406.51,237066.0
1641513600,3406.58,3417.12,3366.0,3367.89,536670.0
1641517200,3367.89,3395.0,3367.89,3391.73,341777.0
1641520800,3391.73,3393.0,3360.09,3363.59,347619.0
1641524400,3363.59,3366.3,3225.15,3239.49,2312314.0
1641528000,3239.6,3255.24,3140.0,3217.92,2795567.0
1641531600,3217.91,3248.0,3210.85,3236.15,955817.0
1641535200,3236.35,3236.36,3153.21,3172.02,1275704.0
1641538800,3172.18,3206.75,3112.1,3204.24,1785250.0
1641542400,3203.92,3294.38,3188.0,3230.4,1766106.0
1641546000,3230.39,3275.5,3227.59,3250.0,701929.0
1641549600,3250.0,3266.38,3215.0,3216.1,493985.0
1641553200,3216.07,3236.99,3213.66,3225.98,414076.0
1641556800,3226.23,3264.74,3226.23,3241.0,504167.0
1641560400,3241.0,3270.16,3110.0,3166.87,2179946.0
1641564000,3167.08,3227.0,3156.8,3208.03,1018235.0
1641567600,3208.08,3210.0,3045.58,3131.46,2022115.0
1641571200,3131.41,3223.21,3089.0,3214.34,1900764.0
1641574800,3214.34,3215.98,3173.0,3203.49,480433.0
1641578400,3203.48,3210.03,3156.76,3172.62,379873.0
1641582000,3173.4,3203.73,3143.81,3197.2,397018.0
1641585600,3197.4,3224.41,3181.97,3215.27,312460.0
1641589200,3215.53,3223.06,3205.01,3215.01,132625.0
1641592800,3215.01,3215.49,3164.51,3181.26,221733.0
1641596400,3181.04,3199.95,3170.21,3198.45,314309.0
1641600000,3198.48,3239.99,3187.63,3235.88,673963.0
1641603600,3235.56,3247.47,3215.19,3217.56,390637.0
1641607200,3217.41,3221.97,3188.75,3209.89,426613.0
1641610800,3209.89,3213.7,3180.0,3203.58,412618.0
1641614400,3203.57,3226.49,3201.32,3217.93,323063.0
1641618000,3217.68,3220.0,3202.95,3214.09,257150.0
1641621600,3214.09,3223.14,3190.04,3218.44,383041.0
1641625200,3218.45,3229.8,3206.44,3216.0,367862.0
1641628800,3216.0,3237.68,3208.06,3214.66,519621.0
1641632400,3214.9,3240.0,3214.9,3239.68,387011.0
1641636000,3239.69,3248.21,3209.0,3221.13,484043.0
1641639600,3221.13,3223.49,3207.0,3219.12,330907.0
1641643200,3219.12,3229.65,3193.23,3202.2,560380.0
1641646800,3202.2,3209.45,3175.93,3200.59,582946.0
1641650400,3200.59,3205.64,3176.16,3177.33,436643.0
1641654000,3177.59,3184.43,3147.56,3161.78,938169.0
1641657600,3161.77,3180.5,3119.59,3129.29,1024129.0
1641661200,3129.28,3137.0,3035.0,3039.79,1610892.0
1641664800,3039.79,3080.75,3001.12,3008.9,2336073.0
1641668400,3008.89,3059.16,2997.26,3029.81,1440984.0
1641672000,3029.82,3052.71,3003.55,3031.46,758536.0
1641675600,3031.73,3105.0,3026.01,3078.78,744521.0
1641679200,3078.53,3131.21,3076.0,3117.86,451363.0
1641682800,3117.85,3119.94,3078.21,3080.61,381811.0
1641686400,3080.62,3122.0,3058.05,3118.25,631622.0
1641690000,3118.23,3135.02,3091.89,3114.74,501596.0
1641693600,3114.74,3146.0,3109.73,3136.0,489160.0
1641697200,3136.01,3143.75,3116.34,3119.67,408762.0
1641700800,3119.66,3142.57,3115.0,3140.25,376024.0
1641704400,3140.0,3144.88,3117.64,3122.39,342784.0
1641708000,3122.39,3139.0,3117.4,3136.14,289215.0
1641711600,3136.13,3138.68,3121.32,3126.52,212955.0
1641715200,3126.53,3138.0,3103.12,3107.81,502468.0
1641718800,3107.82,3115.98,3092.6,3097.39,569893.0
1641722400,3097.4,3112.76,3084.65,3106.75,452632.0
1641726000,3106.76,3134.26,3106.75,3128.47,421315.0
1641729600,3128.48,3134.7,3104.59,3109.47,436726.0
1641733200,3109.22,3129.52,3087.03,3087.04,585966.0
1641736800,3087.03,3116.92,3087.03,3099.12,444784.0
1641740400,3099.11,3105.0,3074.0,3097.83,704408.0
1641744000,3097.81,3161.14,3090.35,3159.49,860948.0
1641747600,3159.49,3177.32,3146.79,3165.8,846829.0
1641751200,3165.81,3180.5,3163.41,3167.53,372044.0
1641754800,3167.53,3207.98,3162.69,3201.22,642152.0
1641758400,3201.47,3210.0,3192.0,3194.24,252658.0
1641762000,3194.24,3202.77,3183.6,3188.4,190416.0
1641765600,3188.4,3198.0,3173.0,3178.51,170232.0
1641769200,3178.5,3184.13,3142.8,3151.18,485682.0
1641772800,3151.18,3170.56,3135.12,3137.38,475728.0
1641776400,3137.38,3153.63,3128.73,3150.75,340398.0
1641780000,3150.76,3160.0,3142.22,3153.73,277251.0
1641783600,3153.74,3157.28,3148.02,3154.45,178862.0
1641787200,3154.26,3181.62,3151.27,3174.43,409621.0
1641790800,3174.36,3180.0,3166.66,3173.23,284044.0
1641794400,3173.24,3174.57,3155.93,3162.41,301375.0
1641798000,3162.4,3175.46,3156.0,3163.55,319666.0
1641801600,3163.83,3168.99,3139.0,3145.29,469253.0
1641805200,3145.07,3159.25,3141.3,3146.39,313663.0
1641808800,3146.3,3169.19,3138.66,3139.24,725423.0
1641812400,3139.23,3140.0,3092.72,3105.75,1007273.0
1641816000,3105.75,3110.84,3030.36,3032.66,1341449.0
1641819600,3032.66,3047.0,3011.01,3022.52,1383135.0
1641823200,3022.52,3040.36,2917.12,3019.0,4390112.0
1641826800,3018.73,3033.71,2981.33,3005.82,1501464.0
1641830400,3006.1,3100.0,2996.11,3076.68,1648549.0
1641834000,3076.68,3084.95,2967.81,3012.66,1816606.0
1641837600,3012.36,3059.57,3003.19,3042.98,686657.0
1641841200,3042.98,3057.07,3018.56,3029.48,413585.0
1641844800,3029.79,3089.98,3019.53,3082.89,448481.0
1641848400,3082.94,3096.39,3068.52,3074.84,408172.0
1641852000,3075.05,3084.58,3056.0,3062.64,154081.0
1641855600,3062.8,3086.97,3053.88,3081.92,241234.0
1641859200,3081.92,3086.32,3054.17,3054.63,268794.0
1641862800,3054.93,3090.92,3052.18,3090.92,356961.0
1641866400,3090.92,3129.8,3085.0,3114.27,733372.0
1641870000,3114.45,3121.86,3106.3,3118.26,392895.0
1641873600,3118.26,3123.17,3104.63,3116.91,344800.0
1641877200,3117.19,3118.18,3101.3,3110.37,251226.0
1641880800,3110.38,3122.63,3096.58,3107.66,326774.0
1641884400,3107.67,3138.0,3106.01,3128.43,356914.0
1641888000,3128.43,3148.0,3104.57,3107.56,939780.0
1641891600,3107.59,3133.61,3096.27,3123.03,554845.0
1641895200,3123.02,3132.99,3087.23,3093.69,603853.0
1641898800,3093.68,3121.0,3091.87,3110.55,529298.0
1641902400,3110.55,3135.85,3103.25,3121.07,499487.0
1641906000,3121.07,3130.99,3106.71,3113.25,397459.0
1641909600,3113.24,3123.38,3073.46,3115.3,1114963.0
1641913200,3115.3,3160.0,3110.29,3133.25,1471089.0
1641916800,3133.24,3238.0,3128.88,3218.24,2113770.0
1641920400,3218.24,3263.67,3200.38,3230.86,1462314.0
1641924000,3230.87,3250.03,3219.89,3232.3,513161.0
1641927600,3232.53,3245.05,3216.04,3236.42,262562.0
1641931200,3236.41,3247.47,3231.62,3239.01,255639.0
1641934800,3239.02,3241.49,3225.1,3230.75,143528.0
1641938400,3230.74,3236.57,3223.01,3231.82,103063.0
1641942000,3231.82,3247.0,3228.34,3238.39,210104.0
1641945600,3238.38,3258.73,3224.01,3232.36,417533.0
1641949200,3232.67,3240.0,3225.62,3230.74,213619.0
1641952800,3230.75,3237.37,3216.91,3227.66,226388.0
1641956400,3227.92,3239.78,3224.1,3233.82,195490.0
1641960000,3233.83,3243.38,3219.01,3227.26,224523.0
1641963600,3227.26,3233.46,3221.04,3229.46,139937.0
1641967200,3229.67,3262.0,3226.07,3235.6,519191.0
1641970800,3235.59,3239.88,3203.98,3217.46,557603.0
1641974400,3217.21,3240.83,3214.7,3231.27,429691.0
1641978000,3231.27,3279.08,3228.77,3260.0,999701.0
1641981600,3260.0,3271.2,3244.33,3247.42,522697.0
1641985200,3247.41,3298.0,3237.9,3271.46,1049002.0
1641988800,3271.42,3326.05,3267.53,3315.75,1252997.0
1641992400,3315.74,3377.44,3298.69,3368.0,1746640.0
1641996000,3368.0,3384.19,3347.26,3373.35,977011.0
1641999600,3373.36,3385.97,3350.0,3360.88,794569.0
1642003200,3360.89,3372.98,3335.0,3368.91,719997.0
1642006800,3368.72,3388.8,3357.74,3379.49,466824.0
1642010400,3379.66,3394.0,3365.12,3372.27,459549.0
1642014000,3372.4,3384.09,3362.3,3380.77,309734.0
1642017600,3381.01,3393.3,3366.0,3381.53,279967.0
1642021200,3381.71,3416.5,3365.31,3366.57,482243.0
1642024800,3366.57,3381.09,3362.21,3362.22,158119.0
1642028400,3362.22,3379.53,3355.0,3371.04,286687.0
1642032000,3370.85,3382.68,3347.5,3353.93,408107.0
1642035600,3353.92,3362.0,3328.54,3333.54,479154.0
1642039200,3333.55,3347.3,3331.0,3335.56,291404.0
1642042800,3335.55,3341.19,3315.77,3337.89,422064.0
1642046400,3337.89,3353.53,3332.99,3335.95,370693.0
1642050000,3335.95,3344.67,3323.86,3336.74,300277.0
1642053600,3336.64,3344.62,3333.99,3340.67,172301.0
1642057200,3340.58,3349.62,3331.46,3341.67,250095.0
1642060800,3341.67,3359.71,3336.31,3358.2,354963.0
1642064400,3358.2,3376.24,3345.83,3362.49,419389.0
1642068000,3362.5,3379.12,3355.22,3356.25,393313.0
1642071600,3356.21,3359.63,3328.7,3334.42,628124.0
1642075200,3334.42,3371.27,3333.08,3367.72,502522.0
1642078800,3367.71,3377.71,3351.3,3372.4,494655.0
1642082400,3372.4,3410.0,3363.73,3385.71,1152974.0
1642086000,3385.71,3390.0,3271.28,3301.98,2316998.0
1642089600,3301.98,3322.62,3286.7,3301.38,975191.0
1642093200,3301.38,3305.44,3248.06,3281.71,1253628.0
1642096800,3281.71,3297.21,3265.46,3271.58,422536.0
1642100400,3271.58,3291.56,3245.0,3272.36,505778.0
1642104000,3272.35,3279.06,3232.2,3277.34,633998.0
1642107600,3277.34,3278.41,3265.42,3270.66,215533.0
1642111200,3270.65,3277.53,3246.0,3247.99,154995.0
1642114800,3247.75,3267.31,3233.7,3242.13,367516.0
1642118400,3242.12,3269.59,3222.11,3267.9,637393.0
1642122000,3267.91,3268.95,3251.51,3258.01,301187.0
1642125600,3258.01,3274.8,3245.6,3272.12,345421.0
1642129200,3272.12,3273.86,3261.13,3266.37,192775.0
1642132800,3266.37,3283.98,3266.37,3271.55,284730.0
1642136400,3271.55,3308.0,3269.58,3305.44,446575.0
1642140000,3305.44,3312.62,3291.59,3291.59,431457.0
1642143600,3291.6,3295.5,3262.77,3267.22,460726.0
1642147200,3267.22,3270.0,3239.45,3257.74,795653.0
1642150800,3257.74,3275.95,3252.11,3263.32,408706.0
1642154400,3263.33,3269.82,3210.42,3224.41,761979.0
1642158000,3224.42,3224.73,3196.02,3202.65,991458.0
1642161600,3202.64,3230.98,3185.54,3212.66,859860.0
1642165200,3212.67,3230.78,3203.21,3210.12,526273.0
1642168800,3210.12,3285.76,3203.8,3277.49,1257833.0
1642172400,3277.31,3300.66,3260.36,3278.94,1065238.0
1642176000,3278.84,3296.11,3258.09,3294.08,570531.0
1642179600,3294.07,3308.0,3273.58,3278.15,471025.0
1642183200,3278.15,3294.48,3270.27,3291.66,297554.0
1642186800,3291.66,3330.0,3291.41,3308.39,475007.0
1642190400,3308.25,3318.16,3298.22,3303.49,230829.0
1642194000,3303.55,3343.94,3302.52,3331.67,261519.0
1642197600,3331.64,3333.14,3314.13,3314.14,222322.0
1642201200,3314.14,3317.77,3292.6,3307.05,337112.0
1642204800,3306.97,3325.34,3302.52,3314.71,280977.0
1642208400,3314.46,3317.92,3295.56,3303.66,167417.0
1642212000,3303.66,3315.88,3298.4,3315.88,176233.0
1642215600,3315.87,3324.44,3305.17,3308.93,291390.0
1642219200,3309.14,3310.52,3295.09,3306.76,309300.0
1642222800,3306.75,3317.8,3298.7,3308.68,201947.0
1642226400,3308.68,3321.24,3304.05,3318.63,278845.0
1642230000,3318.63,3319.58,3307.23,3315.65,155063.0
1642233600,3315.87,3324.55,3310.11,3311.88,261968.0
1642237200,3311.88,3333.86,3311.0,3330.54,282179.0
1642240800,3330.53,3339.5,3323.11,3324.15,402005.0
1642244400,3324.15,3325.22,3312.95,3319.07,237782.0
1642248000,3319.06,3320.66,3260.28,3280.99,851075.0
1642251600,3281.0,3309.9,3273.85,3302.44,640626.0
1642255200,3302.44,3362.73,3292.34,3339.63,1054161.0
1642258800,3339.63,3370.69,3332.52,3362.06,631465.0
1642262400,3362.29,3380.0,3352.06,3358.13,406298.0
1642266000,3358.13,3363.7,3347.0,3349.69,277723.0
1642269600,3349.85,3349.85,3340.64,3343.52,193132.0
1642273200,3343.76,3351.52,3338.76,3349.58,133492.0
1642276800,3349.58,3371.63,3349.58,3352.01,327952.0
1642280400,3351.9,3353.4,3324.11,3334.36,292265.0
1642284000,3334.37,3342.61,3329.34,3338.38,88119.0
1642287600,3338.38,3344.99,3321.77,3326.44,214563.0
1642291200,3326.46,3334.71,3313.05,3331.0,270195.0
1642294800,3331.0,3337.54,3321.0,3321.0,163853.0
1642298400,3321.0,3326.22,3294.52,3304.3,366754.0
1642302000,3304.29,3320.43,3299.67,3313.68,365011.0
1642305600,3313.68,3323.61,3308.6,3318.38,254527.0
1642309200,3318.38,3324.19,3307.11,3307.12,201713.0
1642312800,3307.11,3343.38,3303.36,3336.0,368784.0
1642316400,3336.0,3339.71,3327.96,3331.78,244473.0
1642320000,3331.57,3337.5,3310.88,3311.94,287294.0
1642323600,3311.94,3325.01,3308.58,3319.93,260839.0
1642327200,3319.93,3335.45,3303.98,3305.69,369068.0
1642330800,3305.85,3321.47,3285.38,3312.77,679441.0
1642334400,3312.54,3345.0,3312.27,3331.44,410977.0
1642338000,3331.43,3345.0,3270.0,3340.59,1473188.0
1642341600,3340.59,3363.68,3328.0,3351.31,1116737.0
1642345200,3351.31,3361.36,3340.87,3352.84,456620.0
1642348800,3352.93,3394.04,3343.67,3371.01,848759.0
1642352400,3371.01,3375.0,3343.63,3346.62,364413.0
1642356000,3346.62,3354.67,3344.07,3348.71,217443.0
1642359600,3348.71,3350.6,3312.37,3321.17,440737.0
1642363200,3321.18,3337.67,3309.0,3332.92,277713.0
1642366800,3332.92,3337.51,3326.25,3330.16,118613.0
1642370400,3330.4,3353.07,3329.73,3349.42,127305.0
1642374000,3349.19,3362.68,3344.54,3346.47,316336.0
1642377600,3346.52,3356.34,3323.34,3325.17,431774.0
1642381200,3325.17,3331.91,3313.74,3320.22,367447.0
1642384800,3320.45,3327.95,3311.1,3326.85,386029.0
1642388400,3326.85,3330.22,3255.0,3257.81,872487.0
1642392000,3257.81,3275.67,3250.26,3254.25,649926.0
1642395600,3254.24,3269.49,3236.6,3266.94,712614.0
1642399200,3266.94,3284.0,3263.88,3273.47,481219.0
1642402800,3273.47,3300.0,3270.31,3270.79,490368.0
1642406400,3270.79,3279.1,3251.0,3272.41,702088.0
1642410000,3272.21,3282.49,3262.96,3274.23,410884.0
1642413600,3273.51,3278.78,3253.4,3273.72,455330.0
1642417200,3273.54,3279.56,3254.51,3256.05,405408.0
1642420800,3256.05,3280.48,3232.62,3260.44,1059673.0
1642424400,3260.44,3276.1,3254.36,3266.82,467787.0
1642428000,3266.83,3274.8,3248.47,3256.47,453378.0
1642431600,3256.47,3258.26,3185.0,3238.0,1002262.0
1642435200,3238.18,3247.85,3207.02,3228.23,940832.0
1642438800,3228.24,3231.51,3190.0,3207.53,928924.0
1642442400,3207.69,3217.99,3181.0,3216.78,699292.0
1642446000,3216.78,3226.29,3213.0,3218.16,250745.0
1642449600,3218.16,3223.42,3206.47,3208.59,198004.0
1642453200,3208.59,3210.71,3151.0,3165.73,717864.0
1642456800,3165.72,3216.46,3139.12,3193.25,636250.0
1642460400,3193.25,3222.0,3191.73,3210.2,449916.0
1642464000,3210.21,3235.76,3205.73,3228.6,556819.0
1642467600,3228.6,3244.82,3218.0,3223.43,417599.0
1642471200,3223.59,3224.53,3209.4,3219.68,267426.0
1642474800,3219.68,3220.14,3172.58,3183.02,716581.0
1642478400,3183.02,3189.58,3163.59,3175.53,614274.0
1642482000,3175.53,3183.16,3165.01,3174.28,246972.0
1642485600,3174.28,3207.77,3174.28,3201.0,478797.0
1642489200,3201.0,3205.6,3182.05,3187.52,415670.0
1642492800,3187.52,3188.41,3149.0,3157.23,1056040.0
1642496400,3157.39,3175.83,3126.0,3166.43,1526698.0
1642500000,3166.09,3192.2,3156.44,3174.52,708827.0
1642503600,3174.52,3175.48,3154.06,3172.17,637209.0
1642507200,3172.17,3183.38,3147.15,3163.09,868559.0
1642510800,3163.1,3166.5,3110.0,3139.84,1463209.0
1642514400,3139.84,3144.85,3100.15,3120.55,1653969.0
1642518000,3120.56,3145.22,3112.43,3117.65,1337865.0
1642521600,3117.7,3140.0,3101.94,3132.32,1069925.0
1642525200,3132.32,3134.18,3103.74,3105.08,722704.0
1642528800,3105.09,3112.97,3072.82,3108.05,1134407.0
1642532400,3108.05,3133.5,3105.4,3127.73,606290.0
1642536000,3127.89,3132.44,3099.84,3125.19,600636.0
1642539600,3124.84,3170.0,3119.24,3162.5,797789.0
1642543200,3162.51,3193.71,3155.26,3179.33,484431.0
1642546800,3179.33,3181.96,3157.34,3160.15,442265.0
1642550400,3160.15,3169.99,3142.81,3153.16,672327.0
1642554000,3153.13,3174.0,3152.69,3171.35,387574.0
1642557600,3171.35,3177.29,3150.0,3158.49,558604.0
1642561200,3158.5,3160.03,3087.0,3099.23,1788647.0
1642564800,3099.23,3115.0,3097.26,3101.39,659618.0
1642568400,3101.39,3112.9,3097.51,3105.48,426780.0
1642572000,3105.48,3110.97,3087.3,3099.73,479438.0
1642575600,3099.73,3099.73,3044.0,3062.36,1552238.0
1642579200,3062.4,3069.5,3045.48,3063.59,817191.0
1642582800,3063.6,3093.0,3060.05,3085.58,956184.0
1642586400,3085.58,3088.1,3050.0,3078.47,902047.0
1642590000,3078.39,3131.49,3075.8,3117.63,1711243.0
1642593600,3117.64,3134.94,3113.11,3119.28,735885.0
1642597200,3119.43,3145.0,3117.0,3123.77,684017.0
1642600800,3123.77,3161.15,3111.2,3157.78,1188066.0
1642604400,3157.79,3160.42,3114.1,3124.01,1033350.0
1642608000,3124.0,3132.0,3078.0,3099.78,1388696.0
1642611600,3099.78,3159.05,3099.5,3151.81,1167868.0
1642615200,3151.8,3157.89,3126.23,3136.71,566311.0
1642618800,3136.58,3141.16,3115.46,3128.49,544054.0
1642622400,3128.4,3139.05,3103.06,3108.41,582683.0
1642626000,3108.33,3126.32,3108.33,3113.77,353173.0
1642629600,3113.87,3130.6,3104.39,3127.22,209044.0
1642633200,3127.22,3127.22,3081.53,3084.17,499741.0
1642636800,3084.17,3121.9,3083.92,3113.34,517654.0
1642640400,3113.21,3119.99,3093.98,3113.0,412684.0
1642644000,3113.0,3129.76,3112.86,3122.53,491878.0
1642647600,3122.53,3130.86,3115.51,3124.44,262912.0
1642651200,3124.45,3137.79,3120.5,3124.55,313085.0
1642654800,3124.68,3131.81,3112.12,3128.19,285556.0
1642658400,3128.19,3147.14,3127.29,3143.51,541451.0
1642662000,3143.51,3153.53,3134.5,3139.38,487476.0
1642665600,3139.38,3142.83,3122.69,3130.5,391912.0
1642669200,3130.51,3148.0,3116.19,3143.56,374007.0
1642672800,3143.73,3148.11,3134.03,3139.72,415696.0
1642676400,3139.73,3154.95,3138.75,3151.32,444374.0
1642680000,3151.32,3151.85,3128.26,3136.77,640984.0
1642683600,3136.77,3183.42,3132.03,3181.66,1274272.0
1642687200,3181.66,3221.73,3181.66,3217.71,1787707.0
1642690800,3217.71,3278.91,3215.74,3261.66,1867232.0
1642694400,3261.65,3273.71,3238.26,3245.52,815286.0
1642698000,3245.54,3254.0,3225.62,3232.84,499031.0
1642701600,3232.72,3235.39,3207.88,3208.58,600907.0
1642705200,3208.58,3248.47,3205.12,3216.32,720370.0
1642708800,3216.18,3220.09,3184.81,3195.1,720733.0
1642712400,3195.1,3197.27,3078.93,3080.56,1455549.0
1642716000,3080.56,3108.49,3017.68,3061.0,1376882.0
1642719600,3060.99,3061.85,2986.04,3001.41,1795426.0
1642723200,3001.38,3032.77,2971.54,3016.81,1591514.0
1642726800,3016.8,3019.8,2892.0,2899.95,2304992.0
1642730400,2899.95,2956.0,2880.5,2908.01,2300230.0
1642734000,2907.9,2918.51,2809.51,2838.4,2786493.0
1642737600,2838.39,2881.4,2835.9,2862.22,1203635.0
1642741200,2862.09,2877.36,2847.91,2858.77,1000106.0
1642744800,2858.77,2866.0,2834.61,2845.49,939312.0
1642748400,2845.48,2897.58,2835.81,2880.73,983542.0
1642752000,2880.72,2898.0,2876.37,2891.08,878188.0
1642755600,2891.07,2892.91,2868.0,2869.0,756746.0
1642759200,2868.99,2887.54,2860.72,2873.15,781656.0
1642762800,2873.15,2877.59,2833.24,2848.29,1194458.0
1642766400,2848.28,2855.0,2726.1,2777.92,3371141.0
1642770000,2778.09,2816.2,2758.26,2797.4,1452233.0
1642773600,2797.61,2834.12,2765.18,2784.59,1955007.0
1642777200,2784.59,2853.7,2766.04,2831.96,2362021.0
1642780800,2831.96,2861.48,2789.6,2810.0,1479627.0
1642784400,2810.0,2814.94,2765.32,2779.99,969505.0
1642788000,2779.9,2806.81,2754.0,2766.5,1255266.0
1642791600,2766.5,2789.9,2738.04,2741.34,813552.0
1642795200,2741.34,2765.05,2700.05,2745.57,2279822.0
1642798800,2745.54,2758.66,2553.96,2607.21,3706918.0
1642802400,2607.09,2648.49,2495.65,2545.71,2624808.0
1642806000,2545.92,2598.16,2459.64,2568.8,3391735.0
1642809600,2568.78,2625.25,2548.84,2591.49,2131611.0
1642813200,2591.31,2617.16,2580.65,2606.98,1433218.0
1642816800,2606.85,2609.42,2580.47,2593.03,1081094.0
1642820400,2592.56,2616.1,2534.72,2566.95,1590736.0
1642824000,2566.99,2576.0,2537.28,2555.67,1171358.0
1642827600,2555.91,2565.68,2482.36,2496.88,1780324.0
1642831200,2496.88,2534.42,2463.01,2507.89,2422811.0
1642834800,2507.88,2527.44,2420.0,2463.28,2553165.0
1642838400,2463.38,2504.87,2463.38,2468.99,1468035.0
1642842000,2469.0,2486.99,2370.08,2389.69,3190796.0
1642845600,2389.49,2468.8,2296.96,2450.99,6238614.0
1642849200,2450.99,2480.84,2385.09,2429.69,2476891.0
1642852800,2429.98,2499.36,2422.58,2490.35,2150027.0
1642856400,2490.04,2517.0,2456.28,2466.74,1888313.0
1642860000,2466.74,2473.49,2416.4,2419.09,1487293.0
1642863600,2419.1,2431.77,2374.55,2387.23,1829711.0
1642867200,2387.23,2465.37,2361.92,2439.84,2767483.0
1642870800,2439.65,2451.88,2367.87,2380.15,1776075.0
1642874400,2379.99,2397.35,2322.02,2330.89,2049872.0
1642878000,2330.97,2374.88,2317.78,2337.39,1586637.0
1642881600,2337.21,2457.86,2319.0,2430.25,2912873.0
1642885200,2430.14,2473.6,2409.29,2445.68,1102146.0
1642888800,2445.98,2446.76,2362.97,2378.4,685456.0
1642892400,2378.39,2414.28,2369.66,2411.71,552519.0
1642896000,2411.94,2450.31,2398.07,2447.59,1026248.0
1642899600,2447.58,2463.99,2432.49,2444.56,872348.0
1642903200,2444.56,2448.15,2387.84,2394.15,885097.0
1642906800,2394.3,2420.63,2385.57,2416.67,760202.0
1642910400,2416.37,2444.82,2407.65,2433.6,1012315.0
1642914000,2433.6,2493.8,2410.23,2467.79,1581175.0
1642917600,2467.79,2480.6,2450.1,2462.79,1090902.0
1642921200,2462.79,2501.0,2458.43,2485.98,1120437.0
1642924800,2485.97,2520.0,2476.0,2520.0,1717950.0
1642928400,2520.0,2549.71,2508.0,2533.21,1521362.0
1642932000,2533.1,2538.3,2512.09,2533.53,946074.0
1642935600,2533.53,2535.19,2491.05,2498.14,754759.0
1642939200,2498.13,2504.99,2481.2,2495.6,813787.0
1642942800,2495.6,2513.81,2483.27,2504.6,665765.0
1642946400,2504.6,2515.67,2400.0,2433.4,2269801.0
1642950000,2433.39,2440.62,2418.52,2432.39,780142.0
1642953600,2432.39,2458.04,2416.06,2426.78,903304.0
1642957200,2426.79,2446.69,2423.54,2436.81,513577.0
1642960800,2436.8,2445.87,2406.21,2414.72,888012.0
1642964400,2414.75,2429.92,2375.54,2384.06,1033859.0
1642968000,2383.91,2429.2,2370.42,2423.63,764561.0
1642971600,2423.79,2439.82,2404.65,2422.58,557804.0
1642975200,2422.37,2448.49,2419.09,2446.0,347294.0
1642978800,2446.0,2549.5,2438.7,2541.02,1973255.0
1642982400,2540.85,2540.86,2483.56,2491.04,1226164.0
1642986000,2491.04,2502.19,2452.3,2457.98,845658.0
1642989600,2457.97,2463.97,2430.72,2435.71,972769.0
1642993200,2435.89,2463.27,2431.98,2458.87,775269.0
1642996800,2458.91,2470.75,2425.0,2438.87,797311.0
1643000400,2438.87,2447.0,2416.82,2440.0,916374.0
1643004000,2440.0,2456.04,2429.0,2434.79,710749.0
1643007600,2434.95,2434.96,2380.36,2385.91,1248562.0
1643011200,2385.92,2444.0,2355.61,2383.82,2305100.0
1643014800,2384.11,2395.99,2320.21,2335.6,2384635.0
1643018400,2336.12,2343.18,2208.19,2215.45,4145965.0
1643022000,2215.65,2285.0,2201.0,2238.05,3241118.0
1643025600,2238.21,2248.88,2171.08,2189.59,2792167.0
1643029200,2189.6,2231.0,2166.0,2183.77,3398108.0
1643032800,2183.63,2255.77,2155.03,2204.82,3879567.0
1643036400,2204.2,2286.38,2160.0,2274.0,3476274.0
1643040000,2274.0,2330.0,2221.91,2259.77,3030601.0
1643043600,2260.12,2367.75,2211.67,2347.71,2485853.0
1643047200,2347.7,2407.99,2331.81,2385.11,2380170.0
1643050800,2385.11,2398.86,2341.0,2377.8,1383730.0
1643054400,2377.73,2480.65,2367.74,2463.96,2002914.0
1643058000,2463.95,2474.4,2436.8,2442.27,1116467.0
1643061600,2442.14,2453.96,2407.3,2412.75,454511.0
1643065200,2412.58,2449.71,2411.86,2439.26,814962.0
1643068800,2439.25,2442.12,2386.01,2388.56,877978.0
1643072400,2388.56,2403.0,2378.1,2391.52,946424.0
1643076000,2391.52,2414.66,2382.52,2410.81,675975.0
1643079600,2410.73,2427.99,2396.77,2415.83,591756.0
1643083200,2415.84,2421.76,2375.21,2379.7,623605.0
1643086800,2379.63,2397.48,2374.95,2393.64,554027.0
1643090400,2393.64,2399.61,2363.0,2365.01,779030.0
1643094000,2365.16,2387.56,2348.0,2383.84,1055637.0
1643097600,2383.84,2413.9,2372.01,2383.99,1474115.0
1643101200,2384.15,2434.57,2380.42,2424.74,1057860.0
1643104800,2424.75,2454.53,2416.25,2428.0,1136936.0
1643108400,2428.01,2441.95,2405.44,2422.88,882872.0
1643112000,2422.87,2461.32,2407.0,2437.45,1093575.0
1643115600,2437.45,2442.0,2405.0,2427.0,1058314.0
1643119200,2427.0,2469.98,2387.4,2392.6,2528379.0
1643122800,2392.59,2441.38,2363.67,2419.37,2601522.0
1643126400,2419.49,2453.26,2412.69,2432.3,1438477.0
1643130000,2432.3,2495.27,2430.28,2480.85,1484331.0
1643133600,2480.81,2507.9,2465.0,2496.05,881432.0
1643137200,2495.87,2504.59,2465.81,2466.84,607374.0
1643140800,2466.78,2472.17,2429.08,2438.94,881177.0
1643144400,2438.72,2442.79,2404.08,2412.98,565921.0
1643148000,2412.98,2437.8,2404.37,2437.34,294152.0
1643151600,2437.33,2471.65,2429.61,2458.4,627316.0
1643155200,2458.47,2463.25,2414.14,2423.93,752854.0
1643158800,2423.92,2449.8,2422.55,2445.28,458520.0
1643162400,2445.42,2470.13,2442.64,2444.77,487133.0
1643166000,2444.76,2485.44,2443.21,2475.71,761903.0
1643169600,2475.71,2501.0,2463.27,2497.85,716784.0
1643173200,2497.82,2499.0,2472.94,2475.22,729529.0
1643176800,2475.22,2485.0,2445.41,2450.74,817077.0
1643180400,2450.74,2464.06,2445.2,2461.07,516700.0
1643184000,2460.9,2492.87,2460.48,2487.04,938166.0
1643187600,2487.05,2523.34,2480.8,2487.78,1438850.0
1643191200,2487.73,2546.57,2475.24,2525.24,1388849.0
1643194800,2525.24,2547.99,2513.85,2546.54,1095162.0
1643198400,2546.37,2547.45,2527.61,2531.47,789540.0
1643202000,2531.47,2633.99,2523.43,2621.95,3026151.0
1643205600,2621.71,2670.0,2613.0,2644.95,2426003.0
1643209200,2645.0,2657.0,2586.88,2606.43,1695736.0
1643212800,2606.43,2620.0,2596.0,2614.45,868025.0
1643216400,2614.59,2637.39,2591.28,2595.42,785212.0
1643220000,2595.42,2626.37,2559.84,2605.95,1527482.0
1643223600,2605.95,2724.03,2564.01,2573.54,5060568.0
1643227200,2573.54,2573.54,2470.21,2518.22,2812050.0
1643230800,2518.31,2534.0,2412.21,2419.32,1204274.0
1643234400,2419.19,2442.7,2401.06,2438.13,714125.0
1643238000,2438.13,2476.0,2433.11,2462.87,802951.0
1643241600,2462.99,2493.84,2446.26,2482.69,867755.0
1643245200,2482.68,2482.68,2382.57,2389.63,1525767.0
1643248800,2389.6,2395.23,2356.0,2387.62,1259447.0
1643252400,2387.61,2407.33,2352.0,2365.32,1143912.0
1643256000,2365.32,2398.44,2361.54,2393.97,943716.0
1643259600,2393.96,2409.93,2381.24,2389.94,737706.0
1643263200,2390.04,2403.3,2375.56,2400.0,537090.0
1643266800,2400.0,2419.6,2388.16,2402.2,635500.0
1643270400,2402.36,2445.0,2384.36,2439.91,988907.0
1643274000,2439.91,2449.82,2426.06,2441.58,883611.0
1643277600,2441.58,2452.0,2417.09,2424.51,719468.0
1643281200,2424.5,2458.88,2422.54,2456.92,941283.0
1643284800,2456.92,2472.0,2442.0,2456.86,1032925.0
1643288400,2457.0,2492.79,2451.57,2486.74,1160321.0
1643292000,2486.74,2523.57,2475.53,2492.45,1787728.0
1643295600,2492.46,2517.35,2460.69,2479.17,1676427.0
1643299200,2479.33,2495.77,2451.0,2476.56,1353979.0
1643302800,2476.79,2487.59,2438.37,2448.94,1198046.0
1643306400,2448.91,2456.48,2411.88,2435.15,1042649.0
1643310000,2435.14,2448.0,2390.51,2394.55,1183665.0
1643313600,2394.67,2413.66,2337.48,2339.6,1446564.0
1643317200,2339.54,2372.79,2316.2,2360.27,1320477.0
1643320800,2360.26,2406.4,2329.04,2382.47,836052.0
1643324400,2382.47,2431.25,2382.03,2424.25,1170244.0
1643328000,2424.34,2446.39,2412.02,2431.85,888909.0
1643331600,2431.85,2440.51,2385.2,2395.55,815899.0
1643335200,2395.68,2404.0,2362.37,2403.16,906853.0
1643338800,2403.15,2455.12,2398.78,2447.29,1062583.0
1643342400,2447.3,2463.0,2425.53,2441.3,667862.0
1643346000,2441.29,2459.73,2432.1,2448.62,482114.0
1643349600,2448.61,2474.69,2420.84,2420.88,1018865.0
1643353200,2420.87,2440.83,2388.04,2389.46,1203221.0
1643356800,2389.46,2408.44,2375.3,2403.89,1313727.0
1643360400,2403.93,2425.17,2378.0,2388.26,936163.0
1643364000,2388.27,2412.75,2371.9,2400.73,796459.0
1643367600,2401.05,2407.63,2371.08,2396.73,832173.0
1643371200,2396.73,2405.0,2357.0,2375.16,1033350.0
1643374800,2375.17,2444.0,2369.65,2430.59,1580502.0
1643378400,2430.59,2443.95,2378.26,2395.47,1662546.0
1643382000,2395.46,2449.38,2389.6,2442.74,1706576.0
1643385600,2442.75,2488.0,2432.72,2473.84,1589046.0
1643389200,2473.84,2494.6,2447.13,2454.63,1132086.0
1643392800,2454.62,2489.0,2452.1,2470.0,1060546.0
1643396400,2469.77,2478.89,2423.83,2461.52,1094536.0
1643400000,2461.52,2518.0,2459.69,2510.07,1277102.0
1643403600,2510.01,2550.86,2506.61,2533.59,906413.0
1643407200,2533.62,2549.58,2515.67,2516.36,355794.0
1643410800,2516.35,2559.89,2516.35,2544.53,644229.0
1643414400,2544.53,2586.0,2539.19,2560.53,992439.0
1643418000,2560.53,2569.89,2528.24,2532.53,637328.0
1643421600,2532.53,2542.89,2520.0,2529.1,445653.0
1643425200,2529.09,2546.0,2525.58,2540.86,385562.0
1643428800,2540.86,2554.86,2536.63,2538.5,526533.0
1643432400,2538.5,2540.72,2523.88,2534.18,379777.0
1643436000,2534.24,2550.97,2528.6,2542.61,487564.0
1643439600,2542.61,2571.5,2537.25,2566.83,663546.0
1643443200,2566.84,2583.99,2552.46,2555.99,547403.0
1643446800,2556.0,2556.12,2535.0,2550.33,560169.0
1643450400,2550.33,2558.61,2536.67,2551.4,359500.0
1643454000,2551.4,2555.33,2541.14,2554.34,343741.0
1643457600,2554.34,2593.76,2539.49,2574.19,967061.0
1643461200,2574.2,2612.0,2561.83,2606.15,1069829.0
1643464800,2606.15,2607.09,2531.62,2542.22,1316980.0
1643468400,2542.21,2553.45,2525.0,2544.05,1171573.0
1643472000,2543.94,2568.0,2527.23,2559.49,765979.0
1643475600,2559.5,2578.0,2556.64,2564.08,555841.0
1643479200,2564.08,2601.92,2561.6,2592.37,617486.0
1643482800,2592.53,2609.05,2587.23,2590.0,390206.0
1643486400,2590.01,2647.36,2580.2,2605.65,1216152.0
1643490000,2605.65,2637.68,2600.0,2614.46,556523.0
1643493600,2614.45,2619.06,2592.89,2600.26,286349.0
1643497200,2600.26,2604.63,2581.57,2601.49,380354.0
1643500800,2601.24,2614.54,2561.51,2567.75,878681.0
1643504400,2567.76,2584.12,2563.62,2579.94,398070.0
1643508000,2579.95,2583.66,2568.88,2579.73,310473.0
1643511600,2579.73,2587.61,2566.0,2570.08,382232.0
1643515200,2570.28,2594.33,2566.01,2590.05,452793.0
1643518800,2590.04,2614.15,2587.25,2604.72,867728.0
1643522400,2604.72,2620.86,2595.21,2616.01,531436.0
1643526000,2616.01,2633.0,2608.1,2618.51,666744.0
1643529600,2618.51,2630.0,2599.23,2606.68,561163.0
1643533200,2606.69,2617.0,2597.3,2610.04,473222.0
1643536800,2610.03,2628.02,2604.4,2626.51,532117.0
1643540400,2626.61,2643.0,2609.01,2625.7,575011.0
1643544000,2625.58,2642.22,2608.3,2616.01,678644.0
1643547600,2616.01,2622.94,2603.79,2610.77,514745.0
1643551200,2610.77,2617.89,2585.06,2602.49,874578.0
1643554800,2602.48,2621.3,2593.75,2617.64,616992.0
1643558400,2617.64,2624.06,2592.07,2598.12,511021.0
1643562000,2598.18,2621.58,2586.01,2618.46,413363.0
1643565600,2618.46,2624.94,2595.09,2598.0,405612.0
1643569200,2598.0,2598.0,2551.32,2560.47,890960.0
1643572800,2560.52,2584.21,2535.76,2575.68,702237.0
1643576400,2575.68,2579.22,2549.16,2559.4,452646.0
1643580000,2559.75,2581.0,2545.0,2576.11,297171.0
1643583600,2575.8,2634.51,2575.26,2602.7,1027088.0
1643587200,2602.52,2608.45,2534.72,2539.89,1414025.0
1643590800,2539.79,2550.99,2521.02,2525.29,948914.0
1643594400,2525.29,2525.56,2482.67,2511.65,1187595.0
1643598000,2511.64,2521.58,2499.59,2511.66,510406.0
1643601600,2511.66,2511.66,2471.28,2498.63,845454.0
1643605200,2498.63,2510.91,2488.99,2507.93,440760.0
1643608800,2507.93,2515.79,2502.0,2504.8,359881.0
1643612400,2504.92,2528.92,2501.59,2528.34,583672.0
1643616000,2528.34,2534.3,2521.49,2530.81,496850.0
1643619600,2531.0,2545.0,2522.4,2540.89,521834.0
1643623200,2540.96,2555.83,2534.0,2551.15,414271.0
1643626800,2551.09,2571.95,2517.37,2558.55,947205.0
1643630400,2558.56,2573.72,2518.85,2540.38,1116438.0
1643634000,2540.39,2570.0,2520.0,2557.97,882054.0
1643637600,2557.94,2591.87,2551.76,2587.96,1047988.0
1643641200,2587.84,2638.94,2582.56,2620.53,1923604.0
1643644800,2620.57,2693.0,2613.98,2686.13,1921008.0
1643648400,2686.13,2697.67,2670.42,2687.57,1069717.0
1643652000,2687.41,2695.0,2673.11,2679.7,517454.0
1643655600,2679.62,2714.87,2662.54,2674.23,771898.0
1643659200,2674.01,2695.0,2662.62,2684.42,479383.0
1643662800,2684.32,2690.18,2674.23,2680.18,239456.0
1643666400,2680.18,2714.22,2678.29,2680.48,333436.0
1643670000,2680.58,2690.66,2676.69,2686.34,228792.0
1643673600,2686.43,2705.98,2674.11,2688.47,569386.0
1643677200,2688.47,2702.0,2677.69,2684.77,466721.0
1643680800,2684.78,2726.89,2679.68,2715.83,634360.0
1643684400,2715.84,2758.0,2709.58,2750.8,1120014.0
1643688000,2750.8,2768.87,2732.54,2742.46,771382.0
1643691600,2742.47,2751.72,2730.49,2732.14,490111.0
1643695200,2732.14,2738.54,2717.64,2732.21,578020.0
1643698800,2732.13,2745.73,2731.47,2736.13,424504.0
1643702400,2736.23,2764.88,2731.75,2763.99,612042.0
1643706000,2763.99,2796.0,2727.0,2735.34,2033084.0
1643709600,2735.34,2744.7,2716.26,2735.99,864366.0
1643713200,2736.0,2769.97,2730.0,2760.28,728087.0
1643716800,2760.27,2788.36,2752.91,2779.32,937183.0
1643720400,2779.08,2804.92,2765.34,2790.08,1241089.0
1643724000,2790.08,2813.85,2754.05,2770.22,1685128.0
1643727600,2770.45,2772.21,2731.07,2767.97,1598688.0
1643731200,2767.97,2819.0,2764.77,2801.92,1326717.0
1643734800,2801.91,2808.69,2765.3,2781.67,968446.0
1643738400,2781.67,2801.0,2759.35,2767.85,635845.0
1643742000,2767.85,2777.09,2751.03,2751.03,680888.0
1643745600,2751.04,2785.96,2750.46,2768.69,571597.0
1643749200,2768.69,2798.68,2768.69,2797.64,524767.0
1643752800,2797.63,2807.22,2774.7,2788.14,308327.0
1643756400,2788.13,2804.36,2775.75,2788.55,465617.0
1643760000,2788.44,2803.08,2759.67,2772.91,712868.0
1643763600,2772.75,2780.0,2742.97,2756.43,688095.0
1643767200,2756.2,2779.48,2740.6,2774.8,578131.0
1643770800,2774.99,2800.0,2774.0,2780.53,526647.0
1643774400,2780.4,2780.41,2756.0,2759.59,492539.0
1643778000,2759.59,2769.45,2748.0,2765.72,416330.0
1643781600,2765.71,2781.88,2743.45,2754.25,688904.0
1643785200,2754.24,2762.0,2742.0,2749.72,395550.0
1643788800,2749.89,2764.48,2741.3,2762.66,469327.0
1643792400,2762.66,2776.36,2755.92,2775.39,392800.0
1643796000,2775.19,2775.33,2760.55,2764.01,305689.0
1643799600,2764.01,2769.85,2752.67,2767.01,315228.0
1643803200,2767.01,2811.6,2765.46,2800.75,1237182.0
1643806800,2800.75,2803.78,2771.17,2774.66,835531.0
1643810400,2774.66,2778.4,2683.0,2687.16,2385810.0
1643814000,2687.22,2702.0,2651.42,2664.25,2201526.0
1643817600,2664.25,2674.41,2637.9,2669.1,1743076.0
1643821200,2669.09,2693.39,2663.0,2684.38,904269.0
1643824800,2684.5,2688.26,2671.67,2685.71,499637.0
1643828400,2685.67,2719.75,2683.62,2706.09,833973.0
1643832000,2706.09,2734.14,2691.76,2726.85,873316.0
1643835600,2727.0,2731.4,2610.97,2652.89,1654284.0
1643839200,2652.87,2697.57,2642.0,2677.29,951556.0
1643842800,2677.31,2706.81,2668.28,2678.14,640291.0
1643846400,2678.17,2723.7,2665.08,2693.33,1045290.0
1643850000,2693.28,2706.35,2670.08,2681.75,554807.0
1643853600,2682.24,2692.48,2670.0,2687.43,516540.0
1643857200,2687.43,2688.25,2652.36,2657.39,597842.0
1643860800,2657.53,2673.05,2650.0,2663.33,526787.0
1643864400,2663.33,2667.77,2646.69,2656.33,559701.0
1643868000,2656.33,2659.0,2638.0,2652.14,448406.0
1643871600,2652.14,2677.5,2651.27,2670.65,467430.0
1643875200,2670.55,2685.0,2661.17,2672.08,571375.0
1643878800,2672.08,2673.73,2616.32,2618.67,827933.0
1643882400,2618.67,2622.31,2581.91,2595.82,1411247.0
1643886000,2595.81,2624.99,2590.0,2621.39,834380.0
1643889600,2621.4,2621.99,2575.51,2614.52,1158586.0
1643893200,2614.63,2627.5,2595.41,2607.0,829775.0
1643896800,2607.0,2627.45,2596.0,2608.77,1293537.0
1643900400,2608.67,2648.0,2605.0,2639.45,1146273.0
1643904000,2639.42,2661.33,2614.14,2614.14,858649.0
1643907600,2614.14,2630.03,2601.88,2627.43,845182.0
1643911200,2627.43,2635.57,2608.78,2622.93,427553.0
1643914800,2622.93,2629.32,2590.59,2598.37,563029.0
1643918400,2598.18,2612.04,2576.41,2583.88,630848.0
1643922000,2583.81,2674.07,2583.2,2660.54,1054801.0
1643925600,2660.54,2673.51,2643.28,2660.87,330328.0
1643929200,2660.88,2701.75,2653.48,2696.05,601509.0
1643932800,2696.05,2696.05,2678.0,2688.0,482807.0
1643936400,2688.0,2688.0,2671.16,2678.18,365447.0
1643940000,2678.32,2696.97,2674.54,2686.59,513757.0
1643943600,2686.59,2694.73,2681.0,2682.7,322536.0
1643947200,2683.03,2689.33,2675.0,2683.52,276928.0
1643950800,2683.39,2784.0,2681.92,2769.94,1799792.0
1643954400,2769.95,2811.72,2769.95,2796.46,1240631.0
1643958000,2796.46,2807.9,2785.3,2803.5,878648.0
1643961600,2803.5,2893.0,2803.26,2834.71,1538022.0
1643965200,2834.72,2858.15,2823.22,2847.5,760908.0
1643968800,2847.51,2870.95,2824.07,2833.3,1191069.0
1643972400,2833.29,2844.31,2825.0,2829.24,666628.0
1643976000,2829.33,2848.95,2829.33,2839.92,536666.0
1643979600,2839.91,2857.5,2768.28,2773.91,1751834.0
1643983200,2773.9,2838.29,2763.0,2826.14,2440165.0
1643986800,2826.02,2931.08,2823.48,2873.02,3650139.0
1643990400,2872.83,2970.87,2868.43,2930.14,2274536.0
1643994000,2930.17,2963.06,2924.65,2954.5,1030995.0
1643997600,2954.51,2969.0,2941.01,2946.38,674319.0
1644001200,2946.38,2964.42,2929.89,2958.89,592881.0
1644004800,2958.88,2982.0,2945.49,2954.48,664263.0
1644008400,2954.49,2963.0,2941.26,2955.08,242215.0
1644012000,2955.08,2962.13,2931.0,2955.59,300393.0
1644015600,2955.59,2996.0,2945.99,2994.91,663345.0
1644019200,2994.95,3022.14,2971.47,2981.82,1028773.0
1644022800,2981.84,2987.03,2961.0,2971.91,508003.0
1644026400,2971.92,3009.63,2969.21,2993.34,521041.0
1644030000,2993.4,3007.13,2980.67,2996.96,390182.0
1644033600,2997.08,3037.23,2989.37,3013.24,888607.0
1644037200,3013.24,3033.88,3010.05,3023.37,562123.0
1644040800,3023.38,3035.96,3006.07,3008.2,555573.0
1644044400,3008.21,3011.03,2997.29,3002.46,450713.0
1644048000,3002.47,3018.36,2987.81,3008.05,453265.0
1644051600,3008.06,3034.52,3002.12,3028.75,641701.0
1644055200,3028.75,3034.86,3007.97,3025.11,457658.0
1644058800,3024.83,3029.9,3002.72,3011.88,351041.0
1644062400,3011.88,3022.97,2998.11,3006.0,411293.0
1644066000,3006.07,3028.84,3003.56,3021.87,373505.0
1644069600,3021.87,3049.0,3007.27,3021.2,733375.0
1644073200,3021.2,3059.88,3005.7,3050.24,1206582.0
1644076800,3050.14,3054.74,2997.25,3002.31,910766.0
1644080400,3002.31,3024.27,2963.18,3016.81,1497552.0
1644084000,3016.82,3027.57,3007.24,3018.29,399805.0
1644087600,3018.28,3022.0,3004.61,3011.65,195608.0
1644091200,3011.66,3019.8,2993.22,3017.34,342661.0
1644094800,3017.07,3032.26,3011.72,3021.26,247168.0
1644098400,3020.94,3036.49,3014.7,3019.06,175652.0
1644102000,3019.06,3023.69,3008.33,3013.86,212873.0
1644105600,3013.86,3029.03,3010.84,3025.85,249507.0
1644109200,3025.7,3034.0,3020.05,3029.79,232383.0
1644112800,3029.79,3030.99,3015.0,3024.42,194908.0
1644116400,3024.21,3024.8,3008.29,3008.29,175366.0
1644120000,3008.3,3017.8,2986.5,3016.79,688878.0
1644123600,3016.8,3021.88,3010.44,3019.49,233934.0
1644127200,3019.49,3019.49,2998.05,3003.59,339605.0
1644130800,3003.59,3018.0,2994.21,3010.64,388999.0
1644134400,3010.63,3014.0,2998.51,3011.8,288839.0
1644138000,3011.8,3018.48,3009.38,3018.4,237821.0
1644141600,3018.39,3022.53,3002.09,3007.67,209003.0
1644145200,3007.76,3013.14,2999.12,3007.37,200712.0
1644148800,3007.37,3016.87,3001.0,3010.0,322271.0
1644152400,3010.0,3019.97,3001.81,3014.5,536219.0
1644156000,3014.49,3049.0,2972.0,2978.24,1504690.0
1644159600,2978.24,2996.0,2951.48,2991.31,1121691.0
1644163200,2991.31,3006.43,2978.85,3001.11,544586.0
1644166800,3001.36,3010.4,2993.52,3001.89,264491.0
1644170400,3001.6,3004.99,2979.39,2985.99,210993.0
1644174000,2985.99,3002.64,2983.64,3001.03,180522.0
1644177600,3001.03,3002.33,2974.42,2984.71,176381.0
1644181200,2984.49,3002.32,2980.0,2994.39,127658.0
1644184800,2994.39,3002.01,2983.0,2988.55,117353.0
1644188400,2988.55,3075.62,2982.53,3054.65,1425076.0
1644192000,3054.66,3062.0,2992.34,3009.77,1088387.0
1644195600,3009.77,3031.82,2996.06,3019.64,650856.0
1644199200,3019.99,3059.11,3018.0,3034.18,706455.0
1644202800,3034.18,3073.85,3034.18,3068.64,757680.0
1644206400,3068.31,3088.0,3055.17,3085.58,703404.0
1644210000,3085.59,3112.0,3080.0,3092.49,811340.0
1644213600,3092.49,3107.26,3080.03,3089.48,485064.0
1644217200,3089.56,3093.79,3067.48,3079.59,375692.0
1644220800,3079.61,3085.29,3063.0,3072.75,562913.0
1644224400,3072.74,3078.76,3049.04,3067.71,707557.0
1644228000,3067.71,3078.24,3061.0,3070.9,389620.0
1644231600,3070.9,3077.93,3057.75,3068.28,468395.0
1644235200,3068.28,3087.95,3054.05,3071.51,705836.0
1644238800,3071.51,3094.7,3068.63,3088.05,626332.0
1644242400,3088.05,3129.29,3082.97,3121.93,1896974.0
1644246000,3121.91,3126.0,3092.64,3121.23,1560503.0
1644249600,3121.23,3158.0,3106.0,3130.0,1926899.0
1644253200,3129.99,3148.0,3115.04,3144.17,1036636.0
1644256800,3144.06,3184.2,3139.2,3162.8,1539200.0
1644260400,3162.66,3190.0,3158.38,3166.99,1086707.0
1644264000,3166.99,3184.28,3133.81,3153.97,1116610.0
1644267600,3153.97,3160.59,3128.8,3150.01,656924.0
1644271200,3150.11,3156.48,3143.87,3150.88,180972.0
1644274800,3150.88,3159.57,3136.2,3139.22,566520.0
1644278400,3139.25,3154.38,3112.38,3129.57,762180.0
1644282000,3129.5,3155.13,3125.21,3150.45,552339.0
1644285600,3150.44,3156.97,3135.5,3138.6,620878.0
1644289200,3138.66,3148.19,3127.88,3146.22,645204.0
1644292800,3146.13,3164.99,3141.39,3162.62,619266.0
1644296400,3162.63,3194.18,3156.82,3183.97,1134039.0
1644300000,3183.98,3245.77,3166.75,3183.19,2040967.0
1644303600,3183.19,3184.33,3164.42,3174.01,629522.0
1644307200,3174.01,3178.48,3100.2,3105.49,1745223.0
1644310800,3105.43,3116.72,3073.98,3095.16,1678459.0
1644314400,3095.16,3119.67,3077.95,3112.64,723855.0
1644318000,3112.64,3124.43,3092.09,3105.74,521213.0
1644321600,3105.74,3105.74,3050.01,3066.54,1346957.0
1644325200,3066.54,3092.69,3059.07,3092.2,820173.0
1644328800,3092.19,3100.99,3070.0,3070.86,1075728.0
1644332400,3070.85,3081.28,3030.02,3076.39,1862880.0
1644336000,3076.39,3084.45,3038.61,3044.51,1317384.0
1644339600,3044.51,3062.68,3025.33,3052.69,1320633.0
1644343200,3052.69,3073.6,3049.03,3058.8,592578.0
1644346800,3058.8,3063.58,3032.42,3051.43,760162.0
1644350400,3051.43,3119.87,3047.0,3116.41,1342931.0
1644354000,3116.42,3129.0,3101.14,3113.91,745769.0
1644357600,3113.73,3122.77,3096.0,3113.88,340389.0
1644361200,3113.87,3138.15,3112.19,3115.07,556040.0
1644364800,3115.07,3131.06,3103.91,3129.4,594093.0
1644368400,3129.4,3130.21,3099.56,3102.52,617082.0
1644372000,3102.33,3106.61,3061.12,3075.19,868418.0
1644375600,3075.18,3083.5,3066.23,3075.65,455124.0
1644379200,3075.65,3093.89,3074.31,3080.26,517735.0
1644382800,3080.26,3107.49,3054.64,3089.85,819385.0
1644386400,3089.85,3107.26,3084.48,3099.3,439034.0
1644390000,3099.3,3116.27,3079.49,3106.65,605368.0
1644393600,3106.65,3113.49,3068.02,3093.96,930600.0
1644397200,3093.96,3115.0,3090.9,3099.2,695605.0
1644400800,3099.2,3145.0,3099.01,3136.34,914729.0
1644404400,3136.34,3157.14,3119.06,3152.09,791827.0
1644408000,3151.9,3195.43,3136.78,3181.36,1365613.0
1644411600,3181.53,3211.74,3174.48,3181.62,1279610.0
1644415200,3181.62,3219.56,3162.06,3188.87,1422603.0
1644418800,3188.87,3201.44,3165.42,3179.17,1061128.0
1644422400,3179.18,3213.15,3162.96,3202.28,1167722.0
1644426000,3202.28,3218.0,3192.62,3199.1,673577.0
1644429600,3198.9,3209.99,3182.29,3209.67,494088.0
1644433200,3209.67,3259.1,3206.18,3246.46,1205431.0
1644436800,3246.47,3272.6,3240.25,3257.52,849659.0
1644440400,3257.52,3260.19,3233.77,3235.36,412330.0
1644444000,3235.36,3254.86,3229.75,3250.64,287593.0
1644447600,3250.64,3250.65,3230.72,3243.6,459143.0
1644451200,3243.55,3248.64,3210.03,3218.94,673064.0
1644454800,3219.12,3228.88,3207.25,3223.82,466702.0
1644458400,3223.82,3228.84,3184.02,3185.2,685069.0
1644462000,3185.19,3188.36,3170.0,3178.58,613232.0
1644465600,3178.57,3194.78,3158.0,3168.47,723418.0
1644469200,3168.88,3176.47,3157.22,3174.24,461060.0
1644472800,3174.24,3188.0,3167.2,3179.08,536297.0
1644476400,3179.08,3196.0,3178.03,3189.5,405404.0
1644480000,3189.51,3207.74,3185.97,3197.07,651458.0
1644483600,3197.07,3216.9,3183.6,3214.59,557917.0
1644487200,3214.58,3264.29,3211.27,3246.06,1628169.0
1644490800,3246.07,3288.0,3235.76,3247.16,1378248.0
1644494400,3247.16,3260.52,3229.21,3245.0,842584.0
1644498000,3245.01,3265.9,3125.15,3126.93,3210214.0
1644501600,3126.92,3174.0,3084.07,3170.45,3001698.0
1644505200,3170.45,3269.38,3158.0,3209.65,3540825.0
1644508800,3209.65,3227.92,3180.71,3226.15,1525636.0
1644512400,3226.14,3250.0,3196.0,3210.8,1253673.0
1644516000,3210.95,3217.33,3161.06,3184.91,1022426.0
1644519600,3184.91,3188.84,3114.0,3120.25,955252.0
1644523200,3120.25,3139.77,3083.76,3110.48,1096527.0
1644526800,3110.49,3129.82,3091.6,3113.38,465579.0
1644530400,3113.39,3128.73,3101.04,3116.07,258950.0
1644534000,3116.07,3119.92,3055.26,3071.72,778990.0
1644537600,3071.72,3074.19,3000.3,3038.22,1519954.0
1644541200,3038.23,3096.78,3030.29,3065.13,1226658.0
1644544800,3065.48,3065.48,3036.0,3059.35,551076.0
1644548400,3059.36,3086.0,3054.06,3081.68,483281.0
1644552000,3081.68,3086.63,3056.36,3069.34,499005.0
1644555600,3069.34,3069.34,3040.1,3049.79,513645.0
1644559200,3049.79,3080.68,3044.15,3074.97,577193.0
1644562800,3074.98,3105.54,3071.95,3098.51,660338.0
1644566400,3098.5,3111.86,3068.54,3069.0,818296.0
1644570000,3068.99,3111.07,3061.5,3101.33,1230600.0
1644573600,3101.32,3116.32,3075.38,3105.61,784254.0
1644577200,3105.61,3109.3,3083.43,3087.85,564493.0
1644580800,3088.15,3121.69,3078.92,3102.05,959554.0
1644584400,3102.06,3126.0,3095.63,3120.51,895623.0
1644588000,3120.51,3139.0,3085.0,3093.28,2212760.0
1644591600,3093.28,3116.99,3086.18,3102.28,1486564.0
1644595200,3102.27,3112.58,3074.57,3092.85,1283567.0
1644598800,3092.85,3106.6,3066.0,3075.37,723251.0
1644602400,3075.36,3085.0,3005.0,3006.23,1573124.0
1644606000,3006.22,3028.35,2967.04,2993.89,2637806.0
1644609600,2993.92,3002.45,2908.0,2918.99,2647546.0
1644613200,2919.09,2942.97,2912.8,2927.61,783731.0
1644616800,2927.64,2935.88,2865.0,2896.16,917900.0
1644620400,2896.1,2934.27,2880.0,2928.65,886854.0
1644624000,2928.64,2934.9,2910.28,2929.95,626547.0
1644627600,2929.94,2954.68,2922.0,2952.34,533411.0
1644631200,2952.34,2959.24,2945.04,2955.82,381417.0
1644634800,2955.81,2955.95,2922.41,2933.84,616494.0
1644638400,2933.89,2948.81,2928.0,2935.13,402375.0
1644642000,2935.13,2942.8,2916.16,2926.51,384873.0
1644645600,2926.65,2927.35,2882.5,2907.51,1029760.0
1644649200,2907.5,2927.93,2898.19,2918.99,610684.0
1644652800,2919.04,2943.65,2919.01,2934.64,581055.0
1644656400,2934.63,2939.05,2923.66,2937.02,261606.0
1644660000,2937.01,2938.53,2892.45,2907.99,666805.0
1644663600,2907.98,2934.53,2870.81,2932.12,1173189.0
1644667200,2932.11,2938.76,2904.34,2910.85,682004.0
1644670800,2910.89,2921.65,2893.11,2895.7,527705.0
1644674400,2895.69,2912.66,2858.29,2896.64,1304982.0
1644678000,2896.64,2900.36,2860.12,2881.94,1088734.0
1644681600,2881.71,2944.0,2864.18,2930.78,1495913.0
1644685200,2930.78,2944.7,2921.49,2939.85,559143.0
1644688800,2939.85,2978.6,2938.3,2970.01,769299.0
1644692400,2970.01,2974.58,2946.32,2952.58,383516.0
1644696000,2952.68,2984.52,2946.49,2967.83,510634.0
1644699600,2967.83,2967.83,2862.75,2875.2,992056.0
1644703200,2875.2,2928.0,2872.2,2915.16,508358.0
1644706800,2915.16,2923.0,2896.13,2918.95,376650.0
1644710400,2918.95,2947.48,2896.47,2934.25,662096.0
1644714000,2934.16,2941.4,2916.0,2918.34,329409.0
1644717600,2918.34,2928.56,2908.52,2925.89,344846.0
1644721200,2925.61,2930.93,2913.7,2918.1,343824.0
1644724800,2918.1,2928.38,2904.17,2916.95,315559.0
1644728400,2916.95,2919.6,2896.97,2914.56,413285.0
1644732000,2914.56,2927.81,2903.17,2924.42,400307.0
1644735600,2924.35,2926.6,2912.66,2923.15,292667.0
1644739200,2923.15,2929.28,2911.29,2927.72,463419.0
1644742800,2927.72,2928.28,2915.0,2916.22,245444.0
1644746400,2916.28,2935.95,2905.0,2930.28,534683.0
1644750000,2930.27,2943.28,2925.44,2930.58,449138.0
1644753600,2930.59,2949.23,2924.63,2933.97,509561.0
1644757200,2933.97,2947.52,2927.39,2939.78,526624.0
1644760800,2939.79,2953.0,2908.56,2933.39,1008592.0
1644764400,2933.38,2942.32,2917.83,2918.62,659063.0
1644768000,2918.66,2921.46,2874.0,2888.95,1361439.0
1644771600,2888.94,2894.86,2866.0,2887.71,673298.0
1644775200,2887.7,2903.19,2832.0,2850.46,1054442.0
1644778800,2850.45,2867.49,2838.0,2857.09,625821.0
1644782400,2857.09,2903.58,2848.73,2903.31,609394.0
1644786000,2903.53,2909.02,2872.98,2874.51,366960.0
1644789600,2874.44,2911.18,2874.02,2903.41,196395.0
1644793200,2903.41,2906.34,2866.0,2872.28,682549.0
1644796800,2872.29,2894.0,2856.0,2870.74,694147.0
1644800400,2870.7,2877.27,2822.0,2840.38,1071130.0
1644804000,2840.38,2862.54,2836.77,2844.79,594432.0
1644807600,2844.79,2869.23,2835.1,2864.68,637507.0
1644811200,2864.68,2867.76,2857.97,2866.52,326219.0
1644814800,2866.52,2871.86,2845.41,2848.1,464524.0
1644818400,2848.1,2875.45,2843.81,2871.05,664275.0
1644822000,2871.01,2883.89,2864.58,2881.68,621170.0
1644825600,2881.66,2888.0,2856.31,2859.19,972264.0
1644829200,2859.19,2866.8,2852.3,2858.43,715690.0
1644832800,2858.43,2876.4,2846.0,2872.46,687493.0
1644836400,2872.31,2877.85,2865.27,2874.53,464336.0
1644840000,2874.54,2930.0,2850.55,2927.53,1592826.0
1644843600,2927.56,2945.25,2922.7,2937.24,1306122.0
1644847200,2937.25,2967.51,2934.28,2939.19,1631343.0
1644850800,2939.19,2948.36,2918.05,2936.68,1269567.0
1644854400,2936.69,2963.7,2932.0,2948.91,1055827.0
1644858000,2948.91,2962.76,2937.0,2944.03,676929.0
1644861600,2944.0,2952.19,2903.0,2907.56,1010679.0
1644865200,2907.57,2911.83,2856.95,2879.52,1780572.0
1644868800,2879.51,2907.93,2866.45,2894.39,1044417.0
1644872400,2894.39,2921.9,2888.61,2913.33,331600.0
1644876000,2913.33,2945.54,2913.32,2941.36,355449.0
1644879600,2941.39,2949.0,2929.01,2929.85,415051.0
1644883200,2929.85,2940.78,2912.55,2920.86,432738.0
1644886800,2920.87,3024.49,2914.37,3021.23,1541071.0
1644890400,3021.23,3039.53,3015.5,3028.4,894145.0
1644894000,3028.4,3031.82,3021.75,3025.0,243670.0
1644897600,3024.99,3036.0,3011.28,3015.01,464003.0
1644901200,3015.01,3019.34,3008.0,3014.73,309671.0
1644904800,3014.73,3035.9,3013.51,3030.45,575935.0
1644908400,3030.45,3066.56,3025.46,3048.92,884017.0
1644912000,3048.92,3087.39,3040.0,3076.49,1503808.0
1644915600,3076.49,3099.6,3069.08,3097.24,1454406.0
1644919200,3097.23,3119.64,3085.25,3105.39,823052.0
1644922800,3105.4,3113.53,3088.54,3094.44,519328.0
1644926400,3094.36,3112.7,3086.49,3109.22,481241.0
1644930000,3109.22,3119.91,3093.02,3109.01,739846.0
1644933600,3109.02,3150.0,3107.67,3118.9,1583745.0
1644937200,3118.89,3130.41,3104.14,3122.46,692653.0
1644940800,3122.46,3143.72,3106.0,3114.3,649010.0
1644944400,3114.15,3123.68,3089.0,3098.18,680470.0
1644948000,3098.28,3124.28,3093.22,3118.56,349769.0
1644951600,3118.57,3123.9,3104.03,3110.45,253025.0
1644955200,3110.44,3119.36,3105.19,3113.96,326956.0
1644958800,3114.14,3116.38,3092.31,3097.89,166881.0
1644962400,3097.88,3149.19,3097.88,3126.52,362192.0
1644966000,3126.52,3199.79,3123.4,3186.23,980104.0
1644969600,3186.24,3187.0,3152.0,3161.46,617434.0
1644973200,3161.53,3161.53,3133.01,3139.6,646286.0
1644976800,3139.59,3159.14,3135.6,3154.88,332200.0
1644980400,3154.89,3175.85,3137.43,3141.55,630061.0
1644984000,3141.51,3141.51,3104.87,3124.03,807704.0
1644987600,3124.03,3136.0,3120.1,3129.12,351929.0
1644991200,3129.12,3151.3,3126.0,3133.85,413473.0
1644994800,3133.99,3153.5,3126.06,3148.76,355041.0
1644998400,3148.75,3163.0,3137.03,3138.36,588236.0
1645002000,3138.36,3153.0,3126.94,3127.95,417931.0
1645005600,3127.94,3135.98,3112.59,3130.57,473694.0
1645009200,3130.58,3145.0,3127.57,3136.01,283068.0
1645012800,3136.01,3144.92,3110.88,3118.98,562349.0
1645016400,3118.98,3125.0,3061.45,3073.77,1655832.0
1645020000,3073.77,3080.66,3050.26,3062.79,1216669.0
1645023600,3062.78,3076.21,3058.0,3065.62,619504.0
1645027200,3065.62,3090.0,3043.0,3079.96,816723.0
1645030800,3079.97,3085.0,3066.82,3071.09,347489.0
1645034400,3071.09,3097.33,3064.45,3091.47,371878.0
1645038000,3091.64,3187.34,3080.2,3168.46,1944020.0
1645041600,3168.46,3178.58,3146.5,3148.28,509955.0
1645045200,3148.28,3158.78,3124.07,3141.15,329679.0
1645048800,3141.14,3150.97,3124.12,3135.88,223783.0
1645052400,3135.88,3157.63,3116.71,3122.39,325911.0
1645056000,3122.39,3153.41,3120.92,3149.93,429469.0
1645059600,3149.93,3159.64,3134.5,3142.48,336364.0
1645063200,3142.48,3151.14,3118.0,3132.09,515725.0
1645066800,3132.09,3132.78,3082.87,3084.11,969374.0
1645070400,3084.14,3084.17,3050.0,3065.31,1262717.0
1645074000,3065.31,3075.0,3052.2,3068.67,527733.0
1645077600,3068.66,3110.28,3064.09,3098.61,813813.0
1645081200,3098.62,3113.04,3079.0,3108.24,721852.0
1645084800,3108.24,3145.0,3027.41,3064.75,2541341.0
1645088400,3064.75,3071.64,3035.0,3060.57,738517.0
1645092000,3060.21,3076.61,3038.0,3049.89,622538.0
1645095600,3049.88,3067.51,3042.77,3065.01,450217.0
1645099200,3065.0,3088.0,3057.23,3064.66,808922.0
1645102800,3064.66,3073.46,2985.0,2994.03,2228612.0
1645106400,2994.02,3018.74,2960.0,2974.25,1819295.0
1645110000,2974.25,2994.0,2966.0,2988.49,993339.0
1645113600,2988.48,3004.86,2964.57,2982.02,1155875.0
1645117200,2982.01,2984.52,2924.93,2949.85,1009193.0
1645120800,2949.85,2956.16,2878.96,2921.37,1832145.0
1645124400,2921.37,2921.37,2889.79,2908.91,574140.0
1645128000,2909.1,2914.78,2880.71,2899.93,825966.0
1645131600,2899.89,2906.41,2851.28,2893.76,1048868.0
1645135200,2893.76,2904.41,2871.68,2898.86,324055.0
1645138800,2898.69,2899.0,2872.99,2891.74,412109.0
1645142400,2891.82,2896.9,2861.0,2890.1,650115.0
1645146000,2889.98,2919.18,2869.68,2908.11,903098.0
1645149600,2907.95,2918.44,2896.0,2905.15,447652.0
1645153200,2905.0,2913.0,2896.14,2906.98,356398.0
1645156800,2906.96,2911.0,2876.26,2877.91,562571.0
1645160400,2877.93,2900.52,2875.8,2897.9,416022.0
1645164000,2897.91,2913.11,2893.79,2906.06,371578.0
1645167600,2906.14,2916.0,2894.4,2904.17,408871.0
1645171200,2904.52,2943.77,2903.14,2938.61,941707.0
1645174800,2938.61,2941.06,2924.11,2930.2,425074.0
1645178400,2930.19,2930.2,2906.0,2917.87,448374.0
1645182000,2917.88,2919.66,2872.0,2879.49,1147762.0
1645185600,2879.5,2908.59,2868.0,2902.0,749631.0
1645189200,2901.99,2904.83,2875.0,2897.43,644126.0
1645192800,2897.31,2908.29,2796.56,2851.23,2712624.0
1645196400,2851.24,2870.0,2777.0,2800.91,2173478.0
1645200000,2800.72,2825.61,2760.32,2785.01,2086437.0
1645203600,2785.36,2813.0,2772.0,2783.84,1036157.0
1645207200,2783.51,2798.0,2751.0,2793.37,923397.0
1645210800,2793.22,2812.75,2780.56,2797.0,423710.0
1645214400,2797.69,2807.17,2771.83,2788.75,376127.0
1645218000,2788.75,2806.35,2780.7,2781.96,355103.0
1645221600,2781.95,2791.17,2753.2,2774.75,334730.0
1645225200,2774.75,2790.82,2768.01,2779.0,222314.0
1645228800,2779.19,2812.0,2766.45,2809.99,424431.0
1645232400,2809.99,2831.0,2805.76,2819.81,503794.0
1645236000,2819.8,2823.49,2810.0,2816.62,215838.0
1645239600,2816.61,2826.9,2803.5,2805.75,304597.0
1645243200,2805.99,2819.7,2796.0,2815.15,335839.0
1645246800,2815.15,2820.0,2800.2,2809.15,270570.0
1645250400,2809.16,2825.98,2804.0,2819.34,308559.0
1645254000,2819.35,2824.39,2806.28,2811.5,278249.0
1645257600,2811.86,2819.2,2777.0,2781.22,665249.0
1645261200,2781.22,2792.62,2773.0,2782.97,570022.0
1645264800,2783.0,2789.5,2761.0,2779.37,655656.0
1645268400,2779.36,2783.8,2705.27,2722.23,1648004.0
1645272000,2722.23,2733.69,2697.9,2712.64,1090008.0
1645275600,2712.64,2748.49,2688.48,2741.59,1199169.0
1645279200,2741.59,2743.9,2722.01,2728.02,520043.0
1645282800,2728.02,2753.27,2720.01,2745.07,513027.0
1645286400,2745.24,2795.43,2739.29,2749.0,1562939.0
1645290000,2748.99,2764.72,2739.13,2761.18,593223.0
1645293600,2760.92,2762.93,2744.03,2750.12,318644.0
1645297200,2750.11,2753.79,2737.0,2744.14,283909.0
1645300800,2744.14,2761.43,2739.05,2757.2,168835.0
1645304400,2757.2,2758.89,2733.14,2740.07,203283.0
1645308000,2739.99,2749.0,2726.01,2742.4,189969.0
1645311600,2742.4,2768.41,2737.14,2762.99,255365.0
1645315200,2762.99,2764.39,2725.0,2731.15,457445.0
1645318800,2731.15,2746.0,2705.22,2738.83,626026.0
1645322400,2738.84,2742.79,2710.1,2712.22,418947.0
1645326000,2712.22,2722.39,2697.03,2713.43,672322.0
1645329600,2713.43,2718.64,2672.09,2686.12,1050578.0
1645333200,2686.12,2696.43,2655.15,2657.55,957803.0
1645336800,2657.55,2666.79,2615.55,2636.38,1845371.0
1645340400,2636.38,2657.51,2629.99,2653.87,991927.0
1645344000,2653.76,2653.77,2601.82,2606.98,1400355.0
1645347600,2606.98,2633.77,2596.0,2622.64,1212430.0
1645351200,2622.64,2641.8,2611.3,2613.38,692907.0
1645354800,2613.37,2646.75,2609.0,2642.29,601098.0
1645358400,2642.29,2664.0,2620.23,2624.69,975659.0
1645362000,2624.69,2641.73,2618.38,2629.16,529707.0
1645365600,2629.16,2636.6,2597.4,2626.17,1097251.0
1645369200,2626.17,2662.26,2623.78,2651.9,798906.0
1645372800,2651.89,2675.0,2630.32,2644.14,1068070.0
1645376400,2643.91,2659.89,2638.0,2646.32,404830.0
1645380000,2646.32,2669.83,2639.64,2662.42,375804.0
1645383600,2662.41,2662.41,2644.15,2649.24,198171.0
1645387200,2649.05,2649.99,2622.76,2625.53,334455.0
1645390800,2625.17,2633.75,2571.0,2598.21,966525.0
1645394400,2598.21,2656.49,2598.03,2652.2,570272.0
1645398000,2652.2,2664.87,2617.11,2622.06,1021152.0
1645401600,2622.06,2670.55,2604.59,2668.0,846389.0
1645405200,2668.0,2734.01,2656.12,2713.32,1708001.0
1645408800,2713.01,2731.13,2711.01,2721.53,425694.0
1645412400,2721.53,2739.98,2704.08,2710.68,622248.0
1645416000,2710.84,2749.51,2710.41,2743.15,793991.0
1645419600,2743.15,2756.06,2733.36,2736.77,550356.0
1645423200,2736.43,2742.79,2726.31,2740.98,362987.0
1645426800,2740.99,2754.9,2731.58,2747.13,648524.0
1645430400,2747.0,2760.0,2718.0,2722.41,874895.0
1645434000,2722.41,2733.26,2708.07,2714.61,608155.0
1645437600,2714.6,2721.0,2668.0,2680.8,1418838.0
1645441200,2680.8,2691.52,2604.94,2627.15,2013281.0
1645444800,2627.14,2636.02,2591.0,2609.85,1728047.0
1645448400,2609.85,2623.8,2581.36,2607.01,1784333.0
1645452000,2607.26,2727.48,2596.6,2702.0,3567464.0
1645455600,2701.87,2750.0,2701.03,2723.95,1991853.0
1645459200,2723.94,2744.36,2702.0,2711.3,1027000.0
1645462800,2711.29,2731.64,2691.23,2695.59,712866.0
1645466400,2695.59,2707.72,2606.39,2638.28,3068351.0
1645470000,2638.07,2665.49,2615.91,2652.7,1828730.0
1645473600,2652.7,2667.0,2628.11,2651.82,548666.0
1645477200,2652.4,2677.1,2570.03,2581.52,1201875.0
1645480800,2581.52,2640.11,2566.96,2618.31,1567680.0
1645484400,2618.85,2630.25,2557.23,2567.53,1603605.0
1645488000,2568.02,2607.49,2552.0,2597.18,1060765.0
1645491600,2597.17,2623.11,2567.14,2601.8,983574.0
1645495200,2601.99,2602.83,2566.0,2577.18,743685.0
1645498800,2577.18,2578.7,2507.11,2519.67,1858584.0
1645502400,2519.68,2541.0,2509.48,2511.01,855064.0
1645506000,2511.0,2547.99,2496.0,2502.97,1304076.0
1645509600,2503.31,2533.99,2500.22,2529.09,1011516.0
1645513200,2529.09,2536.43,2506.0,2515.49,894316.0
1645516800,2515.5,2554.35,2514.22,2548.24,1124876.0
1645520400,2548.38,2556.8,2535.0,2543.96,758968.0
1645524000,2543.97,2603.94,2538.31,2594.17,2116979.0
1645527600,2594.17,2603.73,2576.78,2587.99,1036565.0
1645531200,2587.98,2623.05,2564.98,2603.68,1552219.0
1645534800,2603.78,2622.9,2576.15,2612.05,898809.0
1645538400,2612.04,2666.0,2568.49,2644.02,2713854.0
1645542000,2644.0,2666.0,2616.82,2624.0,1913939.0
1645545600,2623.86,2633.95,2586.12,2602.05,1771410.0
1645549200,2602.04,2613.28,2582.13,2593.73,923164.0
1645552800,2594.24,2615.15,2583.87,2592.9,714639.0
1645556400,2592.38,2642.76,2577.0,2633.26,1525583.0
1645560000,2633.38,2646.74,2591.0,2601.79,1286750.0
1645563600,2601.91,2621.94,2601.91,2606.83,280821.0
1645567200,2606.48,2614.72,2591.62,2604.83,148941.0
1645570800,2604.88,2656.25,2603.34,2637.5,777170.0
1645574400,2637.41,2654.0,2620.3,2625.31,673103.0
1645578000,2625.31,2626.86,2609.06,2622.47,592262.0
1645581600,2622.46,2652.7,2596.66,2615.15,1200218.0
1645585200,2615.26,2624.59,2607.1,2624.43,365533.0
1645588800,2624.43,2660.0,2619.85,2649.52,753424.0
1645592400,2649.53,2664.65,2641.12,2656.34,848362.0
1645596000,2656.34,2678.0,2653.35,2658.03,809158.0
1645599600,2658.02,2698.0,2655.46,2694.56,1136908.0
1645603200,2694.56,2723.91,2681.21,2702.14,1869712.0
1645606800,2702.15,2723.61,2698.41,2712.98,945963.0
1645610400,2712.98,2724.74,2700.28,2717.28,719422.0
1645614000,2717.28,2739.65,2703.69,2719.76,1221748.0
1645617600,2719.77,2749.88,2716.2,2740.35,1013581.0
1645621200,2740.22,2753.36,2726.64,2731.33,903126.0
1645624800,2731.32,2738.0,2703.0,2707.47,1388591.0
1645628400,2707.51,2708.74,2684.0,2689.45,1524060.0
1645632000,2689.22,2715.81,2677.34,2710.7,1249974.0
1645635600,2710.7,2731.56,2662.04,2666.88,1349909.0
1645639200,2666.88,2669.44,2637.53,2649.41,1396785.0
1645642800,2649.4,2663.57,2618.54,2633.58,909568.0
1645646400,2633.58,2641.15,2609.17,2622.79,1038532.0
1645650000,2623.0,2634.98,2608.08,2618.18,405724.0
1645653600,2618.03,2638.62,2596.28,2636.67,398195.0
1645657200,2636.67,2636.68,2574.05,2579.39,1198843.0
1645660800,2579.4,2593.54,2558.36,2560.43,1352460.0
1645664400,2560.43,2576.83,2544.25,2570.78,1227164.0
1645668000,2570.79,2576.07,2488.0,2494.94,1746399.0
1645671600,2494.95,2497.37,2385.66,2396.54,4536338.0
1645675200,2396.68,2410.6,2355.0,2402.63,3616775.0
1645678800,2402.77,2407.34,2301.01,2334.97,3293455.0
1645682400,2334.96,2356.24,2327.15,2341.57,1546475.0
1645686000,2341.44,2409.41,2301.0,2371.13,3107149.0
1645689600,2371.22,2427.81,2360.74,2381.03,2878520.0
1645693200,2381.02,2411.55,2363.2,2369.19,1079220.0
1645696800,2369.15,2381.52,2331.59,2362.21,1572177.0
1645700400,2362.22,2398.66,2335.0,2396.08,1690932.0
1645704000,2396.08,2396.6,2358.05,2369.34,1211687.0
1645707600,2369.09,2412.88,2349.19,2391.89,1597083.0
1645711200,2391.89,2445.25,2375.36,2436.01,3316243.0
1645714800,2436.43,2476.5,2415.64,2454.98,3161071.0
1645718400,2454.99,2489.44,2448.88,2474.15,2108847.0
1645722000,2474.15,2476.45,2428.36,2434.45,1245562.0
1645725600,2434.45,2557.92,2431.59,2525.31,2048474.0
1645729200,2525.31,2600.0,2512.44,2596.01,2599299.0
1645732800,2596.0,2745.0,2595.45,2650.53,4680002.0
1645736400,2650.62,2655.1,2618.37,2635.5,817272.0
1645740000,2635.74,2643.75,2544.47,2566.0,821039.0
1645743600,2566.0,2605.12,2566.0,2596.56,695787.0
1645747200,2596.56,2630.0,2583.0,2583.82,1078933.0
1645750800,2583.82,2648.97,2582.08,2629.49,909222.0
1645754400,2629.36,2648.93,2623.76,2639.33,720218.0
1645758000,2639.17,2641.26,2606.4,2636.48,878568.0
1645761600,2636.49,2638.73,2612.6,2617.06,565669.0
1645765200,2617.05,2623.99,2585.59,2606.07,930275.0
1645768800,2606.31,2637.72,2596.95,2632.78,806165.0
1645772400,2632.77,2646.0,2608.78,2614.21,799511.0
1645776000,2614.27,2620.0,2591.55,2608.72,1031290.0
1645779600,2608.72,2626.99,2572.44,2617.77,1257309.0
1645783200,2617.77,2626.78,2605.66,2617.9,728314.0
1645786800,2617.9,2640.91,2598.15,2632.76,882758.0
1645790400,2632.76,2714.91,2632.76,2707.41,2451357.0
1645794000,2707.64,2736.7,2701.04,2711.2,1462109.0
1645797600,2711.2,2716.74,2676.22,2681.29,1598994.0
1645801200,2681.29,2743.66,2655.63,2733.25,2172123.0
1645804800,2733.24,2746.91,2702.01,2725.85,1099408.0
1645808400,2725.46,2731.52,2683.15,2692.48,907193.0
1645812000,2692.3,2699.75,2666.67,2675.28,809008.0
1645815600,2675.28,2706.34,2666.1,2679.04,607878.0
1645819200,2679.04,2721.64,2668.09,2713.93,638758.0
1645822800,2713.78,2729.71,2701.38,2706.88,355251.0
1645826400,2706.61,2800.0,2691.87,2791.95,918291.0
1645830000,2792.07,2835.67,2747.54,2766.81,2459300.0
1645833600,2766.9,2883.17,2759.92,2832.57,2123928.0
1645837200,2832.86,2844.0,2806.6,2818.1,613690.0
1645840800,2818.11,2825.51,2800.0,2803.53,601966.0
1645844400,2803.53,2807.8,2782.26,2793.8,530186.0
1645848000,2793.8,2828.0,2793.25,2806.23,582294.0
1645851600,2806.23,2809.78,2771.0,2776.62,583592.0
1645855200,2776.42,2792.1,2772.96,2779.16,436866.0
1645858800,2779.16,2794.16,2758.0,2793.45,667921.0
1645862400,2793.4,2820.0,2735.29,2755.87,1405522.0
1645866000,2756.0,2765.19,2726.04,2749.76,924521.0
1645869600,2749.49,2778.54,2745.0,2769.08,676442.0
1645873200,2769.08,2782.56,2737.53,2752.04,769042.0
1645876800,2752.0,2767.49,2742.2,2763.0,551064.0
1645880400,2763.0,2791.7,2759.28,2772.72,866169.0
1645884000,2772.81,2799.05,2757.79,2783.66,792252.0
1645887600,2783.65,2816.0,2779.7,2785.63,828949.0
1645891200,2785.64,2798.95,2780.76,2789.89,470806.0
1645894800,2789.88,2795.88,2782.0,2790.84,329565.0
1645898400,2790.85,2794.42,2762.38,2793.91,583380.0
1645902000,2793.9,2835.0,2792.99,2809.21,778156.0
1645905600,2809.21,2833.76,2808.95,2822.49,222550.0
1645909200,2822.5,2855.0,2817.01,2824.33,695885.0
1645912800,2824.33,2827.24,2787.89,2795.09,327901.0
1645916400,2795.08,2795.35,2764.0,2779.19,539051.0
1645920000,2779.2,2789.99,2738.8,2747.34,859697.0
1645923600,2747.15,2754.43,2681.48,2682.55,1652890.0
1645927200,2682.76,2714.78,2678.0,2708.07,786886.0
1645930800,2708.08,2726.52,2706.55,2715.54,601786.0
1645934400,2715.54,2721.94,2700.07,2706.29,495166.0
1645938000,2706.29,2723.65,2697.0,2708.6,553886.0
1645941600,2708.6,2738.0,2708.35,2731.8,554271.0
1645945200,2731.79,2744.46,2731.51,2735.61,442088.0
1645948800,2735.2,2751.87,2721.32,2742.0,755354.0
1645952400,2742.01,2772.29,2734.62,2767.42,910331.0
1645956000,2767.41,2820.0,2757.28,2811.44,1001608.0
1645959600,2811.44,2833.0,2786.04,2821.31,1085445.0
1645963200,2821.31,2837.87,2802.45,2829.39,929643.0
1645966800,2829.38,2832.2,2706.0,2779.75,2675094.0
1645970400,2779.75,2789.81,2747.23,2761.68,1288957.0
1645974000,2761.83,2824.36,2756.64,2809.34,1404742.0
1645977600,2809.34,2811.0,2763.49,2778.24,871532.0
1645981200,2778.24,2780.62,2761.84,2765.73,426070.0
1645984800,2765.73,2768.86,2727.37,2737.89,806412.0
1645988400,2737.88,2748.36,2591.88,2605.92,2601075.0
1645992000,2605.92,2658.0,2584.07,2633.21,1819087.0
1645995600,2633.48,2637.5,2556.0,2601.53,1651414.0
1645999200,2601.53,2640.61,2593.35,2629.11,585089.0
1646002800,2629.11,2636.01,2576.3,2616.64,1677544.0
1646006400,2616.9,2626.0,2588.74,2605.22,819681.0
1646010000,2605.49,2679.75,2605.0,2644.06,1872754.0
1646013600,2644.06,2653.94,2573.0,2611.87,1343714.0
1646017200,2611.95,2619.98,2598.3,2607.08,848646.0
1646020800,2607.31,2633.6,2601.34,2610.44,733537.0
1646024400,2610.43,2624.33,2602.0,2610.01,658343.0
1646028000,2610.0,2632.55,2568.0,2606.48,2115209.0
1646031600,2606.47,2653.0,2598.0,2635.37,1518390.0
1646035200,2635.38,2658.0,2615.04,2624.44,990132.0
1646038800,2624.44,2642.87,2610.71,2611.18,670007.0
1646042400,2611.03,2648.42,2610.35,2639.85,730012.0
1646046000,2639.99,2647.04,2620.66,2639.79,608920.0
1646049600,2639.8,2666.0,2625.39,2634.01,1203888.0
1646053200,2634.01,2640.0,2607.0,2617.89,1128239.0
1646056800,2617.9,2763.95,2616.08,2757.21,4040792.0
1646060400,2757.2,2828.0,2738.45,2815.36,3402382.0
1646064000,2815.36,2832.0,2795.02,2811.55,2220948.0
1646067600,2811.99,2824.3,2787.3,2822.92,1021791.0
1646071200,2822.91,2825.13,2795.81,2808.77,696073.0
1646074800,2807.79,2810.84,2790.5,2808.59,494773.0
1646078400,2808.59,2839.99,2795.17,2834.28,872300.0
1646082000,2834.33,2834.87,2809.32,2820.51,297314.0
1646085600,2820.5,2957.98,2819.77,2898.72,1876534.0
1646089200,2898.71,2925.5,2893.45,2921.57,1230797.0
1646092800,2921.57,2975.0,2920.0,2947.27,1702873.0
1646096400,2947.28,2950.31,2913.96,2918.38,772707.0
1646100000,2918.15,2923.0,2906.0,2918.51,620530.0
1646103600,2918.14,2919.0,2890.5,2912.77,539819.0
1646107200,2912.77,2937.08,2906.02,2924.81,548701.0
1646110800,2924.81,2934.89,2905.0,2913.33,496258.0
1646114400,2913.32,2922.84,2880.5,2916.96,880898.0
1646118000,2916.97,2930.0,2913.19,2920.98,571837.0
1646121600,2921.56,2934.6,2907.0,2923.17,737583.0
1646125200,2923.1,2923.1,2888.3,2896.0,791360.0
1646128800,2895.99,2921.91,2853.0,2920.16,1581173.0
1646132400,2920.15,2930.0,2887.17,2902.76,1200486.0
1646136000,2902.76,2954.52,2897.89,2948.75,2102361.0
1646139600,2948.74,3032.22,2943.0,3017.3,2736433.0
1646143200,3017.39,3036.84,2965.55,2973.28,2580979.0
1646146800,2973.31,2985.0,2924.07,2949.77,2286703.0
1646150400,2949.76,2969.68,2896.16,2906.97,1821933.0
1646154000,2906.7,2960.99,2903.56,2934.77,1043621.0
1646157600,2935.15,2959.46,2913.26,2952.71,705645.0
1646161200,2952.72,2976.27,2942.14,2946.24,714847.0
1646164800,2946.44,2978.41,2943.76,2973.17,487665.0
1646168400,2973.18,2980.34,2937.13,2954.97,510316.0
1646172000,2955.09,2976.52,2944.65,2973.86,229422.0
1646175600,2974.29,2979.72,2951.0,2976.45,502588.0
1646179200,2976.46,2982.1,2922.39,2943.57,967542.0
1646182800,2943.7,2958.53,2913.37,2931.25,816504.0
1646186400,2931.24,2950.65,2915.04,2948.18,568455.0
1646190000,2948.19,3030.01,2937.99,3017.38,1572615.0
1646193600,3017.45,3046.0,2982.19,2997.99,1415926.0
1646197200,2997.99,3008.69,2969.29,3000.9,970873.0
1646200800,3000.63,3002.7,2958.23,2968.15,879960.0
1646204400,2968.15,2981.74,2953.35,2969.3,967493.0
1646208000,2969.31,3008.28,2949.0,2977.27,1748808.0
1646211600,2977.51,3005.0,2970.0,2992.05,1185466.0
1646215200,2992.04,3028.0,2986.0,3007.79,895509.0
1646218800,3007.8,3008.87,2987.74,3004.61,741307.0
1646222400,3004.61,3029.39,2930.0,2987.48,1826949.0
1646226000,2987.48,2990.75,2925.04,2944.41,1955848.0
1646229600,2944.41,3030.51,2941.54,3011.65,2483324.0
1646233200,3011.66,3036.0,2940.0,2952.61,3638046.0
1646236800,2952.6,2982.69,2943.1,2963.47,991371.0
1646240400,2963.39,2978.99,2944.31,2945.01,624777.0
1646244000,2945.01,2963.49,2915.84,2924.67,859997.0
1646247600,2925.0,2942.45,2913.69,2932.92,571037.0
1646251200,2932.92,2951.77,2928.82,2948.32,332865.0
1646254800,2948.32,2980.54,2940.45,2976.7,358433.0
1646258400,2976.69,2988.75,2955.37,2960.53,375326.0
1646262000,2960.53,2969.0,2944.73,2947.23,325487.0
1646265600,2947.61,2970.55,2930.64,2965.42,560642.0
1646269200,2965.42,2966.7,2938.3,2946.67,597388.0
1646272800,2946.79,2948.49,2918.0,2932.15,839695.0
1646276400,2932.32,2934.69,2886.26,2895.51,1019360.0
1646280000,2895.5,2911.66,2887.83,2902.27,624882.0
1646283600,2901.74,2914.68,2894.11,2899.39,488636.0
1646287200,2899.3,2915.0,2871.0,2914.21,1274088.0
1646290800,2913.98,2920.61,2899.22,2907.39,637056.0
1646294400,2907.21,2916.59,2895.13,2906.47,576492.0
1646298000,2906.48,2907.86,2881.29,2886.15,685368.0
1646301600,2885.82,2914.0,2878.0,2911.74,874209.0
1646305200,2911.73,2935.76,2903.8,2912.31,999358.0
1646308800,2912.3,2930.93,2902.2,2913.72,778220.0
1646312400,2913.87,2930.82,2909.09,2929.59,763084.0
1646316000,2929.38,2934.69,2880.0,2887.98,1423269.0
1646319600,2887.78,2891.53,2815.02,2828.64,3092832.0
1646323200,2828.64,2839.73,2808.02,2819.0,1508535.0
1646326800,2819.0,2832.07,2781.87,2820.04,1538513.0
1646330400,2820.03,2834.0,2810.95,2817.69,713849.0
1646334000,2817.68,2824.41,2801.07,2817.37,562728.0
1646337600,2817.65,2824.38,2792.41,2804.3,859550.0
1646341200,2804.41,2814.63,2791.03,2805.78,427434.0
1646344800,2805.75,2844.25,2804.02,2834.11,644653.0
1646348400,2834.51,2849.83,2826.98,2834.0,389734.0
1646352000,2834.01,2836.55,2722.31,2734.11,2214157.0
1646355600,2734.12,2737.22,2688.14,2731.97,2023095.0
1646359200,2731.98,2736.95,2720.0,2725.81,615193.0
1646362800,2725.73,2730.0,2711.44,2725.0,650406.0
1646366400,2725.01,2731.1,2710.2,2727.02,756778.0
1646370000,2727.03,2732.97,2716.56,2726.33,430641.0
1646373600,2726.06,2733.84,2717.78,2724.36,465908.0
1646377200,2724.35,2732.8,2716.56,2731.49,547663.0
1646380800,2731.44,2751.87,2703.45,2743.44,1809871.0
1646384400,2743.61,2747.88,2714.64,2729.47,1223242.0
1646388000,2729.4,2746.68,2728.0,2740.26,607977.0
1646391600,2740.26,2759.06,2735.12,2743.54,677370.0
1646395200,2743.54,2749.49,2719.25,2730.65,1101926.0
1646398800,2730.64,2756.0,2715.0,2721.43,1398755.0
1646402400,2721.42,2726.59,2658.78,2706.53,2723281.0
1646406000,2706.53,2718.1,2666.72,2672.61,1988767.0
1646409600,2672.48,2684.95,2646.31,2675.25,1527279.0
1646413200,2675.24,2697.0,2668.85,2690.04,910257.0
1646416800,2690.05,2697.68,2668.19,2670.69,616223.0
1646420400,2670.69,2675.15,2608.87,2617.1,1613408.0
1646424000,2617.16,2630.88,2598.3,2614.17,1235302.0
1646427600,2614.08,2627.65,2603.75,2608.42,585978.0
1646431200,2608.5,2616.95,2572.01,2611.18,723022.0
1646434800,2611.19,2623.13,2604.71,2621.29,614982.0
1646438400,2621.29,2621.71,2593.03,2594.56,973770.0
1646442000,2594.57,2618.08,2589.22,2612.19,745452.0
1646445600,2612.2,2619.43,2606.15,2610.0,395489.0
1646449200,2610.0,2629.25,2608.29,2624.12,544004.0
1646452800,2624.15,2628.41,2610.0,2618.15,512934.0
1646456400,2618.67,2627.0,2615.51,2625.3,311446.0
1646460000,2625.39,2634.2,2620.43,2625.0,355176.0
1646463600,2625.01,2643.0,2622.02,2637.23,457164.0
1646467200,2637.23,2654.7,2630.33,2649.99,614871.0
1646470800,2649.99,2657.96,2640.58,2648.58,447814.0
1646474400,2648.57,2654.47,2632.02,2647.13,868996.0
1646478000,2646.91,2656.0,2643.34,2648.48,442309.0
1646481600,2648.37,2672.89,2647.85,2653.29,889873.0
1646485200,2653.29,2654.59,2631.28,2636.28,663322.0
1646488800,2636.27,2653.61,2627.48,2641.68,521746.0
1646492400,2641.5,2649.0,2636.39,2642.83,296701.0
1646496000,2642.83,2687.8,2639.54,2659.63,1094842.0
1646499600,2659.3,2672.5,2656.5,2667.22,570657.0
1646503200,2667.22,2668.8,2655.32,2666.99,270480.0
1646506800,2667.0,2674.67,2663.13,2669.46,268264.0
1646510400,2669.47,2682.4,2663.52,2666.01,310773.0
1646514000,2666.01,2668.4,2650.9,2654.97,188177.0
1646517600,2654.97,2670.83,2650.76,2669.01,160108.0
1646521200,2669.18,2669.52,2656.15,2664.3,228678.0
1646524800,2664.02,2676.53,2660.86,2672.78,343668.0
1646528400,2672.58,2673.2,2659.72,2660.44,349221.0
1646532000,2660.44,2666.66,2654.0,2663.26,269849.0
1646535600,2663.1,2664.9,2633.0,2638.86,476148.0
1646539200,2638.85,2660.0,2615.47,2646.83,1319821.0
1646542800,2646.82,2658.0,2645.5,2649.74,444911.0
1646546400,2649.73,2659.96,2643.49,2647.09,473339.0
1646550000,2647.05,2651.27,2635.23,2645.48,488287.0
1646553600,2645.48,2648.85,2633.66,2635.81,471879.0
1646557200,2635.81,2639.38,2608.0,2608.79,871254.0
1646560800,2608.79,2612.54,2587.8,2598.65,1644574.0
1646564400,2598.64,2608.91,2590.38,2608.47,536581.0
1646568000,2608.48,2621.99,2604.3,2615.91,662886.0
1646571600,2615.92,2649.33,2615.92,2638.9,916195.0
1646575200,2638.9,2641.58,2622.03,2626.47,585415.0
1646578800,2626.48,2630.0,2612.0,2626.62,524541.0
1646582400,2627.15,2657.22,2619.19,2645.15,988497.0
1646586000,2645.8,2648.5,2626.01,2632.45,400731.0
1646589600,2632.02,2641.13,2618.39,2623.79,470149.0
1646593200,2623.78,2628.0,2603.0,2606.27,408030.0
1646596800,2606.29,2622.4,2603.18,2616.66,298958.0
1646600400,2616.66,2643.89,2611.79,2629.43,620807.0
1646604000,2629.43,2644.77,2626.28,2629.57,206636.0
1646607600,2629.56,2632.4,2531.35,2549.93,1613336.0
1646611200,2549.93,2553.95,2511.3,2541.86,1273804.0
1646614800,2541.87,2558.48,2539.35,2545.69,702639.0
1646618400,2545.68,2550.27,2507.0,2521.09,1423955.0
1646622000,2521.09,2529.84,2508.09,2525.46,849375.0
1646625600,2525.19,2532.72,2518.84,2525.08,449244.0
1646629200,2525.08,2542.51,2517.54,2529.61,640618.0
1646632800,2529.7,2538.8,2527.6,2537.66,335931.0
1646636400,2537.79,2540.96,2513.27,2521.2,675495.0
1646640000,2521.2,2536.0,2485.46,2532.78,1644942.0
1646643600,2532.77,2547.0,2527.48,2530.11,809913.0
1646647200,2530.1,2534.07,2518.0,2522.66,587528.0
1646650800,2522.73,2543.33,2519.48,2537.43,648189.0
1646654400,2537.43,2572.39,2537.43,2559.03,1518977.0
1646658000,2559.03,2628.82,2555.24,2620.54,2339398.0
1646661600,2620.55,2650.0,2610.31,2611.07,2408522.0
1646665200,2611.07,2622.0,2593.51,2617.63,1892150.0
1646668800,2617.63,2642.63,2591.1,2593.63,1710640.0
1646672400,2593.85,2594.45,2567.45,2570.54,1535159.0
1646676000,2570.54,2570.54,2513.2,2523.14,2058557.0
1646679600,2522.83,2527.46,2446.48,2459.43,2349710.0
1646683200,2459.42,2485.92,2444.32,2467.22,1277950.0
1646686800,2467.11,2509.19,2460.34,2483.91,1101072.0
1646690400,2484.0,2528.83,2479.41,2504.27,818624.0
1646694000,2504.41,2526.58,2485.6,2491.88,1102611.0
1646697600,2491.71,2527.97,2480.72,2519.78,1042700.0
1646701200,2519.78,2549.55,2506.45,2523.21,1151945.0
1646704800,2523.46,2573.53,2514.1,2547.53,1112305.0
1646708400,2547.56,2553.84,2534.2,2549.39,582925.0
1646712000,2549.38,2565.51,2538.14,2541.68,781416.0
1646715600,2541.69,2547.3,2513.69,2524.59,1098028.0
1646719200,2524.59,2535.9,2495.44,2517.75,1254234.0
1646722800,2517.75,2546.73,2512.2,2536.28,1082076.0
1646726400,2536.4,2588.09,2526.12,2569.46,2280481.0
1646730000,2569.46,2596.99,2564.0,2584.8,1060123.0
1646733600,2584.81,2609.79,2566.01,2597.72,1238775.0
1646737200,2597.73,2597.96,2570.5,2587.62,926894.0
1646740800,2587.62,2601.38,2565.99,2576.92,1012466.0
1646744400,2576.93,2595.0,2556.0,2588.28,1386494.0
1646748000,2588.37,2611.08,2561.11,2573.83,2641885.0
1646751600,2574.03,2581.78,2531.0,2559.16,2050051.0
1646755200,2559.28,2600.0,2523.95,2541.39,2067013.0
1646758800,2541.39,2606.57,2539.02,2592.66,2203557.0
1646762400,2592.66,2624.0,2569.0,2569.34,1747175.0
1646766000,2570.07,2584.5,2553.21,2579.88,944453.0
1646769600,2579.87,2589.53,2548.8,2552.91,715936.0
1646773200,2553.5,2563.75,2548.53,2558.21,283616.0
1646776800,2558.21,2574.95,2556.1,2568.8,156012.0
1646780400,2568.59,2586.98,2566.02,2576.27,269850.0
1646784000,2576.96,2589.92,2567.09,2587.38,487006.0
1646787600,2587.63,2630.0,2586.0,2619.72,998203.0
1646791200,2619.72,2635.95,2606.5,2620.66,932854.0
1646794800,2620.56,2719.3,2617.16,2698.86,2951375.0
1646798400,2699.0,2730.0,2698.89,2718.62,1597073.0
1646802000,2718.62,2725.0,2705.0,2715.02,807234.0
1646805600,2715.03,2726.97,2706.06,2720.7,750088.0
1646809200,2720.69,2750.0,2715.71,2744.36,1155014.0
1646812800,2744.35,2775.0,2723.88,2755.25,2156928.0
1646816400,2755.25,2768.2,2750.24,2754.13,932151.0
1646820000,2754.11,2760.6,2744.0,2757.26,645869.0
1646823600,2757.25,2763.3,2740.39,2746.02,706998.0
1646827200,2746.0,2769.18,2729.0,2740.76,1364967.0
1646830800,2740.23,2744.64,2712.0,2727.56,1182076.0
1646834400,2727.8,2749.63,2725.4,2738.35,1670472.0
1646838000,2738.49,2771.0,2733.39,2757.92,1158430.0
1646841600,2757.92,2761.2,2740.76,2746.46,771009.0
1646845200,2746.46,2751.82,2733.91,2743.38,500506.0
1646848800,2743.62,2744.52,2702.16,2711.5,945659.0
1646852400,2711.53,2720.97,2680.34,2714.38,1112261.0
1646856000,2714.37,2728.25,2680.21,2687.34,689731.0
1646859600,2687.34,2713.14,2681.89,2707.49,491306.0
1646863200,2707.62,2728.57,2705.01,2717.14,311528.0
1646866800,2717.14,2736.56,2709.79,2727.49,450776.0
1646870400,2727.66,2734.2,2705.37,2709.0,487915.0
1646874000,2709.0,2726.4,2651.94,2664.4,1924344.0
1646877600,2664.41,2673.6,2656.0,2661.48,1010019.0
1646881200,2661.39,2673.0,2653.12,2658.37,609103.0
1646884800,2658.37,2664.68,2581.55,2602.72,2643533.0
1646888400,2602.89,2605.5,2570.0,2590.81,1731384.0
1646892000,2590.81,2597.0,2570.24,2593.65,998501.0
1646895600,2593.63,2598.4,2581.54,2591.99,572071.0
1646899200,2592.0,2600.92,2574.19,2597.02,1084356.0
1646902800,2597.02,2610.0,2587.7,2598.96,715334.0
1646906400,2598.91,2602.43,2586.36,2589.61,573165.0
1646910000,2589.99,2598.71,2583.45,2593.91,495788.0
1646913600,2593.91,2610.84,2584.0,2601.53,770644.0
1646917200,2601.53,2648.0,2551.0,2573.0,3215058.0
1646920800,2573.0,2598.76,2558.53,2594.47,1460911.0
1646924400,2594.48,2623.53,2583.2,2597.56,1673788.0
1646928000,2597.55,2605.89,2583.36,2595.04,944436.0
1646931600,2595.04,2604.05,2585.0,2592.14,528628.0
1646935200,2592.39,2603.69,2585.05,2597.02,552844.0
1646938800,2597.01,2617.42,2593.0,2612.83,613493.0
1646942400,2612.82,2620.98,2600.61,2618.0,427082.0
1646946000,2618.29,2620.61,2601.06,2602.89,301455.0
1646949600,2602.88,2614.91,2590.8,2612.42,227495.0
1646953200,2612.42,2618.21,2603.53,2606.31,338701.0
1646956800,2606.42,2609.66,2585.21,2593.74,656968.0
1646960400,2593.89,2594.94,2555.5,2563.23,1119725.0
1646964000,2563.67,2568.88,2521.58,2528.48,1226567.0
1646967600,2528.48,2554.0,2520.87,2551.0,808584.0
1646971200,2551.0,2552.11,2532.67,2538.66,494517.0
1646974800,2538.65,2565.22,2535.61,2563.91,743978.0
1646978400,2563.91,2600.0,2559.14,2582.37,1213161.0
1646982000,2582.37,2617.29,2581.13,2609.03,1294681.0
1646985600,2609.02,2613.54,2591.05,2597.9,900980.0
1646989200,2597.72,2610.33,2591.23,2600.59,586432.0
1646992800,2600.59,2609.68,2598.03,2599.78,554739.0
1646996400,2599.67,2672.06,2576.5,2652.88,3473297.0
1647000000,2652.86,2677.71,2643.29,2653.42,1638408.0
1647003600,2653.73,2656.0,2610.65,2619.4,1709065.0
1647007200,2619.41,2637.16,2601.37,2609.88,1387544.0
1647010800,2609.87,2609.87,2567.57,2581.07,1868545.0
1647014400,2581.07,2581.88,2551.4,2559.63,1371524.0
1647018000,2559.62,2569.05,2543.92,2565.23,677313.0
1647021600,2565.07,2573.1,2554.55,2555.78,446032.0
1647025200,2555.77,2567.23,2550.58,2557.61,451682.0
1647028800,2557.39,2563.34,2526.42,2531.42,767519.0
1647032400,2531.42,2588.0,2531.29,2571.81,770716.0
1647036000,2571.8,2582.1,2567.06,2570.39,229641.0
1647039600,2570.57,2571.31,2555.53,2556.59,333233.0
1647043200,2556.53,2583.36,2553.0,2581.06,467899.0
1647046800,2581.22,2596.76,2576.88,2588.8,425915.0
1647050400,2588.79,2598.0,2576.06,2580.4,444892.0
1647054000,2580.4,2595.89,2578.39,2584.09,494454.0
1647057600,2584.09,2590.96,2568.06,2583.57,557054.0
1647061200,2583.63,2592.8,2577.78,2590.36,318763.0
1647064800,2590.2,2600.0,2583.91,2586.7,603522.0
1647068400,2586.64,2592.38,2580.22,2588.97,365246.0
1647072000,2588.98,2590.81,2572.63,2581.42,600198.0
1647075600,2581.56,2591.33,2578.23,2587.93,404111.0
1647079200,2587.94,2591.9,2580.2,2586.63,380823.0
1647082800,2586.63,2588.21,2575.02,2579.11,381413.0
1647086400,2579.11,2590.0,2575.64,2588.42,436430.0
1647090000,2588.42,2596.71,2583.39,2584.0,499237.0
1647093600,2584.0,2588.5,2561.02,2572.79,778320.0
1647097200,2572.79,2591.83,2568.07,2584.58,478445.0
1647100800,2584.58,2596.96,2581.13,2594.0,638424.0
1647104400,2594.01,2617.16,2587.05,2589.28,1021110.0
1647108000,2589.29,2590.0,2577.47,2582.25,290872.0
1647111600,2581.94,2584.0,2575.03,2577.84,254247.0
1647115200,2577.84,2593.28,2575.04,2587.79,284056.0
1647118800,2587.8,2592.83,2583.77,2586.5,123507.0
1647122400,2586.5,2592.02,2583.98,2586.89,122268.0
1647126000,2586.89,2591.12,2563.07,2568.54,364366.0
1647129600,2568.55,2574.88,2557.54,2572.11,481826.0
1647133200,2572.11,2599.33,2571.0,2587.68,610728.0
1647136800,2587.71,2603.34,2586.58,2591.8,324234.0
1647140400,2591.8,2595.91,2589.15,2592.2,282850.0
1647144000,2592.3,2597.82,2585.6,2586.32,269758.0
1647147600,2586.33,2590.0,2582.1,2584.48,181086.0
1647151200,2584.48,2590.51,2580.74,2588.33,242618.0
1647154800,2588.34,2591.6,2581.12,2581.82,252260.0
1647158400,2581.82,2584.57,2575.63,2580.51,392011.0
1647162000,2580.51,2581.23,2570.0,2580.4,416885.0
1647165600,2580.39,2589.47,2578.99,2588.39,392269.0
1647169200,2588.4,2596.0,2564.82,2574.68,742010.0
1647172800,2574.67,2576.19,2532.51,2539.6,1399832.0
1647176400,2539.7,2572.3,2536.5,2559.75,1136559.0
1647180000,2559.76,2571.0,2557.33,2566.02,374314.0
1647183600,2565.98,2590.0,2565.48,2578.86,800133.0
1647187200,2578.75,2586.04,2569.1,2582.48,399309.0
1647190800,2582.49,2586.75,2576.43,2578.25,418165.0
1647194400,2578.29,2584.25,2575.86,2580.14,190648.0
1647198000,2580.15,2583.5,2561.34,2562.55,266681.0
1647201600,2562.39,2562.39,2543.0,2545.61,419915.0
1647205200,2545.61,2562.09,2541.83,2560.36,199692.0
1647208800,2560.42,2574.26,2497.7,2504.2,1568533.0
1647212400,2504.2,2522.01,2490.27,2515.4,1087728.0
1647216000,2515.36,2527.0,2499.33,2518.13,807486.0
1647219600,2518.14,2545.0,2518.14,2528.96,846647.0
1647223200,2528.97,2534.48,2523.0,2524.89,413087.0
1647226800,2524.84,2537.29,2517.94,2533.98,379367.0
1647230400,2533.98,2606.0,2532.75,2570.7,2312192.0
1647234000,2570.81,2581.83,2565.0,2567.17,516468.0
1647237600,2567.16,2584.45,2566.15,2575.68,503206.0
1647241200,2575.69,2595.55,2572.89,2587.04,862851.0
1647244800,2587.05,2604.2,2583.51,2593.59,816293.0
1647248400,2593.59,2610.83,2587.16,2596.76,663103.0
1647252000,2596.76,2599.0,2583.3,2593.13,450764.0
1647255600,2593.14,2594.7,2576.35,2580.39,505729.0
1647259200,2580.04,2584.52,2565.75,2573.47,691229.0
1647262800,2573.46,2582.26,2555.0,2578.48,1260005.0
1647266400,2578.48,2593.0,2571.0,2587.21,1027366.0
1647270000,2587.22,2592.15,2566.16,2573.6,663395.0
1647273600,2573.6,2582.9,2559.02,2560.01,565812.0
1647277200,2560.0,2560.91,2532.6,2536.69,1013533.0
1647280800,2536.69,2541.54,2513.19,2529.24,822128.0
1647284400,2529.55,2538.48,2522.67,2535.85,477410.0
1647288000,2535.85,2546.23,2522.22,2525.87,385579.0
1647291600,2525.82,2542.2,2522.54,2540.65,216722.0
1647295200,2540.66,2591.0,2537.96,2570.92,1176104.0
1647298800,2570.93,2597.37,2570.93,2589.48,736707.0
1647302400,2589.67,2603.41,2576.84,2587.87,1054465.0
1647306000,2587.87,2589.91,2536.7,2544.19,1450985.0
1647309600,2544.19,2571.99,2541.52,2562.04,599698.0
1647313200,2561.88,2565.4,2538.2,2544.04,679583.0
1647316800,2543.93,2553.83,2539.04,2546.13,349801.0
1647320400,2546.13,2552.83,2541.55,2549.13,298808.0
1647324000,2549.27,2562.8,2543.0,2543.71,446771.0
1647327600,2543.72,2544.27,2505.0,2531.82,1353221.0
1647331200,2531.99,2534.64,2516.0,2517.51,702269.0
1647334800,2517.51,2537.0,2510.68,2529.48,614011.0
1647338400,2529.48,2538.98,2527.11,2535.13,398204.0
1647342000,2535.13,2544.5,2529.74,2534.52,533005.0
1647345600,2534.52,2549.86,2530.01,2548.51,547265.0
1647349200,2548.51,2548.53,2520.0,2533.49,1034549.0
1647352800,2533.49,2568.6,2530.1,2557.56,1328820.0
1647356400,2557.57,2592.0,2554.27,2572.33,1326598.0
1647360000,2572.29,2626.97,2567.68,2602.83,1760268.0
1647363600,2602.84,2607.42,2581.69,2599.68,724567.0
1647367200,2599.67,2643.32,2592.0,2627.02,882023.0
1647370800,2626.99,2662.44,2626.43,2659.29,1253618.0
1647374400,2659.31,2669.0,2622.15,2625.61,751738.0
1647378000,2625.61,2636.23,2606.24,2632.96,545136.0
1647381600,2632.96,2644.55,2618.9,2622.53,415289.0
1647385200,2622.53,2631.94,2612.89,2618.5,440042.0
1647388800,2618.5,2630.0,2603.7,2612.18,582337.0
1647392400,2612.18,2651.42,2608.48,2642.99,916826.0
1647396000,2642.98,2735.86,2641.07,2691.76,3636545.0
1647399600,2691.76,2695.23,2603.0,2620.94,2369121.0
1647403200,2620.66,2629.2,2605.0,2618.93,638220.0
1647406800,2618.93,2633.45,2612.18,2628.35,483654.0
1647410400,2628.35,2648.51,2626.08,2646.51,488623.0
1647414000,2646.5,2648.79,2634.0,2645.66,484440.0
1647417600,2645.66,2685.74,2643.86,2674.32,1492613.0
1647421200,2674.32,2693.5,2669.26,2683.57,863937.0
1647424800,2683.56,2697.0,2671.69,2675.0,663400.0
1647428400,2674.99,2705.06,2670.36,2687.57,782060.0
1647432000,2687.58,2697.4,2664.3,2670.58,641366.0
1647435600,2670.57,2689.0,2661.53,2683.74,790939.0
1647439200,2683.82,2718.0,2671.26,2710.18,1913367.0
1647442800,2710.17,2724.36,2698.17,2703.21,810605.0
1647446400,2703.21,2722.74,2682.0,2691.09,1427872.0
1647450000,2691.19,2715.0,2673.19,2705.49,922819.0
1647453600,2705.48,2718.45,2634.0,2676.55,3688528.0
1647457200,2676.23,2758.33,2669.28,2754.0,1987279.0
1647460800,2754.09,2789.88,2740.48,2772.78,1286506.0
1647464400,2772.89,2786.46,2756.89,2766.52,433001.0
1647468000,2766.53,2771.92,2743.89,2747.88,459726.0
1647471600,2747.87,2776.72,2743.31,2773.75,478445.0
1647475200,2773.75,2783.42,2752.28,2767.74,667524.0
1647478800,2767.74,2788.21,2753.0,2773.33,638956.0
1647482400,2773.19,2781.0,2762.58,2775.76,412196.0
1647486000,2775.77,2783.97,2764.0,2767.01,1081862.0
1647489600,2767.0,2775.17,2756.0,2773.19,462135.0
1647493200,2773.11,2775.0,2756.54,2760.7,406176.0
1647496800,2760.71,2766.82,2746.67,2753.22,505705.0
1647500400,2753.21,2764.0,2748.7,2756.0,468082.0
1647504000,2756.16,2772.91,2753.32,2769.14,489469.0
1647507600,2769.14,2773.34,2763.0,2768.07,236923.0
1647511200,2768.08,2776.66,2750.47,2770.8,770237.0
1647514800,2770.8,2779.16,2764.24,2775.38,539002.0
1647518400,2775.38,2821.0,2771.49,2805.87,1870088.0
1647522000,2805.87,2824.94,2798.0,2817.37,1205331.0
1647525600,2817.37,2837.88,2794.47,2800.21,1377941.0
1647529200,2800.22,2819.23,2795.02,2802.15,688920.0
1647532800,2802.15,2814.5,2788.0,2796.13,686864.0
1647536400,2796.14,2812.59,2775.0,2806.56,892577.0
1647540000,2806.56,2818.0,2804.68,2812.91,376322.0
1647543600,2813.12,2836.4,2808.01,2828.45,563047.0
1647547200,2828.44,2828.69,2799.43,2807.55,363718.0
1647550800,2807.55,2821.95,2801.14,2819.98,238392.0
1647554400,2819.97,2822.85,2808.67,2818.59,255453.0
1647558000,2818.58,2819.97,2809.29,2811.7,174436.0
1647561600,2811.7,2813.44,2766.29,2774.81,1227680.0
1647565200,2774.68,2787.94,2768.0,2787.0,567546.0
1647568800,2787.36,2788.55,2776.15,2781.41,319150.0
1647572400,2781.42,2786.5,2770.0,2776.47,455502.0
1647576000,2776.46,2782.62,2771.0,2779.8,329766.0
1647579600,2779.81,2807.62,2779.8,2801.27,801691.0
1647583200,2801.28,2808.56,2794.48,2798.15,514218.0
1647586800,2798.15,2803.0,2788.11,2793.34,434993.0
1647590400,2793.33,2816.0,2782.64,2800.51,1152012.0
1647594000,2800.51,2806.57,2792.33,2795.21,567108.0
1647597600,2795.03,2812.0,2793.7,2795.58,669782.0
1647601200,2795.58,2799.11,2780.0,2796.29,1005798.0
1647604800,2796.49,2823.53,2792.64,2805.93,1224608.0
1647608400,2805.92,2813.03,2788.5,2811.54,1008615.0
1647612000,2811.53,2862.9,2807.11,2843.25,2446530.0
1647615600,2843.28,2902.34,2841.33,2895.61,2807416.0
1647619200,2895.6,2924.96,2880.72,2920.83,2010448.0
1647622800,2920.83,2946.57,2913.5,2934.35,1556055.0
1647626400,2934.48,2939.24,2922.15,2931.57,662733.0
1647630000,2931.78,2970.24,2931.14,2966.56,1105055.0
1647633600,2966.77,2985.59,2947.28,2948.3,1035462.0
1647637200,2948.3,2956.0,2941.0,2952.58,328037.0
1647640800,2952.55,2961.0,2931.26,2931.38,408026.0
1647644400,2931.39,2949.49,2931.38,2938.54,267766.0
1647648000,2938.54,2980.0,2938.0,2965.09,711881.0
1647651600,2965.4,2967.16,2953.38,2955.67,366574.0
1647655200,2955.66,2957.87,2944.0,2952.48,340375.0
1647658800,2952.48,2959.0,2930.03,2948.38,588552.0
1647662400,2948.5,2956.43,2940.5,2946.48,375355.0
1647666000,2946.48,2947.41,2932.66,2933.99,305417.0
1647669600,2934.0,2944.51,2930.56,2938.28,301143.0
1647673200,2938.28,2938.29,2921.22,2925.38,711029.0
1647676800,2925.37,2936.74,2923.23,2935.11,373998.0
1647680400,2935.11,2958.09,2933.0,2943.73,685975.0
1647684000,2943.73,2952.94,2936.84,2939.86,408627.0
1647687600,2939.86,2951.27,2936.16,2946.29,291716.0
1647691200,2946.28,2971.63,2941.65,2970.52,642608.0
1647694800,2970.53,2977.57,2944.17,2947.7,884545.0
1647698400,2947.69,2963.95,2937.41,2961.01,496668.0
1647702000,2961.01,2977.28,2951.99,2966.11,849980.0
1647705600,2966.08,2988.0,2955.0,2973.29,1040219.0
1647709200,2973.3,2976.46,2949.0,2957.35,576726.0
1647712800,2957.45,2959.05,2944.7,2956.86,384315.0
1647716400,2956.86,2958.08,2947.27,2950.63,244515.0
1647720000,2950.63,2967.49,2941.31,2953.74,401899.0
1647723600,2953.74,2963.5,2948.6,2949.82,159236.0
1647727200,2949.81,2949.82,2891.87,2935.8,1248102.0
1647730800,2935.79,2955.39,2930.63,2951.05,513414.0
1647734400,2951.04,2964.73,2932.16,2939.43,555848.0
1647738000,2939.43,2942.29,2907.0,2928.25,860791.0
1647741600,2928.2,2933.12,2913.0,2919.76,443594.0
1647745200,2919.79,2936.6,2919.74,2932.55,335854.0
1647748800,2932.55,2934.99,2918.06,2919.28,306751.0
1647752400,2919.29,2931.29,2915.0,2929.17,318087.0
1647756000,2929.17,2935.0,2923.5,2923.65,294647.0
1647759600,2923.65,2927.96,2917.0,2925.9,259599.0
1647763200,2925.91,2931.05,2921.03,2926.0,309016.0
1647766800,2925.99,2928.0,2896.0,2920.68,1028527.0
1647770400,2920.69,2926.0,2909.28,2916.16,393176.0
1647774000,2916.0,2920.98,2875.04,2887.0,867612.0
1647777600,2887.0,2899.84,2863.0,2890.94,1346316.0
1647781200,2891.01,2894.87,2872.57,2874.98,729355.0
1647784800,2874.98,2886.93,2856.0,2863.8,954240.0
1647788400,2863.79,2870.53,2847.42,2855.46,781537.0
1647792000,2855.46,2879.47,2841.0,2848.9,1107817.0
1647795600,2848.91,2853.14,2817.79,2826.54,1082255.0
1647799200,2826.71,2844.0,2818.38,2843.44,500169.0
1647802800,2843.47,2879.27,2837.43,2874.69,621122.0
1647806400,2874.69,2913.43,2868.65,2872.16,901862.0
1647810000,2872.16,2888.82,2860.65,2879.19,487603.0
1647813600,2879.2,2883.9,2852.6,2876.32,493733.0
1647817200,2876.36,2876.73,2849.86,2860.62,469372.0
1647820800,2860.63,2871.78,2846.17,2870.0,507857.0
1647824400,2870.0,2877.49,2860.0,2865.52,447456.0
1647828000,2865.65,2872.59,2831.88,2844.0,1163109.0
1647831600,2844.0,2852.85,2831.52,2843.83,558683.0
1647835200,2843.83,2849.36,2835.21,2845.52,406296.0
1647838800,2845.52,2872.49,2842.79,2868.84,500277.0
1647842400,2868.84,2876.35,2856.77,2860.32,589182.0
1647846000,2860.33,2895.92,2855.36,2889.98,871512.0
1647849600,2889.34,2902.2,2879.13,2881.09,656740.0
1647853200,2881.08,2917.01,2873.0,2912.28,925568.0
1647856800,2912.27,2920.28,2901.05,2909.8,660418.0
1647860400,2909.8,2923.79,2902.53,2906.0,599552.0
1647864000,2906.01,2918.68,2886.5,2912.5,886520.0
1647867600,2912.5,2944.97,2912.5,2913.8,1582036.0
1647871200,2913.81,2925.0,2892.23,2923.64,1358176.0
1647874800,2923.64,2956.0,2915.51,2954.29,1633812.0
1647878400,2954.29,2959.47,2904.63,2907.01,1382586.0
1647882000,2907.0,2929.76,2896.39,2920.44,1161988.0
1647885600,2920.42,2925.63,2902.69,2904.53,473032.0
1647889200,2904.76,2919.64,2895.2,2918.31,505038.0
1647892800,2918.37,2923.84,2909.03,2909.04,247061.0
1647896400,2909.03,2921.55,2899.18,2920.96,246972.0
1647900000,2921.0,2921.94,2907.78,2908.15,303553.0
1647903600,2908.14,2912.19,2883.21,2889.74,462934.0
1647907200,2889.73,2907.41,2885.0,2903.39,481611.0
1647910800,2903.4,2912.33,2888.19,2897.81,422033.0
1647914400,2897.8,2978.06,2895.22,2963.35,2332681.0
1647918000,2963.1,3041.59,2963.1,3007.68,2101900.0
1647921600,3007.73,3054.9,3007.73,3027.64,1543277.0
1647925200,3027.64,3032.65,3011.52,3013.25,634956.0
1647928800,3013.24,3013.25,2966.99,2984.87,1534649.0
1647932400,2984.99,2997.34,2982.79,2993.26,480959.0
1647936000,2993.37,3025.0,2984.73,3012.95,995044.0
1647939600,3012.96,3015.5,2995.41,3005.78,493750.0
1647943200,3005.69,3021.0,2999.06,3018.7,554587.0
1647946800,3018.69,3026.48,3008.22,3019.99,540983.0
1647950400,3020.0,3026.49,2998.44,3009.5,609761.0
1647954000,3009.49,3014.5,2986.42,3001.94,683662.0
1647957600,3001.95,3028.6,3001.95,3007.27,828779.0
1647961200,3007.49,3017.28,3001.72,3002.15,409704.0
1647964800,3002.15,3012.97,2994.0,2998.98,492497.0
1647968400,2998.97,3012.0,2996.0,3006.88,297777.0
1647972000,3006.88,3009.36,2988.76,3001.07,332047.0
1647975600,3000.86,3017.0,2980.75,2984.39,527779.0
1647979200,2984.39,3008.69,2982.61,3001.57,312733.0
1647982800,3001.67,3015.61,3000.58,3015.6,177880.0
1647986400,3015.6,3015.6,2993.12,3000.0,341229.0
1647990000,3000.0,3001.05,2960.1,2970.01,751036.0
1647993600,2970.0,2980.41,2960.21,2973.93,544430.0
1647997200,2973.99,2974.0,2924.17,2958.45,1207542.0
1648000800,2958.45,2993.0,2953.24,2975.36,901472.0
1648004400,2975.34,2979.74,2946.47,2946.89,578966.0
1648008000,2946.87,2958.88,2917.58,2937.43,1059444.0
1648011600,2937.43,2950.61,2928.14,2946.79,419797.0
1648015200,2946.79,2961.76,2942.63,2955.18,437193.0
1648018800,2955.21,2958.16,2940.12,2948.31,404334.0
1648022400,2948.31,2961.62,2933.7,2955.49,588472.0
1648026000,2955.49,2962.0,2942.35,2954.73,448203.0
1648029600,2954.84,2971.85,2948.45,2959.24,478327.0
1648033200,2959.25,2961.81,2941.19,2949.24,511921.0
1648036800,2949.4,2965.95,2937.07,2962.87,737689.0
1648040400,2962.87,2968.8,2947.0,2952.61,615132.0
1648044000,2952.6,3005.0,2950.55,3002.25,1357166.0
1648047600,3002.24,3038.8,2995.13,3030.88,1638332.0
1648051200,3030.88,3044.7,3005.0,3015.24,1165902.0
1648054800,3015.01,3017.28,2957.86,2964.3,1272517.0
1648058400,2964.3,2974.54,2952.2,2954.07,710207.0
1648062000,2954.06,2975.0,2951.25,2962.46,465353.0
1648065600,2962.71,2987.66,2960.04,2981.0,344331.0
1648069200,2981.0,3004.91,2972.15,2997.51,272461.0
1648072800,2997.52,3016.7,2996.71,3004.44,419184.0
1648076400,3004.44,3039.51,2991.5,3036.46,797208.0
1648080000,3036.46,3083.0,3029.13,3049.0,1702012.0
1648083600,3049.01,3051.39,3012.73,3027.22,1093799.0
1648087200,3027.22,3035.17,3005.0,3031.94,649027.0
1648090800,3031.95,3042.0,3015.72,3017.36,547510.0
1648094400,3017.36,3029.41,3014.61,3026.25,350996.0
1648098000,3026.25,3052.54,3019.09,3046.46,557740.0
1648101600,3046.46,3070.96,3040.0,3055.76,1039323.0
1648105200,3055.76,3056.11,3031.97,3037.64,613479.0
1648108800,3037.65,3054.63,3031.0,3047.87,593386.0
1648112400,3047.87,3060.0,3039.5,3047.06,432200.0
1648116000,3047.06,3061.97,3039.74,3053.12,478906.0
1648119600,3053.12,3062.36,3043.34,3048.0,501717.0
1648123200,3047.99,3056.82,3007.18,3012.56,1174109.0
1648126800,3012.57,3033.0,3000.84,3028.03,1152032.0
1648130400,3028.02,3080.0,3020.0,3078.29,1581740.0
1648134000,3078.28,3129.99,3072.0,3114.29,2672965.0
1648137600,3114.29,3122.14,3092.51,3109.39,968592.0
1648141200,3109.4,3122.79,3096.81,3098.43,619308.0
1648144800,3098.19,3107.76,3085.45,3107.76,482517.0
1648148400,3107.43,3122.98,3100.8,3108.29,383677.0
1648152000,3108.31,3110.73,3096.73,3104.06,293431.0
1648155600,3104.05,3110.0,3087.83,3107.45,198737.0
1648159200,3107.78,3119.2,3099.53,3111.12,270357.0
1648162800,3111.12,3114.34,3101.66,3111.08,253123.0
1648166400,3111.09,3113.98,3094.6,3103.63,321985.0
1648170000,3103.63,3151.42,3097.71,3124.24,1018569.0
1648173600,3124.23,3132.89,3108.29,3123.24,632433.0
1648177200,3122.82,3136.83,3117.05,3136.51,326966.0
1648180800,3136.45,3144.96,3130.3,3143.3,556991.0
1648184400,3143.31,3147.57,3125.55,3126.08,412641.0
1648188000,3126.07,3144.61,3125.84,3142.33,461735.0
1648191600,3142.33,3146.69,3126.48,3129.49,648909.0
1648195200,3129.48,3129.48,3097.0,3125.0,1333436.0
1648198800,3124.99,3144.31,3113.67,3135.02,582122.0
1648202400,3135.02,3159.0,3130.71,3147.99,714320.0
1648206000,3147.99,3178.65,3141.32,3167.54,1343617.0
1648209600,3167.54,3210.0,3160.82,3183.53,1321971.0
1648213200,3183.68,3187.61,3170.85,3175.88,1107261.0
1648216800,3175.87,3183.34,3158.0,3171.26,909472.0
1648220400,3171.54,3172.41,3107.0,3121.01,2126387.0
1648224000,3121.0,3138.7,3091.41,3095.47,1547275.0
1648227600,3095.47,3106.77,3075.43,3103.11,1275447.0
1648231200,3103.11,3132.15,3101.29,3122.78,938515.0
1648234800,3122.77,3124.76,3082.17,3115.46,838486.0
1648238400,3115.61,3128.78,3106.97,3124.58,394266.0
1648242000,3124.57,3124.58,3105.37,3122.72,235922.0
1648245600,3122.9,3123.0,3097.47,3099.22,339902.0
1648249200,3099.22,3109.39,3093.61,3102.79,243532.0
1648252800,3102.77,3116.59,3087.0,3090.35,428739.0
1648256400,3090.35,3109.72,3084.0,3105.54,355798.0
1648260000,3105.53,3111.54,3095.73,3101.0,313471.0
1648263600,3100.99,3112.55,3098.49,3108.23,285041.0
1648267200,3108.22,3115.0,3099.45,3111.68,392040.0
1648270800,3111.69,3126.27,3105.0,3124.96,456785.0
1648274400,3124.97,3131.81,3115.57,3120.2,423966.0
1648278000,3120.2,3138.52,3113.63,3133.47,494519.0
1648281600,3133.47,3137.36,3123.88,3130.7,367657.0
1648285200,3130.71,3130.72,3120.05,3127.86,231211.0
1648288800,3127.86,3130.0,3115.64,3123.82,299394.0
1648292400,3123.82,3140.0,3118.72,3122.94,442179.0
1648296000,3122.94,3126.24,3106.8,3124.01,588350.0
1648299600,3124.01,3129.46,3111.77,3112.31,414011.0
1648303200,3112.31,3118.5,3108.31,3117.88,337735.0
1648306800,3117.88,3126.37,3113.82,3115.59,386222.0
1648310400,3115.46,3124.88,3108.0,3124.12,364773.0
1648314000,3124.12,3128.8,3119.28,3119.45,219721.0
1648317600,3119.45,3127.0,3114.11,3125.04,187887.0
1648321200,3125.0,3126.09,3115.63,3122.77,184705.0
1648324800,3122.88,3155.0,3121.84,3143.39,759700.0
1648328400,3143.38,3144.91,3125.18,3138.77,250314.0
1648332000,3138.71,3146.72,3133.87,3133.91,208011.0
1648335600,3133.84,3150.0,3133.22,3144.2,330240.0
1648339200,3144.21,3153.86,3136.4,3149.95,441334.0
1648342800,3149.95,3156.63,3141.34,3149.05,405973.0
1648346400,3149.05,3171.5,3143.11,3156.5,693679.0
1648350000,3156.49,3156.7,3138.29,3143.99,359087.0
1648353600,3143.99,3151.51,3133.76,3139.38,346652.0
1648357200,3139.37,3147.18,3138.5,3139.83,187975.0
1648360800,3139.83,3158.0,3139.53,3149.17,315880.0
1648364400,3149.17,3157.62,3146.18,3154.37,223216.0
1648368000,3154.37,3158.0,3143.19,3143.67,335099.0
1648371600,3143.68,3152.47,3140.83,3141.01,244096.0
1648375200,3141.0,3148.95,3139.73,3146.23,209442.0
1648378800,3146.22,3151.99,3141.27,3145.24,207801.0
1648382400,3145.24,3147.49,3126.0,3127.28,514371.0
1648386000,3127.27,3146.28,3126.0,3143.43,533801.0
1648389600,3143.43,3154.22,3140.51,3145.44,413016.0
1648393200,3145.45,3180.0,3140.66,3169.54,1013723.0
1648396800,3169.54,3187.81,3163.97,3180.5,845137.0
1648400400,3180.67,3182.0,3170.71,3179.6,315609.0
1648404000,3179.6,3190.33,3175.56,3178.04,308368.0
1648407600,3178.05,3180.61,3173.0,3174.76,120204.0
1648411200,3174.76,3259.41,3163.0,3238.43,1896929.0
1648414800,3238.43,3303.28,3223.41,3278.0,1205320.0
1648418400,3278.0,3289.54,3263.39,3270.11,974266.0
1648422000,3270.21,3303.0,3267.33,3296.17,645030.0
1648425600,3296.18,3344.0,3275.5,3292.27,1733166.0
1648429200,3292.26,3305.79,3284.5,3292.09,557836.0
1648432800,3292.08,3306.92,3291.62,3300.11,351349.0
1648436400,3300.0,3317.9,3299.66,3311.19,463902.0
1648440000,3311.26,3319.92,3300.1,3318.13,457479.0
1648443600,3318.13,3339.64,3316.27,3324.27,816108.0
1648447200,3323.85,3328.0,3304.01,3319.12,599957.0
1648450800,3319.14,3326.13,3314.0,3319.13,401155.0
1648454400,3319.12,3326.15,3304.54,3321.64,508370.0
1648458000,3321.53,3375.5,3321.52,3337.35,876728.0
1648461600,3337.35,3357.0,3334.13,3349.47,767826.0
1648465200,3349.48,3359.7,3339.83,3345.48,576847.0
1648468800,3345.48,3353.42,3330.49,3338.26,584372.0
1648472400,3338.26,3392.0,3335.0,3377.68,1726057.0
1648476000,3377.68,3397.97,3356.2,3389.21,1216345.0
1648479600,3389.37,3400.88,3357.56,3357.71,1332340.0
1648483200,3357.56,3369.85,3334.0,3360.0,1094669.0
1648486800,3360.0,3390.51,3346.69,3385.13,732373.0
1648490400,3385.12,3424.0,3375.76,3416.34,1263615.0
1648494000,3416.76,3433.63,3398.5,3409.14,833947.0
1648497600,3409.27,3417.16,3398.59,3415.19,387905.0
1648501200,3415.2,3424.78,3364.43,3381.24,520390.0
1648504800,3381.24,3389.15,3364.0,3371.62,456602.0
1648508400,3371.62,3375.73,3316.0,3333.7,1082161.0
1648512000,3333.68,3377.42,3330.96,3363.89,725894.0
1648515600,3363.88,3394.0,3358.37,3388.1,517242.0
1648519200,3388.09,3402.92,3373.19,3375.01,571953.0
1648522800,3375.0,3381.47,3368.3,3370.35,327361.0
1648526400,3370.34,3393.85,3370.01,3388.1,471652.0
1648530000,3388.44,3415.0,3387.24,3404.5,688628.0
1648533600,3404.4,3422.99,3401.39,3414.59,686874.0
1648537200,3414.59,3414.59,3386.1,3386.79,659131.0
1648540800,3386.77,3419.19,3386.0,3411.93,597289.0
1648544400,3411.99,3446.33,3408.71,3426.13,1213793.0
1648548000,3426.13,3437.63,3413.83,3432.79,538573.0
1648551600,3432.79,3473.0,3425.83,3464.54,1589572.0
1648555200,3464.54,3483.94,3458.75,3464.72,1246010.0
1648558800,3464.72,3472.22,3425.5,3443.89,1322168.0
1648562400,3444.0,3457.44,3432.4,3447.03,933046.0
1648566000,3447.03,3454.32,3394.28,3403.58,1368289.0
1648569600,3403.59,3426.0,3368.73,3421.94,1931427.0
1648573200,3421.76,3422.54,3382.0,3403.36,806269.0
1648576800,3403.35,3415.81,3397.26,3414.51,459052.0
1648580400,3414.6,3443.55,3411.95,3430.19,670278.0
1648584000,3430.46,3430.74,3385.99,3397.19,399449.0
1648587600,3397.19,3403.58,3360.5,3376.09,468060.0
1648591200,3375.9,3392.91,3344.0,3387.39,1042986.0
1648594800,3387.38,3406.86,3377.0,3400.52,436848.0
1648598400,3400.51,3400.51,3356.31,3373.55,693370.0
1648602000,3373.55,3379.0,3331.98,3346.96,1038255.0
1648605600,3347.37,3376.0,3342.03,3369.42,564028.0
1648609200,3369.41,3388.47,3368.57,3383.67,465023.0
1648612800,3383.67,3392.09,3361.09,3371.38,485105.0
1648616400,3371.37,3407.5,3367.51,3404.26,679419.0
1648620000,3404.27,3417.76,3392.17,3404.48,608050.0
1648623600,3404.37,3414.88,3394.03,3407.38,500932.0
1648627200,3407.38,3410.64,3385.84,3402.58,776572.0
1648630800,3402.57,3405.0,3379.7,3387.43,553133.0
1648634400,3387.39,3403.4,3379.41,3398.0,439198.0
1648638000,3398.27,3419.76,3384.39,3407.53,792308.0
1648641600,3407.53,3409.98,3388.0,3400.47,518144.0
1648645200,3400.57,3402.06,3361.43,3370.55,983803.0
1648648800,3370.55,3385.0,3354.13,3373.48,1028042.0
1648652400,3373.5,3386.85,3347.28,3381.88,805964.0
1648656000,3381.88,3403.84,3373.27,3394.01,730174.0
1648659600,3394.0,3439.44,3388.79,3436.53,932971.0
1648663200,3436.4,3448.0,3393.55,3396.49,793630.0
1648666800,3396.5,3396.5,3372.0,3394.41,729725.0
1648670400,3394.41,3412.86,3385.76,3412.84,328060.0
1648674000,3412.85,3414.09,3381.44,3387.14,307516.0
1648677600,3387.15,3396.32,3370.73,3389.53,485433.0
1648681200,3389.36,3394.7,3377.01,3385.56,301416.0
1648684800,3385.57,3410.2,3378.18,3399.01,484124.0
1648688400,3399.0,3423.85,3399.0,3420.46,476300.0
1648692000,3420.46,3422.69,3402.67,3405.08,313854.0
1648695600,3405.08,3412.54,3392.0,3397.72,452509.0
1648699200,3397.73,3409.0,3388.51,3391.01,428229.0
1648702800,3391.01,3403.99,3386.19,3393.68,610199.0
1648706400,3393.68,3404.68,3389.08,3399.25,365553.0
1648710000,3399.25,3403.65,3392.36,3402.36,233194.0
1648713600,3402.35,3412.39,3396.26,3406.05,553964.0
1648717200,3406.05,3423.0,3397.0,3417.91,384197.0
1648720800,3417.91,3426.49,3410.54,3416.65,536416.0
1648724400,3416.64,3416.93,3399.71,3409.63,408053.0
1648728000,3409.64,3444.75,3403.12,3428.76,1028713.0
1648731600,3428.75,3441.9,3377.74,3380.06,1787815.0
1648735200,3380.06,3389.0,3335.5,3379.89,3180724.0
1648738800,3379.9,3388.55,3345.0,3351.06,1189939.0
1648742400,3351.05,3355.62,3267.64,3271.89,3598612.0
1648746000,3271.91,3303.87,3267.4,3295.02,1323449.0
1648749600,3295.21,3308.81,3261.27,3307.92,1027267.0
1648753200,3307.92,3311.66,3283.0,3283.5,852476.0
1648756800,3283.52,3304.75,3280.0,3298.55,519956.0
1648760400,3298.68,3305.5,3287.09,3287.09,305740.0
1648764000,3287.1,3293.0,3274.0,3290.97,462841.0
1648767600,3290.88,3297.15,3262.98,3282.54,762954.0
1648771200,3282.54,3307.7,3273.31,3299.95,809597.0
1648774800,3299.95,3299.95,3239.38,3257.19,1182096.0
1648778400,3257.18,3262.68,3210.43,3225.92,2221455.0
1648782000,3225.93,3250.71,3220.0,3249.44,851451.0
1648785600,3249.45,3257.77,3246.18,3246.69,491513.0
1648789200,3246.7,3265.59,3242.26,3250.07,588984.0
1648792800,3250.03,3263.0,3243.88,3262.07,460274.0
1648796400,3262.07,3279.89,3258.78,3276.82,642574.0
1648800000,3276.82,3293.41,3275.09,3278.15,861638.0
1648803600,3278.15,3284.64,3268.33,3272.73,511226.0
1648807200,3272.73,3283.94,3266.98,3283.19,319509.0
1648810800,3283.2,3303.58,3278.53,3283.85,741140.0
1648814400,3283.78,3312.98,3261.97,3307.5,1717241.0
1648818000,3307.49,3367.26,3307.23,3348.92,2115236.0
1648821600,3348.92,3429.88,3348.4,3422.18,2638589.0
1648825200,3422.18,3494.53,3414.41,3433.08,2833662.0
1648828800,3433.25,3446.47,3409.78,3410.31,1163505.0
1648832400,3410.32,3477.82,3404.25,3470.93,1449318.0
1648836000,3470.93,3484.85,3447.01,3464.15,927990.0
1648839600,3464.62,3471.56,3445.8,3469.54,571388.0
1648843200,3469.54,3472.88,3438.41,3442.02,330855.0
1648846800,3442.02,3461.71,3441.37,3451.38,198362.0
1648850400,3451.35,3457.69,3433.0,3451.72,513546.0
1648854000,3451.73,3459.47,3427.26,3455.99,449486.0
1648857600,3455.99,3526.0,3439.12,3512.54,1432341.0
1648861200,3512.54,3523.51,3466.96,3481.67,1378594.0
1648864800,3481.68,3493.96,3442.29,3468.03,862337.0
1648868400,3468.01,3475.0,3451.52,3474.98,414407.0
1648872000,3474.98,3490.94,3462.06,3477.6,481816.0
1648875600,3478.0,3483.56,3462.51,3479.72,487538.0
1648879200,3479.71,3492.0,3469.68,3486.53,417251.0
1648882800,3486.53,3492.72,3471.0,3483.91,434797.0
1648886400,3483.56,3484.6,3470.2,3476.98,374058.0
1648890000,3477.0,3497.42,3472.32,3493.5,364157.0
1648893600,3493.5,3495.0,3475.32,3493.13,407374.0
1648897200,3493.13,3498.46,3486.0,3487.0,424573.0
1648900800,3487.0,3532.88,3462.14,3509.37,2014217.0
1648904400,3509.37,3525.88,3498.53,3505.0,892948.0
1648908000,3505.0,3510.26,3480.0,3489.48,718947.0
1648911600,3489.17,3489.39,3443.45,3460.73,1441671.0
1648915200,3460.23,3487.63,3447.41,3475.67,821766.0
1648918800,3475.32,3487.33,3463.38,3474.93,396146.0
1648922400,3474.93,3484.99,3421.0,3450.87,1711333.0
1648926000,3450.87,3482.75,3449.6,3470.4,270525.0
1648929600,3470.67,3487.42,3453.7,3470.4,427997.0
1648933200,3470.39,3479.28,3451.19,3478.1,163598.0
1648936800,3478.1,3487.0,3455.49,3466.43,473046.0
1648940400,3466.3,3472.0,3433.47,3444.2,614929.0
1648944000,3444.2,3466.61,3441.72,3466.45,546662.0
1648947600,3466.46,3466.46,3412.14,3438.61,1052107.0
1648951200,3438.61,3449.72,3429.0,3431.21,325904.0
1648954800,3431.2,3462.04,3428.0,3455.68,390925.0
1648958400,3455.99,3475.82,3451.64,3475.81,454301.0
1648962000,3475.82,3483.0,3470.37,3475.75,378658.0
1648965600,3475.8,3533.0,3470.66,3505.84,1012742.0
1648969200,3505.68,3508.45,3481.16,3489.34,557191.0
1648972800,3489.35,3498.56,3473.53,3476.11,446711.0
1648976400,3476.11,3515.03,3469.22,3494.82,828648.0
1648980000,3495.07,3499.5,3477.91,3483.98,501028.0
1648983600,3483.85,3492.0,3472.0,3484.83,420464.0
1648987200,3484.69,3502.13,3477.48,3492.61,522193.0
1648990800,3492.61,3514.03,3486.64,3498.04,593542.0
1648994400,3498.03,3512.85,3480.69,3512.85,457060.0
1648998000,3512.85,3520.0,3497.11,3499.56,767679.0
1649001600,3499.55,3516.63,3482.31,3488.27,775778.0
1649005200,3488.01,3494.49,3477.75,3492.77,294641.0
1649008800,3492.77,3520.49,3487.41,3508.77,433824.0
1649012400,3508.81,3516.0,3486.18,3486.74,495174.0
1649016000,3486.74,3504.0,3485.53,3491.73,292253.0
1649019600,3491.72,3527.65,3487.33,3527.64,416212.0
1649023200,3527.65,3580.12,3515.13,3544.99,2446965.0
1649026800,3545.0,3546.4,3510.06,3522.16,873394.0
1649030400,3522.17,3523.06,3466.52,3474.42,1517365.0
1649034000,3474.62,3494.75,3472.16,3486.3,608533.0
1649037600,3486.3,3503.59,3477.23,3501.8,431404.0
1649041200,3501.48,3507.79,3487.4,3489.25,356995.0
1649044800,3488.99,3506.3,3479.55,3496.43,543070.0
1649048400,3496.43,3507.0,3490.5,3504.95,360579.0
1649052000,3504.95,3509.0,3498.2,3502.24,261425.0
1649055600,3502.43,3511.0,3489.14,3501.69,418759.0
1649059200,3501.44,3504.92,3483.08,3494.11,600620.0
1649062800,3494.1,3495.0,3461.0,3467.59,1003892.0
1649066400,3467.59,3483.17,3448.57,3457.96,1284692.0
1649070000,3457.96,3482.03,3452.94,3478.93,625351.0
1649073600,3478.93,3493.26,3458.25,3467.21,801229.0
1649077200,3467.2,3487.0,3450.45,3480.07,1073272.0
1649080800,3480.07,3488.54,3443.47,3448.0,1005900.0
1649084400,3448.0,3452.81,3421.94,3425.27,1352747.0
1649088000,3425.52,3453.85,3416.24,3448.66,906582.0
1649091600,3448.35,3460.76,3418.73,3437.08,797634.0
1649095200,3437.07,3463.0,3407.0,3460.0,826753.0
1649098800,3460.0,3498.52,3460.0,3489.97,823184.0
1649102400,3490.07,3520.0,3473.19,3509.1,895530.0
1649106000,3509.1,3520.0,3493.38,3508.41,440804.0
1649109600,3508.42,3549.0,3498.2,3527.27,914091.0
1649113200,3527.27,3540.68,3515.18,3519.59,652368.0
1649116800,3519.33,3524.61,3501.12,3508.0,472515.0
1649120400,3508.0,3523.0,3504.26,3519.97,285012.0
1649124000,3519.97,3530.0,3510.1,3515.16,268101.0
1649127600,3515.16,3535.58,3515.16,3523.82,377212.0
1649131200,3523.81,3535.0,3517.14,3524.6,472214.0
1649134800,3524.61,3527.93,3519.0,3521.21,172686.0
1649138400,3521.14,3523.47,3509.0,3518.8,324460.0
1649142000,3518.8,3535.0,3513.73,3527.26,409241.0
1649145600,3527.25,3529.86,3515.01,3524.84,328628.0
1649149200,3524.85,3527.57,3508.16,3509.76,285783.0
1649152800,3509.75,3520.77,3504.6,3516.51,344027.0
1649156400,3516.51,3525.42,3509.89,3523.15,292140.0
1649160000,3523.15,3554.91,3507.24,3508.12,1404544.0
1649163600,3508.13,3516.75,3464.01,3476.56,1910921.0
1649167200,3476.56,3482.0,3435.55,3451.83,2183492.0
1649170800,3451.83,3468.0,3443.01,3452.42,650245.0
1649174400,3452.41,3476.87,3435.13,3466.01,1221110.0
1649178000,3466.02,3477.47,3450.0,3451.95,609713.0
1649181600,3451.14,3457.2,3441.0,3445.51,363303.0
1649185200,3445.51,3467.43,3416.92,3465.0,903900.0
1649188800,3464.88,3471.96,3417.09,3441.82,496399.0
1649192400,3441.83,3454.45,3425.94,3453.51,213242.0
1649196000,3453.74,3462.2,3435.93,3443.72,434552.0
1649199600,3443.72,3449.29,3391.6,3405.47,965780.0
1649203200,3405.47,3405.75,3262.59,3323.91,4071103.0
1649206800,3323.9,3353.9,3322.09,3342.85,846046.0
1649210400,3342.84,3355.55,3338.37,3341.82,484861.0
1649214000,3341.82,3349.14,3335.31,3341.57,360275.0
1649217600,3341.98,3358.95,3322.03,3357.96,676748.0
1649221200,3357.97,3372.0,3354.02,3366.45,601035.0
1649224800,3366.46,3369.0,3348.65,3365.64,742057.0
1649228400,3365.42,3369.8,3338.0,3344.29,438782.0
1649232000,3344.28,3359.9,3332.5,3356.42,745085.0
1649235600,3356.42,3358.0,3335.0,3348.42,353431.0
1649239200,3348.42,3354.69,3318.17,3328.04,1181104.0
1649242800,3328.04,3332.45,3281.0,3305.99,1834585.0
1649246400,3305.99,3327.07,3288.48,3307.0,797864.0
1649250000,3306.73,3321.08,3247.0,3254.59,1790767.0
1649253600,3254.6,3274.47,3229.3,3258.15,1734278.0
1649257200,3257.84,3265.35,3216.51,3258.0,1421804.0
1649260800,3257.99,3261.29,3173.28,3211.69,1864101.0
1649264400,3211.69,3230.7,3175.0,3218.0,1153662.0
1649268000,3217.81,3264.08,3170.67,3237.05,2866388.0
1649271600,3237.06,3248.81,3204.76,3224.86,895901.0
1649275200,3224.81,3238.83,3196.43,3232.43,391788.0
1649278800,3232.23,3239.6,3216.47,3225.11,162218.0
1649282400,3225.12,3231.3,3183.81,3187.45,366651.0
1649286000,3187.45,3206.38,3159.11,3167.49,860702.0
1649289600,3167.33,3206.05,3142.25,3154.06,1325086.0
1649293200,3154.06,3196.0,3148.86,3191.37,862192.0
1649296800,3191.37,3200.0,3168.0,3184.13,526833.0
1649300400,3184.13,3192.32,3168.14,3184.82,327792.0
1649304000,3184.82,3211.6,3182.41,3205.0,526957.0
1649307600,3204.97,3218.17,3194.14,3217.19,438326.0
1649311200,3217.2,3223.85,3201.29,3211.76,468894.0
1649314800,3211.77,3233.0,3206.96,3223.48,557311.0
1649318400,3223.48,3230.52,3215.5,3223.63,364632.0
1649322000,3223.62,3230.0,3203.0,3226.56,532125.0
1649325600,3226.56,3229.25,3214.06,3221.79,256266.0
1649329200,3221.82,3261.0,3208.22,3250.88,1242730.0
1649332800,3250.77,3267.77,3228.22,3230.4,943071.0
1649336400,3230.41,3236.09,3201.56,3229.67,1279068.0
1649340000,3229.67,3239.99,3181.69,3189.01,1283014.0
1649343600,3189.01,3202.3,3159.24,3199.35,1698195.0
1649347200,3199.35,3223.21,3195.45,3221.69,1143990.0
1649350800,3221.7,3238.3,3211.78,3224.35,935146.0
1649354400,3224.06,3239.13,3220.22,3237.78,430445.0
1649358000,3237.77,3246.67,3215.9,3216.55,384765.0
1649361600,3216.55,3242.51,3215.55,3237.23,168759.0
1649365200,3237.23,3241.02,3196.28,3217.88,371019.0
1649368800,3217.89,3235.22,3213.56,3234.7,283591.0
1649372400,3234.69,3260.86,3225.45,3226.65,457420.0
1649376000,3226.58,3244.55,3216.0,3217.52,431060.0
1649379600,3217.53,3254.9,3215.0,3247.19,502968.0
1649383200,3247.19,3275.94,3243.11,3261.7,755069.0
1649386800,3261.69,3269.31,3253.09,3266.57,336024.0
1649390400,3266.56,3273.17,3252.0,3257.92,362889.0
1649394000,3257.93,3272.9,3248.93,3268.39,412169.0
1649397600,3268.39,3270.79,3247.94,3265.91,791904.0
1649401200,3265.91,3288.0,3243.9,3284.85,1054287.0
1649404800,3284.85,3314.39,3280.98,3290.55,1336482.0
1649408400,3290.56,3299.83,3278.2,3289.47,649611.0
1649412000,3289.47,3293.33,3272.62,3285.21,505530.0
1649415600,3285.2,3285.54,3254.54,3259.39,773350.0
1649419200,3259.4,3271.71,3222.0,3237.12,853311.0
1649422800,3237.12,3240.9,3208.0,3227.38,1352750.0
1649426400,3227.36,3305.39,3226.01,3292.88,1914484.0
1649430000,3292.75,3307.9,3273.12,3281.79,867288.0
1649433600,3281.8,3292.0,3258.66,3266.14,611201.0
1649437200,3266.01,3269.52,3226.98,3245.76,998140.0
1649440800,3245.0,3282.0,3215.0,3258.65,1551700.0
1649444400,3258.99,3273.27,3231.4,3239.01,603008.0
1649448000,3239.01,3250.81,3228.84,3250.28,386049.0
1649451600,3250.17,3257.99,3213.17,3222.46,304620.0
1649455200,3222.47,3229.65,3185.43,3191.27,870515.0
1649458800,3191.27,3198.37,3173.31,3192.7,818542.0
1649462400,3192.65,3217.45,3189.54,3216.0,586623.0
1649466000,3215.74,3223.31,3201.59,3217.65,364849.0
1649469600,3217.7,3223.79,3185.46,3190.22,459695.0
1649473200,3190.23,3218.62,3180.89,3209.93,646250.0
1649476800,3209.93,3220.0,3204.46,3207.33,342153.0
1649480400,3207.33,3229.85,3203.68,3225.26,336194.0
1649484000,3225.17,3226.44,3198.0,3202.65,512526.0
1649487600,3202.51,3214.0,3195.75,3209.15,291032.0
1649491200,3209.15,3217.99,3200.04,3209.59,272076.0
1649494800,3209.6,3212.94,3200.5,3207.17,203350.0
1649498400,3207.17,3213.54,3192.22,3212.27,393274.0
1649502000,3212.28,3216.55,3206.79,3209.59,191429.0
1649505600,3209.59,3233.0,3203.65,3229.4,678664.0
1649509200,3229.39,3236.3,3218.09,3221.47,411943.0
1649512800,3221.46,3229.99,3208.81,3228.42,531534.0
1649516400,3228.42,3230.0,3201.01,3209.01,532169.0
1649520000,3209.01,3227.0,3202.3,3219.98,440572.0
1649523600,3219.98,3255.0,3216.02,3240.86,531750.0
1649527200,3240.85,3245.06,3229.04,3232.59,166200.0
1649530800,3232.6,3239.24,3228.68,3233.55,150352.0
1649534400,3233.55,3252.14,3223.0,3223.74,303216.0
1649538000,3223.74,3252.0,3221.87,3237.32,216269.0
1649541600,3237.46,3250.98,3237.46,3247.22,228530.0
1649545200,3247.12,3268.91,3242.0,3257.75,586162.0
1649548800,3257.75,3261.0,3245.47,3248.82,450049.0
1649552400,3248.81,3264.93,3245.6,3255.42,243605.0
1649556000,3255.42,3259.97,3250.27,3259.74,187148.0
1649559600,3259.73,3267.38,3255.0,3256.8,233933.0
1649563200,3256.79,3261.64,3251.43,3251.98,161377.0
1649566800,3251.98,3257.28,3241.64,3244.49,288724.0
1649570400,3244.49,3255.6,3238.27,3250.45,324351.0
1649574000,3250.45,3251.66,3233.0,3242.99,344602.0
1649577600,3242.98,3252.67,3238.79,3243.46,310356.0
1649581200,3243.46,3244.26,3233.69,3240.77,223452.0
1649584800,3240.78,3245.73,3233.9,3245.18,237050.0
1649588400,3245.18,3256.31,3241.6,3251.18,265367.0
1649592000,3251.18,3260.95,3237.23,3244.01,500930.0
1649595600,3244.01,3247.48,3232.6,3239.66,294888.0
1649599200,3239.4,3255.0,3237.29,3249.77,301131.0
1649602800,3249.77,3259.55,3246.05,3254.52,287105.0
1649606400,3254.52,3277.84,3250.01,3276.05,599995.0
1649610000,3276.06,3307.86,3276.05,3295.46,1093703.0
1649613600,3295.46,3303.55,3286.58,3287.61,286279.0
1649617200,3287.62,3298.57,3284.17,3290.8,176370.0
1649620800,3290.83,3296.65,3284.11,3288.4,176913.0
1649624400,3288.39,3292.29,3267.16,3268.95,256428.0
1649628000,3268.95,3277.24,3206.99,3221.81,1794595.0
1649631600,3221.75,3230.47,3187.49,3201.81,1037676.0
1649635200,3201.8,3211.21,3171.06,3203.3,1310554.0
1649638800,3203.31,3213.15,3185.6,3187.02,506196.0
1649642400,3187.03,3197.41,3153.55,3164.22,1339059.0
1649646000,3164.21,3177.0,3153.18,3175.75,1020756.0
1649649600,3175.75,3188.0,3166.28,3179.36,522184.0
1649653200,3179.36,3189.0,3174.72,3185.99,345310.0
1649656800,3186.0,3186.54,3171.85,3178.59,291551.0
1649660400,3178.76,3191.67,3167.48,3179.51,461152.0
1649664000,3179.51,3181.88,3147.56,3161.49,916461.0
1649667600,3161.48,3163.39,3068.65,3079.85,2446451.0
1649671200,3079.85,3091.0,3050.0,3077.77,2532404.0
1649674800,3077.64,3079.99,3026.8,3050.11,1794891.0
1649678400,3050.12,3064.72,3032.07,3053.36,875978.0
1649682000,3053.33,3058.64,3012.4,3048.0,1658305.0
1649685600,3048.0,3058.46,3018.07,3025.0,910698.0
1649689200,3024.99,3039.77,3002.0,3003.37,832714.0
1649692800,3003.36,3027.42,2977.0,3018.83,2403905.0
1649696400,3019.14,3029.54,2991.23,3021.74,1173222.0
1649700000,3021.71,3041.33,3007.33,3036.29,634583.0
1649703600,3036.14,3039.64,2983.04,3004.46,894373.0
1649707200,3004.25,3020.65,2968.0,2992.57,920235.0
1649710800,2992.56,3002.42,2947.0,2963.48,967211.0
1649714400,2963.47,3015.0,2952.02,3000.28,1232829.0
1649718000,3000.06,3006.32,2974.78,2979.87,536694.0
1649721600,2979.87,2996.85,2962.0,2971.65,816536.0
1649725200,2971.65,2989.8,2956.9,2972.4,817857.0
1649728800,2972.39,2978.88,2950.6,2966.69,738666.0
1649732400,2966.69,2986.64,2965.47,2983.44,484911.0
1649736000,2983.44,3003.3,2971.41,3001.52,648650.0
1649739600,3001.51,3020.0,2992.38,3017.61,642519.0
1649743200,3017.61,3027.3,3001.32,3006.88,656082.0
1649746800,3006.88,3026.22,2997.23,3024.49,628683.0
1649750400,3024.49,3033.36,3017.66,3024.48,579154.0
1649754000,3024.49,3027.82,3011.24,3024.55,445001.0
1649757600,3024.55,3027.42,3010.35,3016.25,296210.0
1649761200,3016.0,3041.96,3012.3,3039.39,715120.0
1649764800,3039.38,3079.6,3023.83,3077.01,2577986.0
1649768400,3077.01,3083.89,3046.3,3049.69,2227700.0
1649772000,3049.69,3054.0,3013.52,3026.11,1979062.0
1649775600,3025.91,3056.38,3023.79,3043.79,791591.0
1649779200,3043.81,3063.6,3020.14,3042.29,948405.0
1649782800,3042.09,3049.59,3026.08,3032.97,525723.0
1649786400,3032.01,3037.52,2998.11,3001.59,655867.0
1649790000,3002.01,3006.4,2966.58,2972.55,926636.0
1649793600,2972.55,2995.0,2966.92,2987.46,511855.0
1649797200,2987.66,3013.84,2985.43,3010.22,290759.0
1649800800,3010.22,3023.0,2995.73,3014.42,448916.0
1649804400,3014.63,3037.86,3012.26,3028.46,625747.0
1649808000,3028.46,3044.0,3022.39,3026.44,433371.0
1649811600,3026.03,3029.92,3005.38,3029.91,519858.0
1649815200,3029.91,3053.84,3017.95,3045.12,555947.0
1649818800,3045.12,3067.79,3041.18,3048.96,593006.0
1649822400,3048.96,3060.0,3041.24,3059.83,293816.0
1649826000,3059.35,3069.63,3051.0,3063.62,335041.0
1649829600,3063.62,3067.0,3039.99,3048.6,345986.0
1649833200,3048.59,3060.71,3044.0,3050.67,590598.0
1649836800,3050.67,3059.35,3047.2,3054.66,342592.0
1649840400,3054.67,3059.3,3043.65,3050.66,405470.0
1649844000,3050.66,3056.54,3027.61,3033.23,620195.0
1649847600,3033.23,3046.56,3011.2,3014.86,564952.0
1649851200,3014.88,3030.66,3005.99,3008.4,941499.0
1649854800,3008.4,3088.0,2998.35,3079.11,2014193.0
1649858400,3079.31,3099.0,3061.62,3072.47,1760503.0
1649862000,3072.48,3118.0,3072.28,3093.51,1407738.0
1649865600,3093.51,3112.87,3081.0,3086.3,866671.0
1649869200,3086.29,3086.29,3068.3,3080.78,637661.0
1649872800,3080.77,3107.86,3073.14,3105.41,457589.0
1649876400,3105.4,3114.0,3082.24,3085.72,408618.0
1649880000,3085.79,3114.01,3082.06,3105.02,267273.0
1649883600,3104.97,3111.29,3090.0,3104.76,132371.0
1649887200,3104.76,3138.68,3099.32,3122.3,495781.0
1649890800,3122.3,3128.36,3110.0,3116.7,363143.0
1649894400,3116.7,3125.0,3108.47,3118.44,375984.0
1649898000,3118.45,3145.5,3114.35,3138.4,485294.0
1649901600,3138.41,3142.57,3123.0,3125.48,450399.0
1649905200,3125.49,3126.95,3112.99,3118.01,472934.0
1649908800,3118.01,3123.51,3107.07,3112.41,356666.0
1649912400,3112.42,3115.3,3103.42,3110.53,337026.0
1649916000,3110.53,3113.7,3098.46,3108.01,448286.0
1649919600,3108.01,3120.84,3102.0,3113.5,425498.0
1649923200,3113.62,3122.0,3104.73,3106.21,456553.0
1649926800,3106.2,3106.5,3081.36,3099.54,644015.0
1649930400,3099.54,3103.8,3076.0,3079.31,556772.0
1649934000,3079.31,3090.11,3068.0,3073.0,758836.0
1649937600,3073.0,3090.93,3070.12,3086.21,697705.0
1649941200,3086.22,3098.8,3042.0,3046.5,1766727.0
1649944800,3046.51,3058.81,3032.12,3043.03,1544050.0
1649948400,3042.91,3049.3,3012.42,3016.48,1074780.0
1649952000,3016.47,3025.28,3001.22,3016.79,1111891.0
1649955600,3016.8,3023.74,3007.14,3022.18,425371.0
1649959200,3022.17,3026.0,2980.56,2982.33,646910.0
1649962800,2982.34,3001.55,2973.8,2994.97,537336.0
1649966400,2994.6,3014.0,2982.53,3012.71,447762.0
1649970000,3012.71,3020.63,3009.11,3018.18,166453.0
1649973600,3018.33,3027.0,3010.45,3013.97,237315.0
1649977200,3013.97,3024.52,3012.66,3021.26,144267.0
1649980800,3021.27,3037.4,3012.44,3014.99,495120.0
1649984400,3015.0,3027.62,3013.15,3022.63,168054.0
1649988000,3022.63,3030.17,3016.88,3023.92,244004.0
1649991600,3023.92,3042.96,3021.94,3041.0,426922.0
1649995200,3041.0,3047.58,3029.0,3032.67,373940.0
1649998800,3032.67,3042.99,3028.45,3037.89,242080.0
1650002400,3037.89,3042.44,3018.65,3023.39,372443.0
1650006000,3023.38,3046.0,3011.16,3034.6,869318.0
1650009600,3034.61,3039.86,3017.16,3025.15,613408.0
1650013200,3025.15,3035.0,3017.51,3024.0,289664.0
1650016800,3024.31,3040.0,3022.84,3031.0,317422.0
1650020400,3031.0,3037.0,3018.39,3027.9,321395.0
1650024000,3027.91,3032.09,3018.08,3021.92,316164.0
1650027600,3021.92,3031.02,3002.52,3006.7,729275.0
1650031200,3006.49,3068.0,2991.35,3037.36,1708090.0
1650034800,3037.36,3044.0,3026.0,3029.5,556079.0
1650038400,3029.5,3029.81,3008.56,3022.2,571875.0
1650042000,3022.6,3042.0,3020.43,3031.15,390238.0
1650045600,3031.16,3034.24,3024.89,3029.62,122624.0
1650049200,3029.63,3030.56,3018.55,3022.67,178008.0
1650052800,3022.67,3031.54,3018.78,3031.46,123707.0
1650056400,3031.47,3035.0,3027.8,3034.84,78009.0
1650060000,3034.84,3038.53,3025.74,3032.73,119943.0
1650063600,3032.73,3044.82,3030.21,3039.31,182960.0
1650067200,3039.32,3044.0,3033.62,3041.4,186100.0
1650070800,3041.4,3050.0,3038.0,3039.76,279642.0
1650074400,3039.75,3045.0,3035.12,3040.2,171049.0
1650078000,3040.19,3042.37,3035.21,3037.43,179893.0
1650081600,3037.43,3047.53,3036.22,3043.42,219493.0
1650085200,3043.43,3045.5,3037.24,3041.79,187377.0
1650088800,3041.79,3041.79,3035.0,3037.25,134147.0
1650092400,3037.34,3040.25,3032.24,3033.9,146711.0
1650096000,3033.89,3041.96,3027.52,3035.67,235862.0
1650099600,3035.67,3039.34,3031.39,3033.68,160551.0
1650103200,3033.68,3044.0,3032.92,3039.69,216680.0
1650106800,3039.69,3047.0,3038.0,3039.86,209917.0
1650110400,3039.85,3046.01,3033.0,3043.0,545605.0
1650114000,3043.0,3044.28,3035.21,3041.41,235688.0
1650117600,3041.63,3047.43,3034.41,3046.55,240656.0
1650121200,3046.55,3065.0,3010.66,3018.06,1803377.0
1650124800,3018.0,3026.93,3014.0,3025.23,253847.0
1650128400,3025.23,3028.1,3017.86,3020.0,125094.0
1650132000,3020.04,3025.81,3017.33,3024.85,115557.0
1650135600,3024.85,3028.4,3023.0,3024.75,70657.0
1650139200,3024.74,3046.24,3022.44,3032.86,162869.0
1650142800,3032.86,3055.55,3032.45,3050.2,215600.0
1650146400,3050.21,3088.0,3050.21,3061.47,839608.0
1650150000,3061.19,3071.13,3058.1,3059.46,264760.0
1650153600,3059.46,3064.58,3054.0,3056.16,197683.0
1650157200,3056.16,3061.73,3053.48,3057.33,157004.0
1650160800,3057.33,3057.64,3026.57,3032.01,478791.0
1650164400,3032.0,3037.82,3021.0,3028.8,347311.0
1650168000,3028.8,3039.52,3028.0,3036.65,155338.0
1650171600,3036.65,3046.0,3033.34,3041.46,185820.0
1650175200,3041.46,3044.0,3037.81,3041.68,125979.0
1650178800,3041.69,3044.0,3031.97,3037.99,185232.0
1650182400,3037.72,3046.0,3037.01,3040.66,202439.0
1650186000,3040.65,3050.0,3040.65,3043.0,247418.0
1650189600,3043.0,3045.0,3037.28,3042.11,100275.0
1650193200,3042.17,3047.95,3038.76,3046.89,114500.0
1650196800,3046.89,3055.58,3042.2,3047.71,363554.0
1650200400,3047.7,3083.0,3045.38,3060.83,1647367.0
1650204000,3060.83,3073.73,3052.25,3062.15,665008.0
1650207600,3062.15,3081.0,3057.17,3072.0,625468.0
1650211200,3072.01,3077.82,3055.37,3058.24,539829.0
1650214800,3058.55,3062.0,3041.38,3049.99,456538.0
1650218400,3050.0,3052.0,3023.0,3031.72,699196.0
1650222000,3031.73,3064.0,3028.18,3052.01,434908.0
1650225600,3052.02,3057.54,3043.59,3045.45,173670.0
1650229200,3045.45,3057.98,3036.71,3053.98,153537.0
1650232800,3053.97,3078.0,3040.6,3045.0,768075.0
1650236400,3045.23,3045.24,2981.84,2987.32,1548632.0
1650240000,2987.32,2995.55,2974.54,2989.99,793693.0
1650243600,2989.91,2998.0,2984.5,2989.26,278414.0
1650247200,2989.25,2996.6,2986.36,2993.98,195932.0
1650250800,2993.99,3002.6,2987.2,2994.22,242903.0
1650254400,2994.23,2994.73,2896.32,2913.24,2743011.0
1650258000,2913.08,2924.91,2898.57,2915.18,790117.0
1650261600,2915.17,2924.13,2912.46,2915.18,275456.0
1650265200,2915.18,2918.88,2877.0,2892.0,1010402.0
1650268800,2891.99,2909.0,2889.05,2892.97,443464.0
1650272400,2892.97,2908.5,2888.1,2908.34,336748.0
1650276000,2908.33,2922.0,2904.88,2908.01,508437.0
1650279600,2908.01,2921.89,2908.01,2911.42,308954.0
1650283200,2911.42,2949.0,2910.52,2940.3,1020497.0
1650286800,2940.21,2958.0,2915.0,2922.99,1234239.0
1650290400,2922.99,2943.42,2919.57,2928.0,915551.0
1650294000,2928.0,2929.78,2904.01,2913.8,512012.0
1650297600,2913.81,2940.0,2893.35,2926.89,878043.0
1650301200,2926.88,2999.0,2923.55,2983.98,1826909.0
1650304800,2983.81,3034.56,2979.67,3014.74,1461875.0
1650308400,3014.65,3019.0,2989.01,3006.02,483901.0
1650312000,3006.43,3023.59,3005.1,3006.07,314743.0
1650315600,3006.06,3052.0,3006.06,3042.79,472661.0
1650319200,3042.79,3068.98,3031.94,3065.6,472440.0
1650322800,3065.59,3070.0,3049.99,3055.07,414883.0
1650326400,3055.33,3098.0,3055.05,3059.98,1063043.0
1650330000,3059.99,3066.9,3052.01,3053.01,303807.0
1650333600,3053.01,3057.0,3038.4,3041.05,413253.0
1650337200,3041.04,3050.0,3035.47,3037.92,351818.0
1650340800,3037.92,3052.35,3035.24,3045.54,472050.0
1650344400,3045.54,3046.76,3035.6,3037.13,213278.0
1650348000,3037.12,3050.98,3036.39,3044.62,293637.0
1650351600,3044.61,3050.89,3028.15,3038.46,480461.0
1650355200,3038.46,3048.31,3036.54,3040.46,283961.0
1650358800,3040.7,3047.33,3032.12,3038.48,401292.0
1650362400,3038.46,3054.83,3037.01,3052.89,358839.0
1650366000,3052.89,3063.0,3038.0,3041.49,497127.0
1650369600,3041.05,3069.75,3039.49,3060.61,648081.0
1650373200,3060.79,3093.02,3045.0,3092.96,1305286.0
1650376800,3092.96,3126.0,3091.9,3113.09,1623116.0
1650380400,3113.1,3132.0,3107.61,3111.3,724542.0
1650384000,3111.04,3125.88,3093.13,3102.05,773533.0
1650387600,3102.05,3103.89,3082.0,3093.36,480659.0
1650391200,3093.35,3103.54,3088.0,3100.07,230390.0
1650394800,3099.89,3121.69,3097.8,3111.27,394996.0
1650398400,3110.87,3111.03,3086.04,3095.19,294418.0
1650402000,3095.18,3108.61,3086.0,3099.74,169468.0
1650405600,3099.83,3112.38,3092.66,3098.74,239331.0
1650409200,3098.74,3108.88,3098.09,3102.34,136420.0
1650412800,3102.34,3108.19,3065.67,3076.15,703671.0
1650416400,3076.15,3092.82,3068.29,3086.12,307332.0
1650420000,3086.12,3090.92,3081.5,3086.54,250378.0
1650423600,3086.54,3091.29,3075.47,3090.32,241778.0
1650427200,3090.31,3091.66,3077.59,3085.3,312841.0
1650430800,3085.3,3098.88,3080.72,3098.34,347412.0
1650434400,3098.34,3107.83,3092.68,3099.0,405889.0
1650438000,3099.0,3114.6,3083.99,3088.5,659890.0
1650441600,3088.49,3103.6,3086.08,3100.76,288698.0
1650445200,3100.75,3116.0,3094.89,3105.72,565985.0
1650448800,3105.73,3138.63,3097.0,3126.6,1080625.0
1650452400,3126.6,3178.0,3114.66,3154.07,1770768.0
1650456000,3154.06,3163.85,3138.6,3156.0,805652.0
1650459600,3156.01,3156.55,3088.0,3104.77,1746203.0
1650463200,3104.76,3113.99,3092.51,3100.51,810563.0
1650466800,3100.62,3101.4,3049.71,3069.21,1689739.0
1650470400,3069.2,3082.88,3053.63,3081.04,685875.0
1650474000,3081.05,3089.0,3070.43,3080.89,366079.0
1650477600,3080.89,3080.89,3036.0,3049.37,762262.0
1650481200,3049.36,3078.52,3045.84,3068.92,494508.0
1650484800,3068.99,3084.79,3057.87,3083.78,376317.0
1650488400,3083.79,3087.22,3075.71,3083.29,133643.0
1650492000,3083.49,3096.0,3077.66,3084.37,209879.0
1650495600,3084.29,3085.54,3067.66,3075.42,195880.0
1650499200,3074.99,3088.75,3069.91,3084.44,297241.0
1650502800,3084.43,3103.2,3079.26,3099.4,442533.0
1650506400,3099.39,3105.04,3087.42,3090.92,307248.0
1650510000,3090.92,3097.59,3082.0,3096.32,245773.0
1650513600,3096.31,3104.0,3073.1,3083.13,438022.0
1650517200,3083.01,3095.0,3070.21,3072.48,390666.0
1650520800,3072.48,3081.82,3066.0,3077.03,413988.0
1650524400,3077.03,3104.94,3073.64,3100.43,536884.0
1650528000,3100.57,3111.71,3094.11,3100.71,629607.0
1650531600,3100.71,3104.38,3080.56,3088.98,330835.0
1650535200,3088.18,3140.0,3086.31,3127.95,1231005.0
1650538800,3127.94,3159.99,3125.51,3150.06,1096046.0
1650542400,3150.07,3188.0,3139.44,3161.79,1302293.0
1650546000,3161.79,3178.43,3152.09,3155.08,959525.0
1650549600,3155.08,3156.73,3142.88,3149.07,678054.0
1650553200,3148.98,3153.93,3103.0,3105.63,1290876.0
1650556800,3105.64,3107.61,3077.48,3079.46,1143525.0
1650560400,3079.47,3090.0,3060.0,3065.64,1056216.0
1650564000,3065.64,3072.37,3055.0,3058.58,613199.0
1650567600,3058.33,3069.0,3016.72,3026.23,996130.0
1650571200,3026.22,3033.6,2991.97,2999.73,1169483.0
1650574800,2999.72,3016.32,2997.47,3001.34,370741.0
1650578400,3001.33,3012.39,2932.25,2983.1,1701103.0
1650582000,2982.86,2990.0,2971.41,2982.6,432910.0
1650585600,2982.59,3002.21,2967.36,2986.15,755106.0
1650589200,2986.15,3000.66,2979.99,2996.09,434439.0
1650592800,2996.1,3006.49,2991.26,2997.98,401429.0
1650596400,2997.98,3009.88,2992.3,2995.02,378344.0
1650600000,2995.02,3015.78,2989.26,3014.55,367791.0
1650603600,3014.55,3019.97,3008.29,3011.24,387196.0
1650607200,3011.25,3019.9,3008.0,3010.84,286085.0
1650610800,3011.0,3037.0,2984.0,3019.66,1233563.0
1650614400,3019.67,3029.36,2994.06,3000.61,759708.0
1650618000,3000.61,3005.95,2976.24,2986.11,579187.0
1650621600,2986.11,3012.43,2977.0,3005.49,622192.0
1650625200,3005.49,3018.0,2999.04,3014.22,465867.0
1650628800,3014.23,3020.0,2997.03,3001.5,427543.0
1650632400,3001.49,3017.35,2978.0,2989.25,1665683.0
1650636000,2989.94,3005.81,2961.56,2973.61,1457783.0
1650639600,2973.61,2988.0,2943.29,2950.94,1328461.0
1650643200,2950.94,2965.99,2933.0,2947.91,1127337.0
1650646800,2947.91,2964.1,2942.8,2950.01,445562.0
1650650400,2950.01,2975.0,2943.0,2969.89,581054.0
1650654000,2969.89,2982.72,2953.3,2957.25,475814.0
1650657600,2957.11,2972.14,2954.66,2971.67,187628.0
1650661200,2971.79,2972.37,2960.18,2964.46,128639.0
1650664800,2964.36,2965.06,2935.5,2958.06,355219.0
1650668400,2958.07,2970.59,2952.46,2962.01,251179.0
1650672000,2962.01,2975.82,2955.0,2955.82,344856.0
1650675600,2955.82,2970.0,2954.67,2962.85,181051.0
1650679200,2962.84,2964.8,2953.0,2959.2,188572.0
1650682800,2959.2,2961.0,2942.87,2946.58,352652.0
1650686400,2946.58,2956.47,2911.72,2947.8,1149333.0
1650690000,2947.81,2959.0,2943.84,2954.51,331631.0
1650693600,2954.51,2964.78,2949.98,2952.0,259297.0
1650697200,2952.0,2959.63,2952.0,2958.82,119479.0
1650700800,2958.82,2969.82,2953.8,2963.47,304743.0
1650704400,2963.75,2965.74,2953.0,2955.33,268403.0
1650708000,2955.33,2960.49,2952.37,2956.9,161691.0
1650711600,2956.91,2965.0,2955.63,2958.18,172445.0
1650715200,2958.5,2970.93,2945.32,2960.93,569993.0
1650718800,2960.93,2968.69,2957.0,2962.65,227681.0
1650722400,2962.65,2966.08,2955.25,2962.49,197481.0
1650726000,2962.49,2968.86,2958.67,2965.73,232116.0
1650729600,2965.73,2978.0,2959.0,2963.06,467347.0
1650733200,2963.06,2963.45,2953.92,2959.9,243428.0
1650736800,2959.9,2960.08,2947.05,2948.05,153254.0
1650740400,2948.06,2955.84,2946.79,2953.45,113683.0
1650744000,2953.45,2964.58,2952.23,2962.59,172491.0
1650747600,2962.59,2969.87,2960.56,2966.71,83956.0
1650751200,2966.58,2967.81,2953.38,2955.55,114311.0
1650754800,2955.55,2955.55,2920.35,2932.35,622623.0
1650758400,2932.35,2945.44,2930.21,2935.66,333709.0
1650762000,2935.38,2943.43,2928.0,2928.07,258085.0
1650765600,2928.07,2939.82,2922.11,2932.69,276614.0
1650769200,2932.68,2959.86,2930.53,2955.43,639367.0
1650772800,2955.43,2959.0,2948.39,2951.9,187205.0
1650776400,2951.91,2953.39,2945.0,2945.01,137004.0
1650780000,2945.01,2958.91,2943.25,2952.23,191471.0
1650783600,2952.23,2957.31,2946.0,2949.61,142378.0
1650787200,2949.61,2953.44,2945.0,2946.1,123449.0
1650790800,2946.1,2954.57,2940.18,2948.76,189341.0
1650794400,2948.76,2955.0,2942.46,2947.03,233416.0
1650798000,2947.03,2950.58,2935.0,2939.2,280957.0
1650801600,2939.2,2946.0,2931.2,2935.58,277973.0
1650805200,2935.59,2945.98,2924.01,2939.51,619594.0
1650808800,2939.88,2957.52,2912.0,2947.82,1262151.0
1650812400,2947.81,2955.0,2936.0,2944.51,330484.0
1650816000,2944.52,2953.0,2916.0,2941.0,984175.0
1650819600,2941.0,2944.53,2918.3,2923.19,567467.0
1650823200,2923.18,2954.25,2922.05,2951.3,375282.0
1650826800,2951.29,2968.0,2951.29,2959.8,441134.0
1650830400,2959.81,2962.5,2937.45,2940.56,245471.0
1650834000,2940.56,2945.91,2936.74,2944.86,106920.0
1650837600,2944.4,2952.3,2925.39,2928.91,448675.0
1650841200,2928.91,2932.23,2918.02,2921.12,407368.0
1650844800,2921.11,2925.0,2850.0,2856.68,2301381.0
1650848400,2856.69,2868.13,2841.0,2863.87,927474.0
1650852000,2863.88,2869.0,2852.0,2859.86,450175.0
1650855600,2859.69,2878.33,2859.0,2873.95,527947.0
1650859200,2873.96,2874.77,2863.46,2864.23,355873.0
1650862800,2864.23,2872.02,2845.0,2850.15,477969.0
1650866400,2850.27,2855.7,2816.7,2821.61,1360955.0
1650870000,2821.61,2824.99,2793.84,2811.85,1611050.0
1650873600,2811.84,2817.61,2806.0,2809.34,460229.0
1650877200,2809.35,2834.26,2796.85,2827.63,1021277.0
1650880800,2827.45,2830.0,2819.45,2823.89,391984.0
1650884400,2823.89,2864.0,2818.41,2861.67,1310711.0
1650888000,2861.67,2871.44,2853.57,2858.35,777055.0
1650891600,2858.34,2897.0,2840.62,2857.0,1732237.0
1650895200,2857.01,2893.66,2844.0,2869.68,1709494.0
1650898800,2869.96,2889.55,2862.33,2868.57,783180.0
1650902400,2868.57,2936.0,2864.62,2922.99,1731525.0
1650906000,2923.0,2942.37,2919.01,2927.42,677330.0
1650909600,2927.42,2981.58,2921.0,2960.34,1112303.0
1650913200,2960.33,3016.86,2953.59,3013.55,1644420.0
1650916800,3013.55,3026.78,2990.04,3000.59,576940.0
1650920400,3000.4,3010.0,2996.21,3008.45,177702.0
1650924000,3008.45,3030.0,3004.01,3010.16,420703.0
1650927600,3010.16,3021.45,3005.0,3008.05,297708.0
1650931200,3008.08,3043.17,3007.0,3010.5,628964.0
1650934800,3010.5,3015.9,3003.28,3003.99,366696.0
1650938400,3003.99,3007.47,2986.12,2998.84,490837.0
1650942000,2998.84,3005.0,2996.24,3000.87,239502.0
1650945600,3000.88,3012.0,2996.58,3006.41,282491.0
1650949200,3006.41,3013.87,3001.47,3004.99,240248.0
1650952800,3004.99,3006.72,2992.0,2995.78,421693.0
1650956400,2995.87,3010.0,2974.41,3003.0,637783.0
1650960000,3003.0,3022.5,2993.0,2999.62,521137.0
1650963600,3000.0,3001.49,2990.0,2995.57,316330.0
1650967200,2995.26,3001.82,2991.32,2994.24,241093.0
1650970800,2994.23,3010.0,2984.7,3001.86,517252.0
1650974400,3002.21,3011.99,2974.5,2978.87,759709.0
1650978000,2978.88,2985.5,2939.16,2942.69,1817040.0
1650981600,2942.7,2945.0,2892.3,2896.68,2236687.0
1650985200,2896.67,2910.0,2850.0,2860.03,2252567.0
1650988800,2860.03,2886.61,2836.0,2881.69,1778376.0
1650992400,2881.69,2882.24,2840.12,2861.11,1077053.0
1650996000,2861.1,2868.43,2845.52,2856.67,599575.0
1650999600,2856.51,2862.64,2808.8,2838.9,1271204.0
1651003200,2838.72,2857.0,2800.0,2829.46,988032.0
1651006800,2829.57,2850.0,2820.52,2840.0,275151.0
1651010400,2840.01,2845.97,2818.9,2821.14,244310.0
1651014000,2821.14,2824.39,2762.2,2809.35,1195020.0
1651017600,2809.37,2825.0,2793.12,2815.37,579231.0
1651021200,2815.36,2838.41,2813.47,2836.61,451751.0
1651024800,2836.61,2841.5,2829.18,2837.28,237711.0
1651028400,2837.19,2843.99,2828.3,2835.76,239563.0
1651032000,2835.77,2848.64,2831.75,2842.62,258344.0
1651035600,2842.63,2858.66,2841.0,2844.7,347286.0
1651039200,2844.71,2874.58,2842.13,2869.2,567036.0
1651042800,2869.19,2899.0,2866.0,2892.55,858047.0
1651046400,2892.55,2916.0,2866.71,2885.67,1728720.0
1651050000,2885.75,2907.5,2874.64,2900.33,1138971.0
1651053600,2900.33,2904.99,2889.0,2897.56,394453.0
1651057200,2897.8,2898.42,2860.0,2885.0,1069751.0
1651060800,2885.47,2897.36,2864.19,2867.55,667637.0
1651064400,2867.55,2921.0,2856.36,2905.57,1639482.0
1651068000,2905.57,2910.47,2821.0,2843.23,2739343.0
1651071600,2843.23,2878.0,2835.41,2866.46,1238498.0
1651075200,2866.39,2895.71,2856.0,2881.33,1031196.0
1651078800,2881.33,2888.58,2857.68,2873.36,784599.0
1651082400,2872.94,2877.62,2845.0,2848.22,351979.0
1651086000,2848.22,2861.13,2838.08,2852.25,361476.0
1651089600,2851.84,2883.41,2850.31,2864.78,481857.0
1651093200,2865.05,2899.42,2862.72,2887.34,253729.0
1651096800,2887.33,2892.13,2873.2,2874.63,257018.0
1651100400,2874.63,2896.48,2873.3,2889.03,278004.0
1651104000,2889.03,2899.98,2880.64,2894.54,297466.0
1651107600,2894.54,2916.0,2868.2,2877.2,898205.0
1651111200,2876.94,2900.37,2871.9,2895.72,435694.0
1651114800,2895.72,2899.42,2881.22,2883.44,360612.0
1651118400,2883.44,2893.44,2879.12,2891.85,242197.0
1651122000,2891.71,2894.6,2873.0,2882.31,416653.0
1651125600,2882.31,2891.48,2877.53,2885.42,242687.0
1651129200,2885.42,2941.36,2878.47,2900.07,1220942.0
1651132800,2900.07,2944.99,2897.91,2930.38,1445832.0
1651136400,2930.37,2949.09,2928.37,2940.94,561690.0
1651140000,2940.94,2942.51,2923.59,2930.59,431950.0
1651143600,2930.57,2939.6,2925.0,2929.16,334686.0
1651147200,2929.16,2935.95,2908.3,2915.91,797521.0
1651150800,2915.92,2918.22,2868.0,2871.74,1856457.0
1651154400,2871.75,2888.67,2855.48,2879.85,1371375.0
1651158000,2879.86,2948.9,2866.0,2890.89,2884991.0
1651161600,2890.75,2940.0,2875.82,2935.53,1311961.0
1651165200,2935.53,2972.44,2927.2,2971.26,1076248.0
1651168800,2971.31,2981.56,2959.3,2963.65,645176.0
1651172400,2963.65,2978.43,2942.82,2948.17,474714.0
1651176000,2948.17,2970.28,2928.79,2947.97,818700.0
1651179600,2947.9,2956.34,2918.0,2935.98,317030.0
1651183200,2936.0,2938.35,2910.16,2928.5,316463.0
1651186800,2928.51,2940.76,2921.7,2936.04,237000.0
1651190400,2936.05,2946.7,2926.2,2943.84,302925.0
1651194000,2943.85,2944.78,2928.1,2931.64,298600.0
1651197600,2931.64,2936.0,2905.0,2910.89,514401.0
1651201200,2910.9,2927.32,2903.0,2926.13,531421.0
1651204800,2926.13,2926.8,2909.0,2920.44,321558.0
1651208400,2920.42,2936.78,2920.0,2922.42,402820.0
1651212000,2922.42,2929.61,2909.0,2921.0,355517.0
1651215600,2921.0,2930.57,2915.5,2925.71,262118.0
1651219200,2925.62,2928.0,2905.16,2907.47,417804.0
1651222800,2907.47,2907.47,2875.17,2880.51,1104809.0
1651226400,2880.51,2889.87,2852.0,2863.25,978242.0
1651230000,2863.24,2869.56,2833.48,2842.82,1221611.0
1651233600,2842.83,2875.45,2830.61,2859.0,1022078.0
1651237200,2859.0,2886.0,2840.0,2878.97,1417666.0
1651240800,2878.66,2883.0,2843.0,2858.95,1301968.0
1651244400,2858.95,2867.8,2845.92,2856.66,675380.0
1651248000,2856.67,2857.48,2806.58,2815.25,1315599.0
1651251600,2815.26,2835.5,2802.74,2822.96,869185.0
1651255200,2822.96,2829.0,2797.0,2816.67,784966.0
1651258800,2816.24,2820.4,2775.6,2793.36,1072407.0
1651262400,2793.37,2814.55,2788.86,2806.83,411853.0
1651266000,2806.83,2817.53,2801.0,2807.56,171124.0
1651269600,2807.6,2822.68,2794.53,2818.45,223374.0
1651273200,2818.44,2822.78,2807.88,2816.93,211190.0
1651276800,2816.93,2828.88,2812.09,2826.35,268501.0
1651280400,2826.36,2833.75,2820.64,2825.14,280163.0
1651284000,2825.7,2838.27,2823.37,2825.76,436174.0
1651287600,2825.76,2826.58,2811.43,2819.24,409587.0
1651291200,2819.5,2825.0,2809.59,2822.19,189390.0
1651294800,2822.2,2843.0,2818.87,2836.2,388711.0
1651298400,2836.2,2839.82,2826.0,2831.97,266599.0
1651302000,2831.98,2833.7,2822.8,2829.8,196184.0
1651305600,2829.81,2832.9,2820.2,2822.66,299392.0
1651309200,2822.5,2833.5,2816.01,2832.62,266203.0
1651312800,2832.62,2839.69,2828.07,2829.19,292576.0
1651316400,2829.17,2834.6,2827.44,2829.21,189104.0
1651320000,2829.21,2835.0,2821.0,2823.99,292755.0
1651323600,2823.98,2830.4,2812.92,2820.88,377764.0
1651327200,2820.88,2824.57,2776.87,2781.3,1108878.0
1651330800,2781.3,2823.9,2768.0,2815.51,1249370.0
1651334400,2815.5,2822.0,2798.18,2801.21,424065.0
1651338000,2801.21,2805.79,2780.0,2786.02,686929.0
1651341600,2786.01,2795.0,2773.03,2794.4,364339.0
1651345200,2794.39,2813.05,2788.49,2807.32,273941.0
1651348800,2807.32,2808.76,2786.0,2790.36,214471.0
1651352400,2790.36,2799.49,2786.0,2794.82,104011.0
1651356000,2794.82,2797.53,2779.54,2781.96,382051.0
1651359600,2781.97,2786.27,2713.0,2727.35,2069056.0
1651363200,2727.35,2746.0,2715.72,2736.41,750764.0
1651366800,2736.41,2777.0,2722.67,2769.15,843346.0
1651370400,2769.15,2780.0,2753.29,2758.44,499964.0
1651374000,2758.44,2776.47,2758.02,2775.35,341641.0
1651377600,2775.65,2779.0,2764.97,2771.52,264069.0
1651381200,2771.53,2796.0,2768.22,2781.37,599462.0
1651384800,2781.36,2790.0,2770.2,2775.31,268066.0
1651388400,2775.31,2778.38,2765.0,2766.61,252174.0
1651392000,2766.6,2782.99,2765.28,2778.61,217215.0
1651395600,2778.51,2781.0,2757.7,2769.02,335624.0
1651399200,2769.03,2776.29,2760.62,2766.72,245823.0
1651402800,2766.71,2769.87,2750.38,2757.27,341687.0
1651406400,2757.07,2769.95,2752.07,2763.99,364998.0
1651410000,2764.0,2771.59,2757.02,2758.26,265822.0
1651413600,2758.26,2767.45,2754.8,2760.4,218507.0
1651417200,2760.4,2820.0,2760.4,2806.36,1237600.0
1651420800,2806.42,2829.43,2801.0,2811.6,822674.0
1651424400,2811.61,2820.0,2804.0,2807.42,386404.0
1651428000,2807.42,2808.58,2770.0,2773.0,551404.0
1651431600,2773.01,2777.78,2753.4,2765.0,558455.0
1651435200,2765.01,2818.68,2757.77,2814.03,454963.0
1651438800,2814.03,2820.0,2792.43,2808.45,428287.0
1651442400,2808.46,2825.0,2791.0,2806.7,522623.0
1651446000,2806.7,2848.85,2802.01,2824.61,780188.0
1651449600,2824.55,2850.0,2823.0,2840.96,641251.0
1651453200,2840.77,2847.84,2831.89,2834.34,395991.0
1651456800,2834.34,2841.98,2828.6,2839.18,251851.0
1651460400,2839.19,2847.0,2835.0,2840.32,313955.0
1651464000,2840.32,2868.0,2831.61,2855.86,578388.0
1651467600,2855.86,2866.0,2849.0,2860.06,390954.0
1651471200,2860.07,2873.55,2855.26,2857.08,434560.0
1651474800,2857.26,2864.85,2841.0,2845.63,367006.0
1651478400,2845.63,2855.82,2833.0,2839.5,624772.0
1651482000,2839.25,2849.46,2806.85,2810.83,711460.0
1651485600,2810.82,2820.68,2802.0,2807.0,769112.0
1651489200,2807.01,2810.39,2788.23,2796.58,676319.0
1651492800,2796.57,2813.67,2790.32,2796.9,672545.0
1651496400,2796.86,2846.2,2776.55,2829.48,2585533.0
1651500000,2829.48,2852.74,2805.2,2827.66,1727177.0
1651503600,2827.66,2836.0,2814.21,2828.43,641069.0
1651507200,2828.43,2837.01,2804.65,2808.92,582063.0
1651510800,2808.93,2813.0,2783.69,2797.67,737759.0
1651514400,2797.35,2811.15,2777.0,2800.75,674271.0
1651518000,2801.0,2851.0,2795.53,2841.24,893152.0
1651521600,2841.23,2847.38,2825.82,2827.21,285494.0
1651525200,2827.21,2869.55,2823.8,2865.95,315774.0
1651528800,2865.95,2883.37,2860.53,2861.49,392429.0
1651532400,2861.49,2873.86,2850.01,2855.77,308825.0
1651536000,2855.79,2861.96,2836.3,2838.07,337271.0
1651539600,2838.07,2846.0,2831.1,2845.2,331422.0
1651543200,2845.2,2854.35,2828.54,2839.81,423910.0
1651546800,2840.0,2855.96,2838.78,2850.47,324443.0
1651550400,2850.47,2854.99,2844.0,2849.51,153199.0
1651554000,2849.62,2849.7,2831.59,2844.6,467863.0
1651557600,2844.6,2848.88,2837.09,2840.54,260578.0
1651561200,2840.55,2848.45,2835.65,2845.79,263149.0
1651564800,2845.79,2853.97,2843.47,2845.02,276132.0
1651568400,2845.01,2846.94,2832.6,2834.49,278950.0
1651572000,2834.48,2836.0,2823.96,2830.87,401897.0
1651575600,2830.88,2849.5,2826.0,2848.52,454292.0
1651579200,2848.53,2851.0,2836.32,2838.04,265971.0
1651582800,2838.04,2843.12,2816.0,2834.76,1035526.0
1651586400,2834.77,2848.0,2818.0,2822.77,879137.0
1651590000,2822.77,2835.8,2815.22,2822.87,558360.0
1651593600,2822.87,2828.0,2800.43,2806.99,773706.0
1651597200,2807.0,2828.51,2802.32,2802.32,484121.0
1651600800,2802.33,2802.33,2768.75,2784.75,1227676.0
1651604400,2784.75,2786.47,2760.11,2773.8,553130.0
1651608000,2773.9,2792.73,2755.1,2783.71,455944.0
1651611600,2783.72,2798.0,2768.69,2787.02,404127.0
1651615200,2787.02,2802.0,2780.0,2785.26,314483.0
1651618800,2785.27,2788.99,2775.5,2781.46,215783.0
1651622400,2781.5,2798.02,2771.59,2793.81,322537.0
1651626000,2793.8,2797.96,2786.49,2788.34,201137.0
1651629600,2788.34,2812.03,2788.0,2793.96,447726.0
1651633200,2793.97,2804.41,2793.97,2798.35,190800.0
1651636800,2798.35,2814.48,2793.21,2794.5,335881.0
1651640400,2794.51,2798.04,2789.45,2793.6,232465.0
1651644000,2793.6,2818.47,2793.27,2816.69,612292.0
1651647600,2816.68,2834.0,2809.86,2829.02,769133.0
1651651200,2829.02,2850.0,2826.0,2842.89,1035485.0
1651654800,2842.89,2845.87,2828.79,2832.85,576207.0
1651658400,2832.85,2870.0,2829.91,2863.69,1003232.0
1651662000,2863.69,2890.0,2856.18,2870.79,972973.0
1651665600,2870.79,2883.0,2848.26,2860.26,718487.0
1651669200,2860.26,2869.59,2835.0,2838.08,794788.0
1651672800,2838.08,2848.0,2835.23,2839.19,647121.0
1651676400,2839.19,2854.47,2826.46,2843.48,689539.0
1651680000,2843.48,2875.57,2836.16,2857.53,999091.0
1651683600,2857.57,2862.97,2836.65,2851.87,710461.0
1651687200,2851.47,2947.98,2825.03,2934.84,4229583.0
1651690800,2934.85,2966.0,2930.0,2954.62,1614133.0
1651694400,2954.9,2957.58,2943.83,2946.01,289111.0
1651698000,2946.01,2953.01,2935.0,2936.62,212203.0
1651701600,2936.62,2939.26,2925.0,2926.53,367831.0
1651705200,2926.53,2945.0,2922.79,2940.51,459021.0
1651708800,2940.52,2955.0,2937.33,2942.81,445680.0
1651712400,2942.82,2950.0,2939.72,2941.19,197851.0
1651716000,2941.18,2953.23,2940.0,2947.62,266030.0
1651719600,2947.61,2947.61,2938.45,2942.6,159220.0
1651723200,2942.6,2948.58,2939.0,2945.75,124440.0
1651726800,2945.74,2951.97,2928.44,2932.67,408721.0
1651730400,2932.66,2940.65,2928.0,2929.62,257339.0
1651734000,2929.62,2939.66,2926.37,2935.1,253639.0
1651737600,2935.0,2938.41,2918.49,2926.28,605225.0
1651741200,2926.29,2934.41,2916.01,2924.81,340107.0
1651744800,2924.8,2939.4,2924.27,2928.68,320983.0
1651748400,2928.68,2934.41,2923.0,2927.01,198194.0
1651752000,2927.0,2937.31,2923.3,2929.7,235494.0
1651755600,2929.7,2930.0,2892.0,2895.43,1079181.0
1651759200,2895.43,2905.9,2810.0,2830.91,3392984.0
1651762800,2830.91,2830.91,2720.0,2741.87,5105032.0
1651766400,2741.87,2770.0,2728.0,2759.57,1666768.0
1651770000,2759.17,2770.0,2740.8,2742.85,718567.0
1651773600,2743.25,2753.9,2696.11,2728.57,1627355.0
1651777200,2728.73,2732.2,2686.0,2727.13,1833227.0
1651780800,2727.53,2754.76,2712.28,2754.56,528474.0
1651784400,2754.57,2754.71,2735.14,2737.48,212365.0
1651788000,2737.48,2746.55,2732.52,2735.98,244230.0
1651791600,2736.25,2752.37,2734.69,2747.25,305971.0
1651795200,2747.25,2751.77,2723.92,2738.26,411722.0
1651798800,2738.27,2741.75,2725.45,2739.66,264085.0
1651802400,2739.66,2759.42,2738.72,2746.26,368951.0
1651806000,2746.26,2751.58,2739.25,2746.63,174620.0
1651809600,2746.63,2747.57,2734.72,2747.57,267724.0
1651813200,2747.56,2752.42,2743.53,2751.85,228704.0
1651816800,2751.86,2755.89,2743.0,2743.57,261662.0
1651820400,2743.57,2747.0,2695.0,2730.67,1441410.0
1651824000,2730.67,2745.6,2716.63,2719.52,884293.0
1651827600,2719.52,2738.36,2718.1,2733.0,345581.0
1651831200,2733.01,2735.0,2674.15,2688.58,1173935.0
1651834800,2688.82,2706.99,2658.71,2675.42,1608106.0
1651838400,2675.41,2724.7,2668.01,2683.27,1964023.0
1651842000,2683.26,2701.0,2632.58,2664.96,3492045.0
1651845600,2664.96,2706.89,2651.1,2696.72,3617268.0
1651849200,2696.72,2728.5,2683.5,2688.49,1911018.0
1651852800,2688.09,2713.73,2685.26,2710.51,1395426.0
1651856400,2710.5,2712.8,2679.97,2684.88,896766.0
1651860000,2685.2,2695.51,2674.24,2684.14,537521.0
1651863600,2683.97,2704.2,2670.1,2690.53,717250.0
1651867200,2690.55,2707.0,2675.0,2705.78,298591.0
1651870800,2705.78,2707.39,2681.92,2689.73,201342.0
1651874400,2689.73,2702.61,2685.29,2695.57,166973.0
1651878000,2695.57,2708.14,2692.86,2693.84,218052.0
1651881600,2693.93,2698.13,2683.54,2687.01,274692.0
1651885200,2687.01,2695.0,2678.0,2688.9,285920.0
1651888800,2688.9,2689.76,2680.6,2682.51,163189.0
1651892400,2682.42,2684.37,2665.11,2669.74,458532.0
1651896000,2669.74,2673.94,2655.36,2656.53,530040.0
1651899600,2656.53,2680.1,2652.75,2678.91,402436.0
1651903200,2678.92,2679.22,2659.47,2662.86,433433.0
1651906800,2662.87,2675.0,2656.55,2672.15,295442.0
1651910400,2672.07,2694.93,2666.64,2685.57,685850.0
1651914000,2685.58,2696.0,2681.21,2684.32,363834.0
1651917600,2684.32,2697.25,2678.0,2691.03,357440.0
1651921200,2691.03,2698.0,2684.16,2688.8,333879.0
1651924800,2688.8,2691.53,2679.26,2688.41,267049.0
1651928400,2688.41,2689.51,2671.17,2675.01,557923.0
1651932000,2675.0,2691.97,2673.34,2688.88,454214.0
1651935600,2688.88,2705.92,2684.49,2692.4,713108.0
1651939200,2692.41,2696.41,2680.37,2690.99,295176.0
1651942800,2690.99,2691.95,2681.42,2683.09,198795.0
1651946400,2683.08,2701.91,2682.2,2688.33,327143.0
1651950000,2688.32,2691.24,2681.12,2683.54,137315.0
1651953600,2683.54,2683.54,2666.0,2675.05,388496.0
1651957200,2675.04,2678.21,2614.0,2622.03,1067580.0
1651960800,2622.03,2637.37,2586.34,2604.33,1748296.0
1651964400,2604.33,2656.03,2600.9,2637.18,1297619.0
1651968000,2637.18,2643.67,2616.68,2619.88,662577.0
1651971600,2619.88,2627.94,2593.39,2596.69,1142731.0
1651975200,2596.69,2603.26,2521.48,2550.86,2957717.0
1651978800,2550.66,2555.0,2516.0,2546.61,1503205.0
1651982400,2546.73,2559.58,2535.26,2536.35,687190.0
1651986000,2536.34,2551.59,2530.0,2538.79,511596.0
1651989600,2538.79,2569.0,2538.78,2561.54,694727.0
1651993200,2561.45,2570.0,2553.68,2556.72,452572.0
1651996800,2556.94,2568.06,2550.16,2563.08,424818.0
1652000400,2563.08,2567.0,2546.91,2551.46,356162.0
1652004000,2551.72,2578.43,2546.27,2568.24,594071.0
1652007600,2568.24,2578.77,2563.72,2567.93,415858.0
1652011200,2567.94,2578.98,2552.8,2556.65,559346.0
1652014800,2556.66,2562.23,2520.0,2524.94,1130130.0
1652018400,2524.95,2545.57,2512.2,2526.66,1583960.0
1652022000,2526.66,2546.94,2514.98,2517.01,750007.0
1652025600,2517.31,2537.11,2516.03,2521.71,641700.0
1652029200,2521.71,2550.0,2480.0,2530.71,2881263.0
1652032800,2530.71,2572.59,2513.82,2563.19,1094968.0
1652036400,2562.98,2572.63,2558.87,2562.83,291467.0
1652040000,2562.57,2565.72,2539.79,2541.6,453580.0
1652043600,2541.61,2558.0,2541.61,2555.33,146052.0
1652047200,2555.34,2557.69,2522.82,2540.0,763608.0
1652050800,2539.56,2541.36,2509.02,2519.97,678551.0
1652054400,2520.41,2531.72,2514.74,2524.78,561292.0
1652058000,2524.78,2531.92,2503.33,2506.54,550149.0
1652061600,2506.54,2508.92,2422.0,2442.29,3544676.0
1652065200,2442.21,2472.58,2434.82,2458.0,1638005.0
1652068800,2457.99,2481.0,2453.0,2461.94,750687.0
1652072400,2461.95,2469.22,2438.19,2444.41,822755.0
1652076000,2444.41,2458.0,2424.39,2453.84,1119229.0
1652079600,2453.85,2467.87,2446.71,2448.33,776183.0
1652083200,2448.08,2468.55,2430.38,2464.5,1324179.0
1652086800,2464.5,2471.22,2440.5,2446.59,836285.0
1652090400,2446.4,2451.6,2351.53,2377.34,3158823.0
1652094000,2377.13,2419.45,2360.68,2405.96,1696049.0
1652097600,2405.99,2425.0,2389.06,2394.2,1147491.0
1652101200,2394.33,2448.81,2385.34,2414.39,2860355.0
1652104800,2414.45,2418.0,2369.28,2385.5,2422419.0
1652108400,2385.49,2403.86,2335.47,2382.11,2086853.0
1652112000,2382.35,2405.0,2321.6,2329.03,2920905.0
1652115600,2329.02,2348.89,2241.17,2299.62,3766893.0
1652119200,2299.63,2314.29,2244.74,2285.41,3445823.0
1652122800,2285.41,2300.24,2222.0,2271.54,2573755.0
1652126400,2271.54,2335.21,2263.22,2290.45,2303951.0
1652130000,2291.28,2325.0,2271.63,2277.05,1049463.0
1652133600,2276.97,2311.92,2264.05,2293.56,1219311.0
1652137200,2293.43,2312.94,2225.38,2229.24,1628614.0
1652140800,2229.24,2308.18,2198.02,2287.33,3440199.0
1652144400,2287.82,2344.0,2274.0,2311.17,2488886.0
1652148000,2311.17,2346.94,2301.14,2322.53,1536432.0
1652151600,2323.02,2345.0,2299.29,2300.89,1108058.0
1652155200,2301.06,2363.95,2297.8,2344.58,1270203.0
1652158800,2344.57,2418.03,2341.98,2404.26,1969531.0
1652162400,2404.25,2439.87,2392.42,2397.7,2164794.0
1652166000,2397.71,2413.29,2370.0,2372.98,1357744.0
1652169600,2373.09,2406.31,2372.38,2386.17,1146191.0
1652173200,2385.75,2397.78,2365.0,2374.88,1186975.0
1652176800,2374.88,2390.0,2366.53,2370.3,802643.0
1652180400,2370.71,2411.67,2366.51,2402.6,956192.0
1652184000,2402.52,2455.91,2391.8,2444.24,1683364.0
1652187600,2444.54,2457.34,2400.0,2425.85,2181828.0
1652191200,2425.85,2444.76,2346.04,2358.5,2278085.0
1652194800,2358.5,2380.44,2320.19,2362.49,2290310.0
1652198400,2362.5,2374.0,2327.7,2353.02,1321758.0
1652202000,2353.22,2411.57,2351.88,2401.1,1199358.0
1652205600,2401.09,2402.3,2364.1,2377.86,1027968.0
1652209200,2378.1,2388.46,2336.93,2354.61,770526.0
1652212800,2354.6,2357.72,2321.67,2328.22,527421.0
1652216400,2328.04,2341.15,2261.45,2263.83,897747.0
1652220000,2263.83,2330.0,2260.11,2321.06,1542588.0
1652223600,2321.05,2368.01,2311.91,2341.93,1075471.0
1652227200,2341.37,2388.0,2330.08,2355.69,847040.0
1652230800,2355.69,2360.43,2332.66,2336.89,652398.0
1652234400,2336.82,2386.25,2320.19,2377.54,1244123.0
1652238000,2377.53,2394.11,2356.0,2360.72,657415.0
1652241600,2360.71,2372.56,2342.18,2353.39,698701.0
1652245200,2353.4,2406.2,2345.0,2381.69,1386435.0
1652248800,2381.68,2388.35,2281.18,2295.0,1336775.0
1652252400,2294.74,2334.52,2266.06,2315.94,2614495.0
1652256000,2315.68,2379.69,2291.54,2377.19,2114264.0
1652259600,2377.19,2438.02,2359.12,2434.56,2338532.0
1652263200,2434.13,2454.98,2412.86,2432.32,1406917.0
1652266800,2432.65,2443.0,2394.43,2410.9,1112087.0
1652270400,2410.85,2430.56,2115.27,2173.93,5936592.0
1652274000,2173.93,2400.0,2156.02,2342.61,6048210.0
1652277600,2341.97,2386.52,2293.0,2348.97,3409520.0
1652281200,2348.97,2351.87,2248.42,2265.5,2038540.0
1652284800,2265.06,2284.26,2201.2,2209.96,1959541.0
1652288400,2209.26,2221.99,2146.72,2184.85,2462981.0
1652292000,2184.82,2217.29,2165.12,2177.68,1527971.0
1652295600,2177.33,2192.79,2093.31,2117.29,1982152.0
1652299200,2117.73,2153.33,2019.54,2041.79,2426658.0
1652302800,2041.79,2108.8,2001.69,2096.42,1402662.0
1652306400,2096.59,2118.66,2044.01,2082.2,1345835.0
1652310000,2082.2,2105.02,2048.91,2083.91,1137441.0
1652313600,2083.8,2194.88,2075.36,2151.53,1967625.0
1652317200,2151.53,2165.72,2091.83,2104.94,1269098.0
1652320800,2104.46,2125.0,2042.76,2048.86,1617273.0
1652324400,2048.59,2065.0,1967.0,1968.35,2358239.0
1652328000,1968.25,1983.73,1823.25,1899.41,4947048.0
1652331600,1899.34,1907.03,1788.0,1831.69,4430049.0
1652335200,1831.67,1920.55,1812.1,1841.11,3037932.0
1652338800,1841.11,1956.79,1771.0,1913.55,4304400.0
1652342400,1913.55,1939.39,1867.0,1911.47,2517528.0
1652346000,1911.07,1948.8,1894.0,1915.28,1622890.0
1652349600,1915.06,1989.71,1894.89,1977.16,1787127.0
1652353200,1977.59,2020.0,1933.0,1950.07,2459729.0
1652356800,1950.25,1986.43,1917.22,1959.48,1589593.0
1652360400,1959.49,1977.88,1882.24,1909.85,2533613.0
1652364000,1909.51,2026.73,1891.0,2026.6,2459655.0
1652367600,2026.52,2053.0,1968.66,1968.96,2062631.0
1652371200,1969.5,2036.48,1962.62,2024.54,1796936.0
1652374800,2024.84,2031.9,1926.19,1932.36,1324326.0
1652378400,1932.02,1951.33,1898.2,1908.74,1011508.0
1652382000,1908.73,1967.94,1905.05,1944.35,1019694.0
1652385600,1944.62,1958.72,1926.0,1929.55,486731.0
1652389200,1929.61,1930.98,1868.54,1914.29,535202.0
1652392800,1913.79,1933.96,1896.55,1924.03,677725.0
1652396400,1924.04,1984.33,1923.92,1959.85,936011.0
1652400000,1959.99,2029.49,1940.21,2012.98,1254154.0
1652403600,2012.98,2047.68,1998.62,2018.17,1052401.0
1652407200,2018.52,2077.86,2009.67,2064.0,1532560.0
1652410800,2063.86,2110.99,2055.61,2095.29,1610836.0
1652414400,2095.1,2098.83,2070.0,2087.28,662215.0
1652418000,2088.02,2145.74,2080.43,2106.09,1582648.0
1652421600,2106.29,2123.77,2088.29,2094.35,792844.0
1652425200,2094.36,2096.74,2048.85,2049.01,1066535.0
1652428800,2049.22,2080.15,2048.04,2068.36,972430.0
1652432400,2068.0,2099.75,2066.15,2076.25,920544.0
1652436000,2076.01,2105.84,2056.18,2096.55,888322.0
1652439600,2096.08,2125.0,2075.8,2114.49,1144112.0
1652443200,2114.65,2134.2,2096.63,2119.14,1074308.0
1652446800,2119.0,2133.18,2076.65,2124.85,1889354.0
1652450400,2124.28,2149.25,2111.05,2126.57,1562937.0
1652454000,2126.57,2129.17,2078.39,2093.14,1110264.0
1652457600,2093.38,2113.48,2055.0,2067.86,1561248.0
1652461200,2067.94,2096.0,2051.42,2052.6,953854.0
1652464800,2052.24,2082.28,2030.1,2077.26,1321936.0
1652468400,2076.71,2078.76,2054.47,2064.81,483802.0
1652472000,2064.98,2074.74,2044.22,2045.97,352306.0
1652475600,2046.06,2079.99,2040.45,2076.89,226477.0
1652479200,2077.17,2086.51,2056.25,2059.03,398101.0
1652482800,2059.29,2062.82,1999.05,2009.69,1061892.0
1652486400,2009.75,2044.81,1999.58,2037.47,764894.0
1652490000,2037.93,2069.96,2024.12,2058.58,740892.0
1652493600,2058.81,2064.89,2042.05,2046.49,509135.0
1652497200,2046.49,2061.0,2040.21,2053.97,570643.0
1652500800,2053.9,2054.96,2015.53,2023.33,671272.0
1652504400,2023.34,2046.12,2015.0,2035.93,564548.0
1652508000,2035.99,2048.89,2026.13,2042.15,404900.0
1652511600,2042.24,2047.81,2028.18,2032.54,303458.0
1652515200,2032.48,2051.7,2026.9,2041.85,561536.0
1652518800,2041.85,2054.8,2020.55,2028.97,744825.0
1652522400,2028.97,2033.76,2011.0,2013.91,561636.0
1652526000,2013.92,2018.0,1971.3,1985.73,1545638.0
1652529600,1985.68,2001.3,1973.92,1984.86,544746.0
1652533200,1984.87,1991.76,1955.43,1962.34,948319.0
1652536800,1962.79,1974.67,1951.1,1974.16,612294.0
1652540400,1973.87,1988.13,1960.49,1964.02,523891.0
1652544000,1964.02,2028.0,1954.58,2007.82,1432730.0
1652547600,2007.87,2019.35,2000.13,2017.97,561263.0
1652551200,2018.3,2035.01,2011.3,2013.73,758261.0
1652554800,2014.1,2018.74,1984.9,1996.17,460784.0
1652558400,1996.07,2021.36,1993.0,1998.28,402580.0
1652562000,1998.25,2046.0,1993.0,2027.33,457323.0
1652565600,2027.33,2064.0,2021.88,2055.57,584981.0
1652569200,2055.69,2067.92,2042.19,2055.86,546075.0
1652572800,2055.86,2080.0,2047.0,2053.45,626908.0
1652576400,2053.41,2056.8,2032.69,2039.99,426166.0
1652580000,2039.99,2049.61,2021.43,2032.65,535740.0
1652583600,2032.89,2035.54,1999.67,2013.97,684131.0
1652587200,2013.96,2021.85,2000.24,2015.28,503797.0
1652590800,2014.89,2036.82,2006.0,2032.88,451466.0
1652594400,2032.87,2039.77,2022.44,2036.1,435777.0
1652598000,2036.11,2049.0,2032.11,2036.84,512721.0
1652601600,2036.9,2039.9,2017.77,2022.0,435644.0
1652605200,2021.99,2039.8,2019.04,2035.73,344160.0
1652608800,2035.74,2058.31,2025.84,2053.97,605079.0
1652612400,2054.29,2088.0,2046.72,2079.64,1036374.0
1652616000,2079.66,2099.87,2075.0,2083.57,1099910.0
1652619600,2083.46,2085.5,2065.36,2070.19,591302.0
1652623200,2070.19,2073.95,2055.55,2068.32,742916.0
1652626800,2068.32,2084.29,2047.75,2062.57,724420.0
1652630400,2062.58,2090.0,2056.36,2083.19,626867.0
1652634000,2082.94,2093.3,2065.51,2067.59,548713.0
1652637600,2067.62,2098.11,2066.0,2088.8,447037.0
1652641200,2089.04,2107.0,2080.07,2104.58,363226.0
1652644800,2104.68,2136.0,2095.57,2131.64,984822.0
1652648400,2131.64,2139.0,2117.69,2134.83,337285.0
1652652000,2134.84,2169.22,2129.39,2129.66,818713.0
1652655600,2129.66,2154.66,2127.0,2144.58,515920.0
1652659200,2144.72,2144.84,2116.29,2122.33,563554.0
1652662800,2122.49,2128.44,2087.88,2094.09,788056.0
1652666400,2094.02,2094.57,2075.0,2086.97,863405.0
1652670000,2086.95,2088.83,2067.01,2077.16,524228.0
1652673600,2077.04,2082.13,2063.27,2072.23,562037.0
1652677200,2072.0,2083.3,2064.53,2068.38,366523.0
1652680800,2068.39,2068.66,2002.21,2009.32,2219244.0
1652684400,2009.14,2025.0,1991.09,2012.03,1343039.0
1652688000,2012.05,2029.23,2009.36,2027.62,591198.0
1652691600,2027.37,2027.37,1998.59,2006.99,943170.0
1652695200,2007.25,2051.24,1973.0,2048.76,1683629.0
1652698800,2048.94,2051.17,2030.56,2030.79,839682.0
1652702400,2031.21,2063.0,2004.0,2029.76,1731361.0
1652706000,2029.76,2045.99,1991.62,1994.17,1960474.0
1652709600,1994.29,2029.38,1983.29,1998.66,1279090.0
1652713200,1998.61,2021.92,1991.73,2014.16,1102966.0
1652716800,2014.51,2021.62,1978.2,1992.48,1118354.0
1652720400,1992.51,2024.81,1989.19,2021.46,765316.0
1652724000,2021.46,2043.16,2018.22,2035.21,694403.0
1652727600,2035.26,2047.88,2004.05,2006.45,602250.0
1652731200,2006.75,2035.5,2004.73,2035.17,360327.0
1652734800,2035.24,2054.55,2031.43,2048.45,478002.0
1652738400,2048.41,2057.04,2028.28,2033.49,593017.0
1652742000,2033.5,2036.91,2018.11,2023.74,341635.0
1652745600,2023.74,2052.64,2018.55,2047.08,569964.0
1652749200,2047.07,2050.19,2024.0,2037.33,604772.0
1652752800,2037.35,2048.34,2030.77,2045.41,478891.0
1652756400,2045.42,2081.16,2041.39,2072.28,1104745.0
1652760000,2072.28,2084.02,2064.11,2075.69,547324.0
1652763600,2075.38,2081.98,2065.32,2080.18,426097.0
1652767200,2080.33,2095.77,2071.0,2088.8,528729.0
1652770800,2088.85,2092.0,2068.15,2070.7,620942.0
1652774400,2070.7,2098.88,2068.79,2083.76,769401.0
1652778000,2083.75,2097.66,2083.27,2090.76,477713.0
1652781600,2090.76,2092.3,2080.0,2082.43,384246.0
1652785200,2082.34,2090.92,2077.16,2080.63,487649.0
1652788800,2080.74,2106.33,2076.67,2099.01,1021241.0
1652792400,2099.0,2123.69,2079.37,2099.67,1343298.0
1652796000,2099.62,2100.55,2048.0,2056.21,1941931.0
1652799600,2055.97,2070.0,2043.51,2061.29,1170217.0
1652803200,2061.28,2063.58,2036.0,2059.54,878798.0
1652806800,2059.55,2069.59,2054.05,2057.67,438180.0
1652810400,2057.68,2069.98,2007.0,2029.18,1569053.0
1652814000,2028.88,2065.82,2025.0,2046.42,853216.0
1652817600,2046.57,2064.8,2041.51,2053.71,278673.0
1652821200,2053.71,2092.89,2049.61,2086.69,295139.0
1652824800,2086.89,2097.67,2071.46,2082.04,402651.0
1652828400,2082.05,2103.12,2082.04,2091.15,644382.0
1652832000,2090.88,2111.27,2088.9,2091.56,603732.0
1652835600,2091.58,2093.67,2064.66,2067.27,758043.0
1652839200,2067.41,2073.0,2059.2,2072.02,481042.0
1652842800,2072.02,2072.99,2033.0,2039.28,991287.0
1652846400,2039.05,2045.33,2027.99,2033.42,554243.0
1652850000,2033.43,2049.57,2030.37,2048.39,530844.0
1652853600,2048.4,2053.66,2019.65,2020.69,693627.0
1652857200,2020.7,2041.55,2018.05,2038.29,567175.0
1652860800,2038.49,2041.32,2023.3,2035.17,508360.0
1652864400,2035.0,2038.66,2021.65,2036.4,485179.0
1652868000,2036.15,2049.57,2034.5,2040.55,502693.0
1652871600,2040.63,2042.75,2024.5,2031.51,505703.0
1652875200,2031.51,2035.72,1991.0,1998.52,1126515.0
1652878800,1998.54,2005.94,1981.0,1986.39,1536291.0
1652882400,1986.61,2000.0,1962.48,1976.31,1357520.0
1652886000,1976.32,1977.75,1942.0,1955.77,1552059.0
1652889600,1955.77,1979.78,1935.35,1977.25,1802852.0
1652893200,1977.25,1978.0,1954.0,1959.62,876057.0
1652896800,1959.76,1974.53,1950.04,1969.95,706365.0
1652900400,1969.82,1994.96,1969.0,1980.81,1011977.0
1652904000,1980.81,1981.72,1945.69,1966.32,629275.0
1652907600,1966.4,1974.11,1953.61,1963.66,268926.0
1652911200,1963.9,1973.95,1942.04,1946.95,542482.0
1652914800,1946.8,1959.24,1906.49,1914.56,1128461.0
1652918400,1914.4,1946.0,1907.39,1931.67,926403.0
1652922000,1931.36,1945.55,1903.57,1909.23,716546.0
1652925600,1909.24,1954.9,1902.15,1945.54,1375886.0
1652929200,1945.2,1973.0,1942.33,1953.43,1113580.0
1652932800,1953.56,1968.08,1947.1,1948.01,544789.0
1652936400,1948.01,1958.01,1943.67,1947.08,466773.0
1652940000,1947.08,1973.22,1946.77,1965.75,738505.0
1652943600,1965.76,1968.59,1941.2,1951.88,856581.0
1652947200,1951.85,1958.4,1932.38,1933.09,807711.0
1652950800,1933.36,1940.0,1913.62,1929.73,1033096.0
1652954400,1929.74,1946.0,1920.2,1940.36,806870.0
1652958000,1940.36,1968.88,1931.42,1964.57,1000510.0
1652961600,1964.57,1967.35,1949.49,1952.56,850531.0
1652965200,1952.56,1991.0,1943.32,1961.36,2417644.0
1652968800,1961.18,1988.72,1960.01,1979.22,1536446.0
1652972400,1979.26,2040.76,1973.69,2023.18,2473884.0
1652976000,2023.19,2028.71,2006.8,2012.31,939939.0
1652979600,2012.31,2020.55,1994.17,2015.57,860162.0
1652983200,2015.64,2021.71,2006.3,2014.21,543158.0
1652986800,2014.93,2019.75,1990.04,1993.68,614866.0
1652990400,1993.78,2016.43,1992.0,2016.23,290970.0
1652994000,2016.24,2029.0,2010.99,2013.88,307691.0
1652997600,2013.73,2013.92,1999.31,2007.05,183966.0
1653001200,2006.87,2028.0,2006.87,2019.89,415778.0
1653004800,2019.88,2021.82,2007.15,2016.44,343425.0
1653008400,2016.32,2053.0,2003.99,2035.54,1314222.0
1653012000,2035.55,2038.73,2016.24,2029.31,753809.0
1653015600,2029.32,2032.26,2020.53,2023.54,352304.0
1653019200,2023.53,2036.0,2012.52,2020.48,575881.0
1653022800,2020.48,2028.42,2015.0,2027.99,331518.0
1653026400,2027.8,2028.56,2002.2,2014.56,756303.0
1653030000,2014.59,2032.55,2010.08,2024.93,818484.0
1653033600,2024.9,2038.0,2021.31,2027.59,633627.0
1653037200,2027.63,2045.0,2022.4,2038.84,576461.0
1653040800,2038.84,2048.5,2034.55,2047.53,537795.0
1653044400,2047.52,2064.39,2037.18,2053.76,1073313.0
1653048000,2053.75,2058.73,2024.82,2036.89,875594.0
1653051600,2036.66,2053.66,2028.0,2044.46,1080904.0
1653055200,2044.21,2045.0,1979.63,1987.34,2201069.0
1653058800,1987.33,1987.34,1951.02,1960.11,2248738.0
1653062400,1960.1,1962.2,1922.28,1934.68,1937787.0
1653066000,1934.68,1944.78,1925.81,1938.85,943482.0
1653069600,1938.84,1946.93,1923.0,1940.6,673998.0
1653073200,1940.61,1972.94,1936.2,1967.92,930936.0
1653076800,1967.89,1976.0,1958.0,1960.89,413063.0
1653080400,1960.89,1973.54,1959.22,1959.81,228747.0
1653084000,1959.81,1971.35,1953.0,1953.62,299525.0
1653087600,1953.62,1979.89,1953.62,1959.79,554428.0
1653091200,1959.68,1974.04,1956.0,1963.22,455540.0
1653094800,1963.23,1965.0,1936.76,1951.39,580231.0
1653098400,1951.38,1962.4,1943.48,1959.07,364466.0
1653102000,1959.09,1970.0,1949.25,1967.22,408470.0
1653105600,1967.36,1969.51,1961.43,1964.79,285535.0
1653109200,1964.72,1969.76,1960.82,1966.31,303213.0
1653112800,1966.32,1973.8,1962.26,1971.21,451703.0
1653116400,1971.2,1986.53,1965.0,1977.91,701378.0
1653120000,1977.92,1989.11,1976.26,1978.32,472438.0
1653123600,1978.33,1979.2,1965.66,1973.38,492805.0
1653127200,1973.38,1979.22,1965.0,1970.61,404382.0
1653130800,1970.61,1973.33,1955.45,1970.49,585351.0
1653134400,1970.48,1975.91,1961.41,1970.57,423558.0
1653138000,1970.58,1978.0,1965.0,1968.86,384943.0
1653141600,1968.87,1983.83,1958.0,1977.89,836028.0
1653145200,1977.68,1985.66,1964.58,1980.6,905375.0
1653148800,1980.4,1992.0,1976.33,1980.82,587260.0
1653152400,1980.82,1986.41,1972.55,1976.13,348988.0
1653156000,1976.13,1986.0,1975.77,1984.29,251099.0
1653159600,1984.57,1989.0,1977.16,1981.52,228735.0
1653163200,1981.45,1984.94,1972.7,1976.52,200805.0
1653166800,1976.51,1979.14,1965.36,1968.51,195239.0
1653170400,1968.51,1975.12,1965.9,1974.91,154579.0
1653174000,1974.65,1981.0,1972.17,1974.53,157484.0
1653177600,1974.54,1980.0,1971.62,1977.46,253800.0
1653181200,1977.47,1983.66,1977.47,1980.12,216567.0
1653184800,1980.11,1980.56,1971.64,1975.94,287014.0
1653188400,1975.94,1981.92,1972.5,1974.08,290816.0
1653192000,1974.07,1976.04,1967.08,1967.3,314940.0
1653195600,1967.3,1975.55,1966.52,1973.03,217086.0
1653199200,1972.84,1975.55,1972.07,1974.41,135735.0
1653202800,1974.41,1977.61,1970.2,1975.95,208418.0
1653206400,1975.9,1986.21,1973.24,1983.37,381580.0
1653210000,1983.48,2037.0,1983.46,2027.71,2009464.0
1653213600,2027.7,2039.06,2024.97,2028.32,1047899.0
1653217200,2028.38,2035.7,2011.95,2018.23,912550.0
1653220800,2018.22,2033.0,2017.7,2028.0,567987.0
1653224400,2028.0,2028.34,2017.57,2022.75,323231.0
1653228000,2022.75,2028.39,2016.2,2018.69,462364.0
1653231600,2018.7,2020.2,1990.3,2005.0,1336805.0
1653235200,2004.96,2012.0,1992.19,2009.0,565880.0
1653238800,2009.01,2022.97,2005.02,2007.23,622159.0
1653242400,2007.22,2017.44,2002.45,2013.28,257241.0
1653246000,2013.29,2018.0,2006.29,2008.06,189490.0
1653249600,2008.06,2018.68,2006.91,2008.82,208187.0
1653253200,2008.83,2020.55,2006.33,2017.01,170100.0
1653256800,2017.01,2050.0,2017.01,2035.45,890609.0
1653260400,2035.47,2057.93,2035.47,2043.44,600148.0
1653264000,2043.45,2057.82,2037.08,2042.78,627191.0
1653267600,2042.78,2042.96,2030.0,2034.96,453070.0
1653271200,2034.96,2034.96,2019.08,2028.0,599196.0
1653274800,2028.03,2035.0,2027.0,2030.89,270316.0
1653278400,2030.88,2038.36,2026.52,2028.0,327444.0
1653282000,2028.01,2044.29,2026.72,2042.98,423245.0
1653285600,2042.98,2060.65,2038.42,2056.85,908300.0
1653289200,2056.84,2083.49,2048.7,2065.9,1306434.0
1653292800,2066.12,2074.49,2050.7,2055.08,711332.0
1653296400,2055.08,2072.0,2052.13,2066.87,547080.0
1653300000,2066.86,2076.82,2064.12,2073.4,522720.0
1653303600,2073.4,2084.95,2064.38,2068.67,884979.0
1653307200,2068.67,2089.0,2063.3,2065.82,866248.0
1653310800,2065.83,2079.0,2043.66,2056.94,1884127.0
1653314400,2056.94,2066.96,2035.18,2058.41,1843371.0
1653318000,2058.41,2076.0,2056.01,2065.33,780355.0
1653321600,2065.33,2080.15,2050.57,2058.27,808874.0
1653325200,2058.27,2060.0,2045.5,2051.19,577777.0
1653328800,2051.22,2059.78,2027.48,2032.38,807210.0
1653332400,2032.42,2032.83,1977.89,1981.07,2015764.0
1653336000,1980.88,2003.65,1976.0,1999.63,865917.0
1653339600,1999.64,2005.65,1992.89,1994.55,241008.0
1653343200,1994.54,1994.54,1956.78,1978.43,918290.0
1653346800,1978.25,1978.25,1957.0,1973.51,713958.0
1653350400,1973.56,1987.7,1969.2,1980.99,533705.0
1653354000,1980.99,1988.41,1974.53,1985.5,421109.0
1653357600,1985.52,1990.0,1981.24,1984.19,306143.0
1653361200,1984.19,1989.93,1982.33,1987.17,277373.0
1653364800,1987.39,1995.0,1981.62,1987.12,384968.0
1653368400,1987.13,1989.52,1980.0,1982.58,315504.0
1653372000,1982.58,1987.51,1973.08,1980.76,438374.0
1653375600,1980.76,1986.68,1974.15,1984.58,362285.0
1653379200,1984.57,1984.97,1960.0,1963.4,752331.0
1653382800,1963.4,1975.82,1950.1,1972.72,1126202.0
1653386400,1972.7,1977.0,1968.19,1976.29,467583.0
1653390000,1976.3,1984.99,1962.0,1966.44,697147.0
1653393600,1966.48,1970.86,1954.32,1967.01,712771.0
1653397200,1966.96,1969.38,1927.03,1932.39,1718223.0
1653400800,1932.31,1942.31,1912.37,1936.89,2501887.0
1653404400,1936.89,1974.89,1929.31,1962.29,1942935.0
1653408000,1962.32,1976.48,1950.73,1958.33,1287026.0
1653411600,1958.32,1962.0,1933.46,1957.93,888684.0
1653415200,1957.94,1973.0,1940.0,1944.42,782461.0
1653418800,1944.38,1969.79,1943.0,1962.23,620770.0
1653422400,1962.12,1972.5,1951.25,1969.98,394153.0
1653426000,1969.71,1987.0,1968.49,1983.43,410477.0
1653429600,1983.42,1988.0,1978.4,1982.21,572221.0
1653433200,1982.21,1991.64,1976.0,1979.51,507871.0
1653436800,1979.51,1987.0,1972.37,1975.02,310725.0
1653440400,1975.02,1987.88,1970.2,1986.26,449411.0
1653444000,1986.25,2020.0,1979.27,2015.23,1704659.0
1653447600,2015.24,2023.0,2008.55,2014.11,801204.0
1653451200,2014.09,2015.0,2003.09,2006.55,502148.0
1653454800,2006.54,2012.96,1985.62,1988.0,796438.0
1653458400,1988.0,1991.08,1973.91,1985.11,983019.0
1653462000,1985.0,1987.87,1974.5,1977.41,402679.0
1653465600,1977.4,1982.65,1960.0,1976.45,954560.0
1653469200,1976.44,1981.38,1964.36,1975.63,715010.0
1653472800,1975.7,1978.99,1962.08,1963.91,494623.0
1653476400,1963.9,1967.95,1940.0,1944.08,1345727.0
1653480000,1944.08,1959.5,1932.16,1957.77,1322807.0
1653483600,1957.76,1985.5,1950.11,1972.59,2096872.0
1653487200,1972.58,1984.73,1962.0,1970.58,1388799.0
1653490800,1970.59,1975.0,1954.17,1964.36,811343.0
1653494400,1964.27,1967.2,1943.32,1954.41,1072304.0
1653498000,1954.13,1966.8,1952.6,1962.88,625026.0
1653501600,1962.86,1982.82,1946.22,1975.27,2031294.0
1653505200,1975.46,1980.19,1948.76,1951.5,604981.0
1653508800,1951.54,1964.44,1948.7,1961.58,457447.0
1653512400,1961.65,1971.13,1953.0,1968.29,228382.0
1653516000,1968.29,1973.48,1960.66,1965.41,235664.0
1653519600,1965.25,1965.72,1942.0,1943.4,732689.0
1653523200,1943.28,1965.97,1942.0,1959.47,694005.0
1653526800,1959.47,1960.61,1943.69,1944.67,496605.0
1653530400,1944.68,1957.56,1944.68,1951.79,416915.0
1653534000,1951.78,1953.61,1933.0,1948.25,1015930.0
1653537600,1948.25,1951.38,1935.53,1938.85,513258.0
1653541200,1938.84,1946.91,1922.49,1926.47,1298136.0
1653544800,1926.46,1930.0,1908.0,1924.36,1733932.0
1653548400,1924.17,1929.38,1911.28,1926.61,724898.0
1653552000,1926.61,1927.71,1810.71,1833.51,4555907.0
1653555600,1833.51,1850.0,1820.0,1838.52,1032124.0
1653559200,1838.53,1844.33,1831.1,1831.37,628602.0
1653562800,1831.37,1834.75,1780.0,1816.41,2932379.0
1653566400,1816.39,1832.0,1796.2,1811.54,1899425.0
1653570000,1811.43,1821.0,1730.6,1809.83,6215946.0
1653573600,1809.83,1858.85,1809.36,1852.84,3335711.0
1653577200,1852.61,1875.0,1846.0,1861.28,1982621.0
1653580800,1861.22,1908.9,1860.23,1883.11,2746892.0
1653584400,1883.47,1888.37,1867.17,1876.61,778489.0
1653588000,1876.62,1877.33,1857.7,1862.47,741391.0
1653591600,1862.56,1863.79,1826.09,1827.27,1148646.0
1653595200,1827.24,1837.85,1812.23,1828.27,1062192.0
1653598800,1828.14,1849.0,1827.3,1834.51,685229.0
1653602400,1834.51,1846.68,1819.41,1821.72,521954.0
1653606000,1821.72,1831.66,1789.0,1792.18,1577717.0
1653609600,1792.02,1809.42,1769.19,1773.54,1689122.0
1653613200,1773.54,1779.98,1734.46,1742.76,2296333.0
1653616800,1742.76,1768.0,1726.3,1753.01,2213029.0
1653620400,1753.01,1780.0,1751.06,1767.17,1275967.0
1653624000,1767.18,1777.47,1741.0,1745.12,1224956.0
1653627600,1745.11,1758.65,1711.0,1736.09,2676045.0
1653631200,1736.0,1776.73,1722.0,1769.75,2627281.0
1653634800,1769.55,1799.0,1762.32,1763.97,2547254.0
1653638400,1763.82,1790.0,1748.5,1766.44,2073262.0
1653642000,1766.44,1787.5,1762.36,1784.67,1100382.0
1653645600,1784.41,1788.87,1757.26,1759.7,1276039.0
1653649200,1759.7,1789.67,1755.63,1771.3,1448805.0
1653652800,1771.29,1822.0,1763.18,1812.54,2892270.0
1653656400,1812.38,1821.42,1794.04,1815.08,1659561.0
1653660000,1815.09,1817.71,1763.0,1769.41,2319166.0
1653663600,1769.19,1779.99,1756.0,1764.83,1653312.0
1653667200,1764.94,1775.72,1738.19,1746.87,1680043.0
1653670800,1746.65,1758.86,1723.0,1732.75,1935309.0
1653674400,1732.91,1737.25,1715.0,1728.27,1519892.0
1653678000,1728.57,1770.72,1721.31,1754.21,1568996.0
1653681600,1754.2,1773.0,1743.57,1745.42,1191190.0
1653685200,1745.36,1753.33,1731.27,1734.0,395701.0
1653688800,1733.99,1755.38,1726.11,1742.81,446783.0
1653692400,1742.52,1745.62,1701.1,1726.83,1320814.0
1653696000,1726.8,1749.67,1721.42,1747.99,875342.0
1653699600,1747.99,1752.0,1726.14,1730.3,917838.0
1653703200,1730.32,1742.28,1722.68,1729.48,707503.0
1653706800,1729.69,1766.0,1722.03,1764.25,1426234.0
1653710400,1764.15,1766.0,1754.0,1761.42,772510.0
1653714000,1761.37,1782.87,1754.0,1771.19,1280446.0
1653717600,1771.19,1774.6,1764.51,1765.84,535302.0
1653721200,1765.84,1768.91,1758.0,1765.65,476801.0
1653724800,1765.66,1771.37,1746.54,1760.29,925987.0
1653728400,1760.42,1766.43,1751.71,1756.9,493738.0
1653732000,1757.07,1764.66,1751.49,1761.75,530824.0
1653735600,1761.78,1790.0,1759.08,1773.27,1253834.0
1653739200,1773.21,1794.02,1769.0,1786.98,957151.0
1653742800,1786.97,1800.0,1782.51,1787.85,1365628.0
1653746400,1787.86,1791.62,1776.96,1780.39,628611.0
1653750000,1780.67,1809.59,1777.96,1795.0,1228869.0
1653753600,1795.0,1798.82,1771.52,1773.67,957164.0
1653757200,1773.76,1793.17,1758.86,1776.62,1318874.0
1653760800,1776.87,1790.79,1776.61,1788.67,328823.0
1653764400,1788.68,1800.0,1780.54,1792.67,358948.0
1653768000,1792.67,1793.88,1784.34,1793.18,242795.0
1653771600,1793.19,1798.0,1783.39,1783.97,266056.0
1653775200,1783.97,1788.43,1777.99,1784.16,237308.0
1653778800,1784.11,1805.97,1783.34,1792.14,593015.0
1653782400,1792.13,1796.37,1786.58,1789.8,443465.0
1653786000,1789.8,1790.0,1773.0,1776.52,847028.0
1653789600,1776.53,1777.62,1761.0,1768.81,812752.0
1653793200,1768.75,1778.84,1765.0,1776.56,416266.0
1653796800,1776.56,1779.8,1769.48,1775.29,356547.0
1653800400,1775.28,1785.76,1773.24,1784.5,418395.0
1653804000,1784.5,1789.79,1777.23,1782.9,468514.0
1653807600,1782.82,1787.41,1778.37,1783.6,340373.0
1653811200,1783.6,1796.87,1779.95,1785.22,703504.0
1653814800,1785.22,1787.86,1774.15,1780.15,553218.0
1653818400,1780.15,1800.0,1779.31,1795.43,1023944.0
1653822000,1795.43,1804.12,1791.58,1801.56,641204.0
1653825600,1801.56,1824.0,1798.21,1813.57,1427594.0
1653829200,1813.6,1829.0,1807.67,1809.34,937677.0
1653832800,1809.25,1813.29,1803.65,1805.28,477114.0
1653836400,1805.28,1805.29,1793.08,1797.36,789333.0
1653840000,1797.47,1811.49,1797.16,1804.31,583995.0
1653843600,1804.31,1810.66,1795.47,1799.07,398933.0
1653847200,1799.07,1804.88,1793.47,1795.55,269155.0
1653850800,1795.57,1797.9,1785.1,1788.74,452578.0
1653854400,1788.73,1799.77,1787.15,1797.16,419549.0
1653858000,1797.3,1806.65,1794.1,1803.6,155900.0
1653861600,1803.72,1826.65,1795.09,1810.69,1129224.0
1653865200,1810.63,1817.54,1808.42,1813.52,383751.0
1653868800,1813.35,1814.54,1803.0,1805.19,452513.0
1653872400,1805.2,1847.1,1804.77,1844.82,1676634.0
1653876000,1844.82,1884.09,1843.0,1874.37,2674657.0
1653879600,1874.38,1892.98,1870.33,1879.34,1157922.0
1653883200,1879.4,1884.51,1868.2,1873.81,703607.0
1653886800,1873.82,1900.33,1872.65,1898.11,1368223.0
1653890400,1898.13,1918.0,1891.79,1905.02,2305490.0
1653894000,1905.01,1913.83,1898.41,1907.13,784017.0
1653897600,1907.13,1910.76,1900.59,1907.67,564573.0
1653901200,1907.67,1910.0,1899.37,1904.31,877384.0
1653904800,1904.26,1909.0,1890.71,1893.75,1016476.0
1653908400,1893.75,1908.36,1892.39,1903.21,563714.0
1653912000,1903.24,1916.61,1873.0,1889.0,1977974.0
1653915600,1889.0,1894.33,1875.72,1893.45,994411.0
1653919200,1893.5,1925.01,1890.72,1897.7,2226950.0
1653922800,1897.69,1916.29,1895.61,1912.51,1009504.0
1653926400,1912.52,1941.0,1905.5,1919.08,1654324.0
1653930000,1919.01,1935.87,1912.11,1927.44,933484.0
1653933600,1927.44,1927.66,1917.47,1920.64,338768.0
1653937200,1920.64,1933.9,1910.0,1916.98,637025.0
1653940800,1916.99,1960.0,1912.29,1953.93,1803195.0
1653944400,1954.3,2003.73,1948.01,1990.11,1914476.0
1653948000,1990.11,2002.07,1978.58,1999.05,1102667.0
1653951600,1999.17,2013.54,1983.77,1998.58,1517796.0
1653955200,1998.59,2017.0,1980.65,1993.48,1338607.0
1653958800,1993.45,1994.21,1977.3,1987.53,630967.0
1653962400,1987.53,2002.11,1981.76,1996.65,686103.0
1653966000,1996.65,2004.61,1986.0,1994.52,878639.0
1653969600,1994.52,1996.97,1983.24,1984.88,514541.0
1653973200,1984.89,1989.73,1978.21,1979.12,662531.0
1653976800,1979.11,1980.88,1960.86,1968.46,1428842.0
1653980400,1968.7,1977.42,1965.76,1971.34,767560.0
1653984000,1971.35,1986.4,1970.33,1971.73,650475.0
1653987600,1971.72,1973.5,1957.45,1965.96,1077487.0
1653991200,1965.78,1976.82,1962.5,1973.16,661762.0
1653994800,1973.16,1984.84,1972.29,1978.45,712215.0
1653998400,1978.41,1979.75,1958.29,1964.23,987028.0
1654002000,1964.18,1990.0,1935.46,1944.12,2831353.0
1654005600,1944.2,1965.79,1928.0,1960.7,1841579.0
1654009200,1960.69,1995.95,1945.0,1986.89,1796775.0
1654012800,1987.01,1999.49,1960.1,1973.05,2261402.0
1654016400,1972.73,1979.33,1951.92,1967.59,1193081.0
1654020000,1967.56,1971.15,1923.0,1935.06,1538666.0
1654023600,1935.07,1945.3,1927.37,1934.95,1014907.0
1654027200,1934.95,1954.28,1934.59,1953.88,420876.0
1654030800,1953.88,1954.9,1941.59,1947.93,204351.0
1654034400,1948.0,1961.09,1942.47,1957.28,690323.0
1654038000,1957.29,1958.75,1936.88,1942.56,566282.0
1654041600,1942.56,1958.65,1930.01,1953.85,1064921.0
1654045200,1953.85,1954.7,1941.7,1948.46,468428.0
1654048800,1948.46,1948.5,1931.22,1940.48,700059.0
1654052400,1940.4,1941.34,1928.01,1930.67,641299.0
1654056000,1930.84,1937.95,1913.0,1934.82,1389463.0
1654059600,1934.82,1938.2,1922.42,1934.18,538683.0
1654063200,1934.19,1941.4,1931.68,1937.66,386745.0
1654066800,1937.77,1946.6,1930.0,1931.49,743189.0
1654070400,1931.53,1939.8,1925.0,1935.71,543709.0
1654074000,1935.7,1944.69,1933.16,1943.93,360440.0
1654077600,1943.92,1945.0,1934.08,1935.87,381378.0
1654081200,1935.87,1942.87,1926.85,1939.07,815651.0
1654084800,1939.06,1964.62,1931.52,1953.48,1275257.0
1654088400,1953.48,1972.27,1946.57,1963.29,1701949.0
1654092000,1963.07,1967.9,1887.99,1909.77,3615349.0
1654095600,1910.02,1914.98,1876.0,1881.49,1870184.0
1654099200,1881.42,1881.72,1850.0,1867.97,1803734.0
1654102800,1867.98,1870.0,1840.0,1865.0,53207.0
1654106400,1854.99,1865.0,1815.0,1818.39,1407367.0
1654110000,1818.38,1829.49,1805.63,1821.68,1220523.0
1654113600,1821.68,1824.08,1760.0,1792.31,2058490.0
1654117200,1792.31,1806.93,1790.0,1798.99,392255.0
1654120800,1798.99,1820.69,1793.38,1818.4,494009.0
1654124400,1818.41,1844.0,1814.63,1817.84,1089794.0
1654128000,1817.79,1826.74,1805.24,1816.23,874501.0
1654131600,1816.23,1836.0,1812.02,1825.46,592742.0
1654135200,1825.46,1836.42,1820.91,1831.38,665974.0
1654138800,1831.39,1833.89,1810.45,1815.37,796886.0
1654142400,1815.44,1819.55,1801.57,1817.22,618748.0
1654146000,1817.18,1825.66,1805.0,1821.95,629396.0
1654149600,1821.95,1825.55,1811.37,1824.27,450482.0
1654153200,1824.28,1837.92,1819.28,1826.85,1115271.0
1654156800,1826.84,1833.75,1821.2,1822.11,877841.0
1654160400,1822.1,1829.86,1813.0,1820.11,495584.0
1654164000,1820.29,1840.64,1814.18,1829.92,810701.0
1654167600,1829.92,1844.87,1822.39,1839.44,767901.0
1654171200,1839.45,1841.62,1825.0,1828.86,619740.0
1654174800,1828.85,1830.46,1781.0,1799.49,3892824.0
1654178400,1799.47,1818.96,1784.18,1803.76,1889209.0
1654182000,1803.89,1829.91,1802.33,1816.33,1364393.0
1654185600,1816.61,1834.01,1813.4,1826.96,1055719.0
1654189200,1826.89,1831.98,1814.0,1817.86,626367.0
1654192800,1817.84,1830.39,1800.12,1808.67,773603.0
1654196400,1808.5,1823.0,1802.17,1821.94,518806.0
1654200000,1821.93,1830.9,1818.65,1823.85,319673.0
1654203600,1823.67,1831.82,1822.14,1827.94,124049.0
1654207200,1827.99,1853.0,1824.23,1834.12,1066805.0
1654210800,1834.11,1844.85,1831.94,1834.01,428177.0
1654214400,1834.07,1835.76,1822.0,1825.67,406408.0
1654218000,1825.99,1843.8,1825.0,1840.0,617061.0
1654221600,1840.22,1843.48,1831.28,1831.9,376532.0
1654225200,1831.9,1834.29,1827.5,1828.25,438440.0
1654228800,1828.08,1829.65,1816.25,1817.09,471699.0
1654232400,1817.09,1830.06,1816.0,1826.48,383635.0
1654236000,1826.51,1828.0,1811.26,1813.1,503670.0
1654239600,1813.11,1820.84,1806.7,1814.2,705863.0
1654243200,1814.19,1821.94,1806.69,1811.28,636405.0
1654246800,1811.28,1814.69,1790.96,1798.37,1693494.0
1654250400,1798.38,1801.61,1753.73,1762.61,2407302.0
1654254000,1762.61,1776.0,1753.06,1762.83,1450524.0
1654257600,1762.84,1781.0,1734.4,1746.01,2512925.0
1654261200,1746.14,1769.99,1741.1,1767.38,2180748.0
1654264800,1767.39,1774.0,1748.29,1767.22,1262920.0
1654268400,1767.01,1773.24,1755.5,1763.47,837215.0
1654272000,1763.19,1767.71,1751.58,1762.53,662574.0
1654275600,1762.53,1768.45,1746.23,1752.57,700082.0
1654279200,1752.56,1755.57,1743.07,1750.59,472846.0
1654282800,1750.81,1755.76,1745.92,1751.62,387846.0
1654286400,1751.87,1766.0,1749.73,1759.65,331742.0
1654290000,1759.66,1794.63,1759.57,1789.04,537166.0
1654293600,1789.02,1795.69,1778.65,1782.86,558711.0
1654297200,1782.85,1783.56,1770.21,1775.6,479833.0
1654300800,1775.16,1779.6,1770.2,1774.36,298006.0
1654304400,1774.44,1777.8,1757.6,1760.33,569520.0
1654308000,1760.32,1762.99,1748.21,1754.7,610307.0
1654311600,1754.7,1758.81,1752.22,1753.13,341260.0
1654315200,1753.25,1770.58,1752.06,1768.43,522148.0
1654318800,1768.43,1770.62,1765.1,1768.8,232799.0
1654322400,1768.79,1775.18,1767.73,1770.18,346275.0
1654326000,1770.19,1770.6,1764.27,1769.03,311515.0
1654329600,1769.02,1778.29,1765.42,1774.51,535060.0
1654333200,1774.48,1780.0,1770.1,1774.32,447048.0
1654336800,1774.32,1778.31,1771.0,1774.11,404259.0
1654340400,1774.11,1775.27,1762.99,1768.41,421132.0
1654344000,1768.42,1773.15,1757.0,1759.77,623458.0
1654347600,1759.76,1768.9,1758.56,1766.89,437282.0
1654351200,1766.78,1789.87,1759.0,1777.0,1487559.0
1654354800,1777.0,1782.48,1774.02,1778.46,732182.0
1654358400,1778.46,1779.63,1771.0,1772.67,492548.0
1654362000,1772.67,1778.0,1766.64,1775.58,373196.0
1654365600,1775.57,1782.27,1775.49,1778.56,333815.0
1654369200,1778.31,1780.13,1770.19,1772.47,283269.0
1654372800,1772.46,1777.95,1770.41,1777.32,177695.0
1654376400,1777.33,1788.0,1775.98,1787.77,294494.0
1654380000,1787.87,1816.75,1785.38,1798.4,1176669.0
1654383600,1798.41,1805.0,1794.25,1803.8,399188.0
1654387200,1804.11,1811.15,1797.0,1797.99,559112.0
1654390800,1797.98,1799.19,1783.79,1785.94,522664.0
1654394400,1785.76,1795.36,1783.81,1793.12,385036.0
1654398000,1793.11,1798.74,1790.43,1794.11,281246.0
1654401600,1794.03,1794.22,1786.7,1790.05,321511.0
1654405200,1790.05,1800.0,1790.05,1797.06,292078.0
1654408800,1797.07,1797.56,1791.2,1791.29,259939.0
1654412400,1791.3,1797.49,1786.0,1786.2,388506.0
1654416000,1786.2,1795.43,1786.0,1788.86,403326.0
1654419600,1788.86,1789.09,1772.56,1782.01,763934.0
1654423200,1782.03,1787.69,1777.59,1780.99,326425.0
1654426800,1780.99,1790.65,1776.3,1788.14,408507.0
1654430400,1788.15,1794.66,1784.23,1790.51,426200.0
1654434000,1790.5,1794.7,1782.21,1784.01,388665.0
1654437600,1784.01,1799.0,1779.27,1795.17,680066.0
1654441200,1795.18,1813.85,1793.52,1811.44,890689.0
1654444800,1811.61,1825.0,1795.38,1801.07,1656768.0
1654448400,1801.08,1829.7,1798.48,1824.64,1086622.0
1654452000,1824.65,1830.86,1815.1,1816.46,468510.0
1654455600,1816.45,1825.69,1814.96,1821.07,306548.0
1654459200,1821.07,1827.81,1810.58,1810.98,345213.0
1654462800,1810.98,1814.71,1803.68,1813.33,358044.0
1654466400,1813.61,1821.53,1804.46,1815.78,518101.0
1654470000,1815.72,1819.39,1802.28,1806.72,422072.0
1654473600,1806.7,1844.23,1804.42,1836.06,1037296.0
1654477200,1836.0,1873.78,1835.53,1863.67,2115287.0
1654480800,1863.81,1870.83,1856.79,1866.49,1001057.0
1654484400,1866.49,1885.0,1866.49,1877.64,1086360.0
1654488000,1877.64,1883.8,1873.97,1879.79,799975.0
1654491600,1879.77,1888.53,1867.74,1870.71,931608.0
1654495200,1870.7,1893.56,1867.2,1885.33,1209293.0
1654498800,1885.33,1896.6,1883.6,1893.28,903706.0
1654502400,1893.28,1906.0,1889.0,1904.48,1527667.0
1654506000,1904.55,1913.32,1897.62,1910.53,1050889.0
1654509600,1910.79,1915.88,1903.0,1908.08,873570.0
1654513200,1908.07,1917.33,1903.25,1909.1,993077.0
1654516800,1909.11,1922.73,1905.11,1910.01,1302261.0
1654520400,1910.0,1917.67,1892.3,1905.0,2102968.0
1654524000,1904.99,1915.95,1888.59,1894.63,1778712.0
1654527600,1894.44,1896.57,1865.97,1886.78,2496421.0
1654531200,1886.79,1888.8,1850.0,1859.26,2213641.0
1654534800,1859.4,1860.79,1843.8,1856.88,1371934.0
1654538400,1856.68,1868.68,1850.34,1861.04,1037589.0
1654542000,1861.07,1867.17,1854.64,1863.77,540434.0
1654545600,1863.72,1866.46,1846.88,1861.67,695368.0
1654549200,1861.9,1876.72,1861.29,1873.61,336127.0
1654552800,1873.61,1876.3,1850.0,1855.56,526063.0
1654556400,1855.57,1862.0,1853.74,1859.69,447007.0
1654560000,1859.77,1861.79,1750.0,1758.56,4952136.0
1654563600,1758.53,1772.02,1722.25,1742.22,3484315.0
1654567200,1742.24,1743.0,1725.26,1740.85,1859639.0
1654570800,1740.85,1760.75,1736.51,1756.11,1322146.0
1654574400,1756.11,1759.09,1746.25,1752.92,776463.0
1654578000,1752.92,1764.57,1748.31,1753.73,755554.0
1654581600,1753.59,1759.49,1750.6,1754.99,415171.0
1654585200,1754.99,1764.4,1753.3,1762.54,639426.0
1654588800,1762.55,1778.0,1759.5,1770.0,1096156.0
1654592400,1770.0,1771.15,1762.14,1763.51,535832.0
1654596000,1763.5,1771.86,1761.11,1766.87,581094.0
1654599600,1766.87,1768.61,1747.04,1753.98,1434034.0
1654603200,1753.99,1758.29,1736.2,1751.16,1355971.0
1654606800,1751.2,1774.07,1746.02,1762.0,1391174.0
1654610400,1761.99,1794.81,1757.5,1784.73,2060330.0
1654614000,1784.81,1790.61,1773.93,1781.7,1100424.0
1654617600,1781.69,1786.84,1767.54,1783.12,797570.0
1654621200,1783.26,1792.18,1777.44,1782.44,511989.0
1654624800,1782.53,1811.92,1779.62,1807.59,1215466.0
1654628400,1807.7,1878.74,1807.36,1848.07,2777853.0
1654632000,1847.96,1870.0,1838.77,1845.2,1792196.0
1654635600,1845.14,1848.76,1833.0,1840.8,481113.0
1654639200,1840.81,1846.94,1750.0,1808.15,2417673.0
1654642800,1807.98,1832.9,1782.21,1813.43,1902715.0
1654646400,1813.49,1828.66,1811.2,1813.86,827094.0
1654650000,1813.98,1827.96,1787.39,1820.37,1596452.0
1654653600,1820.37,1837.03,1818.51,1824.13,897984.0
1654657200,1824.23,1827.71,1765.29,1779.58,3375006.0
1654660800,1779.8,1797.25,1772.07,1787.78,1543066.0
1654664400,1787.78,1818.0,1784.62,1811.16,1197772.0
1654668000,1811.1,1818.52,1795.17,1806.12,905439.0
1654671600,1806.21,1814.79,1789.0,1805.92,999903.0
1654675200,1806.04,1811.73,1795.91,1807.63,808352.0
1654678800,1807.88,1817.83,1797.1,1817.0,872526.0
1654682400,1817.0,1817.11,1803.2,1805.75,575300.0
1654686000,1805.78,1813.73,1802.11,1808.34,496108.0
1654689600,1808.07,1809.62,1784.0,1792.84,1235056.0
1654693200,1792.67,1840.68,1789.19,1824.13,2367488.0
1654696800,1824.13,1828.37,1797.6,1801.44,1552569.0
1654700400,1801.48,1821.1,1799.0,1815.16,832889.0
1654704000,1814.93,1822.35,1787.53,1796.58,1292095.0
1654707600,1796.59,1804.32,1792.76,1801.89,520573.0
1654711200,1801.89,1806.87,1771.01,1792.0,1174606.0
1654714800,1791.73,1801.71,1782.55,1790.75,652660.0
1654718400,1790.75,1806.43,1787.97,1796.5,297119.0
1654722000,1796.51,1815.0,1796.01,1809.69,270498.0
1654725600,1809.68,1811.95,1797.62,1800.02,386082.0
1654729200,1800.02,1804.22,1789.51,1791.6,430424.0
1654732800,1791.6,1798.0,1777.26,1791.77,862434.0
1654736400,1791.76,1799.93,1782.14,1782.73,547360.0
1654740000,1782.74,1796.46,1780.51,1794.33,507946.0
1654743600,1794.34,1801.91,1792.27,1799.0,404737.0
1654747200,1799.0,1801.2,1793.5,1797.93,283995.0
1654750800,1797.93,1808.52,1795.14,1799.83,667660.0
1654754400,1799.82,1801.89,1795.3,1799.29,315391.0
1654758000,1799.3,1812.55,1797.44,1812.26,564867.0
1654761600,1812.27,1819.76,1805.27,1815.62,990012.0
1654765200,1815.61,1833.56,1814.0,1819.32,901707.0
1654768800,1819.32,1822.14,1808.5,1811.59,502071.0
1654772400,1811.64,1815.73,1802.16,1805.5,636087.0
1654776000,1805.43,1811.32,1791.0,1794.44,1303810.0
1654779600,1794.55,1805.6,1779.0,1796.33,1689885.0
1654783200,1796.51,1802.7,1786.21,1791.23,1023194.0
1654786800,1791.23,1803.0,1786.65,1799.38,753023.0
1654790400,1799.39,1812.39,1792.0,1812.37,861808.0
1654794000,1812.37,1819.6,1798.83,1805.65,746725.0
1654797600,1805.66,1807.61,1790.77,1792.92,537594.0
1654801200,1792.74,1793.6,1782.27,1783.86,538268.0
1654804800,1783.86,1797.61,1782.0,1795.36,427812.0
1654808400,1795.2,1800.26,1793.53,1794.38,147358.0
1654812000,1794.38,1797.27,1784.82,1789.26,335563.0
1654815600,1789.36,1791.65,1782.0,1788.65,384746.0
1654819200,1788.66,1794.88,1741.99,1774.02,2008046.0
1654822800,1774.02,1785.28,1768.36,1776.17,566154.0
1654826400,1776.18,1788.94,1775.35,1786.67,438913.0
1654830000,1786.68,1805.0,1786.58,1792.25,1093956.0
1654833600,1792.22,1795.21,1787.1,1793.45,417687.0
1654837200,1793.44,1801.0,1791.12,1792.25,482122.0
1654840800,1792.59,1800.7,1789.0,1789.78,493087.0
1654844400,1789.88,1795.39,1786.47,1788.42,400500.0
1654848000,1788.42,1794.78,1785.11,1786.38,471945.0
1654851600,1786.37,1788.43,1765.0,1768.95,1408048.0
1654855200,1768.94,1773.2,1763.41,1771.6,667460.0
1654858800,1771.6,1778.83,1768.22,1772.13,473085.0
1654862400,1772.14,1781.95,1720.0,1729.58,4019162.0
1654866000,1729.57,1737.47,1706.66,1728.68,3435646.0
1654869600,1728.68,1749.87,1717.75,1737.92,1712705.0
1654873200,1737.92,1741.55,1722.51,1727.06,1154554.0
1654876800,1727.14,1731.28,1653.0,1681.18,4968695.0
1654880400,1681.41,1694.16,1674.29,1682.9,1540431.0
1654884000,1683.17,1687.47,1672.37,1679.21,877398.0
1654887600,1679.21,1683.89,1666.34,1668.67,945748.0
1654891200,1668.68,1685.46,1666.57,1678.34,486833.0
1654894800,1678.09,1682.9,1672.56,1677.8,276111.0
1654898400,1677.66,1685.42,1672.41,1675.05,347713.0
1654902000,1675.05,1676.85,1654.66,1662.94,914230.0
1654905600,1662.94,1681.99,1658.24,1679.02,716091.0
1654909200,1679.02,1681.69,1674.43,1675.92,347813.0
1654912800,1675.92,1677.15,1666.92,1673.93,506410.0
1654916400,1673.9,1676.25,1669.5,1669.68,275866.0
1654920000,1669.79,1679.46,1668.56,1677.45,419860.0
1654923600,1677.45,1679.99,1663.04,1669.24,573318.0
1654927200,1669.25,1671.49,1663.5,1666.5,455704.0
1654930800,1666.51,1670.22,1664.0,1667.48,428291.0
1654934400,1667.47,1670.51,1569.1,1571.96,3844403.0
1654938000,1571.96,1613.81,1532.23,1595.53,4265384.0
1654941600,1595.53,1605.76,1581.19,1586.15,1197242.0
1654945200,1586.15,1588.53,1566.5,1575.7,1797603.0
1654948800,1575.7,1591.82,1551.82,1553.09,2212233.0
1654952400,1553.08,1582.58,1547.26,1572.19,2214297.0
1654956000,1572.19,1572.19,1511.24,1526.3,3091755.0
1654959600,1526.3,1533.85,1496.36,1517.0,4824167.0
1654963200,1517.1,1548.0,1505.6,1535.6,3181582.0
1654966800,1535.6,1544.32,1526.9,1533.67,1205561.0
1654970400,1533.65,1579.0,1530.23,1551.13,1912136.0
1654974000,1551.34,1565.0,1545.13,1546.92,915926.0
1654977600,1546.92,1550.74,1518.16,1523.01,858872.0
1654981200,1523.02,1544.31,1521.03,1539.36,548011.0
1654984800,1539.37,1552.92,1538.63,1548.11,427576.0
1654988400,1548.15,1548.92,1523.0,1533.38,844658.0
1654992000,1533.3,1542.7,1526.6,1537.16,781600.0
1654995600,1537.16,1538.68,1507.01,1513.78,1590546.0
1654999200,1513.68,1521.48,1444.96,1452.51,4680328.0
1655002800,1452.71,1474.99,1448.04,1465.77,2021103.0
1655006400,1465.76,1479.77,1451.2,1452.49,1436206.0
1655010000,1452.49,1455.63,1423.0,1430.28,2874286.0
1655013600,1430.28,1468.12,1427.55,1457.55,2208980.0
1655017200,1457.55,1472.66,1450.0,1470.71,1414558.0
1655020800,1470.55,1487.78,1463.0,1470.07,1790613.0
1655024400,1470.08,1479.99,1463.11,1463.77,1112265.0
1655028000,1463.42,1477.54,1456.77,1460.53,1379241.0
1655031600,1460.56,1474.99,1452.16,1468.77,1408824.0
1655035200,1468.76,1476.54,1462.02,1462.87,865372.0
1655038800,1462.87,1467.94,1435.0,1447.28,1750591.0
1655042400,1447.33,1535.76,1428.26,1510.7,6159654.0
1655046000,1510.69,1547.75,1505.1,1526.5,3893768.0
1655049600,1526.5,1532.92,1496.58,1506.69,1917137.0
1655053200,1506.75,1527.62,1505.98,1521.01,1091238.0
1655056800,1521.32,1522.97,1509.72,1512.54,669509.0
1655060400,1512.55,1516.89,1477.0,1479.6,1753404.0
1655064000,1479.72,1488.98,1476.11,1477.39,660484.0
1655067600,1477.38,1487.53,1471.0,1474.56,467636.0
1655071200,1474.56,1476.6,1453.59,1456.06,1681559.0
1655074800,1456.06,1467.47,1432.72,1435.5,1575458.0
1655078400,1435.25,1455.61,1383.51,1386.79,4605071.0
1655082000,1386.79,1399.66,1341.73,1364.1,6390231.0
1655085600,1364.11,1367.71,1336.85,1339.11,3739578.0
1655089200,1339.12,1371.0,1303.0,1351.14,6655856.0
1655092800,1351.05,1386.66,1342.73,1349.6,4445862.0
1655096400,1349.6,1368.88,1318.93,1323.16,3120659.0
1655100000,1323.18,1348.74,1295.42,1324.52,5301998.0
1655103600,1324.48,1339.73,1260.6,1283.46,6623121.0
1655107200,1283.14,1289.34,1203.6,1206.97,10458950.0
1655110800,1206.96,1267.0,1175.43,1237.36,11979380.0
1655114400,1237.13,1260.17,1215.1,1222.01,5966698.0
1655118000,1222.02,1231.65,1177.05,1209.02,6246593.0
1655121600,1208.98,1258.0,1208.24,1218.37,6167602.0
1655125200,1218.35,1250.0,1201.59,1237.42,6296694.0
1655128800,1237.41,1245.0,1163.27,1192.21,7382661.0
1655132400,1192.2,1244.5,1184.6,1229.43,6493289.0
1655136000,1229.53,1282.29,1217.04,1239.84,6350639.0
1655139600,1239.71,1242.57,1208.09,1239.0,3098656.0
1655143200,1239.01,1260.77,1230.21,1230.95,2280931.0
1655146800,1230.99,1237.9,1217.44,1228.43,1960788.0
1655150400,1228.41,1283.99,1228.21,1242.03,2175909.0
1655154000,1242.02,1248.1,1222.22,1229.27,1022795.0
1655157600,1229.09,1236.63,1191.0,1193.41,1763363.0
1655161200,1193.4,1214.12,1168.27,1209.65,4971242.0
1655164800,1209.77,1225.0,1171.7,1172.39,3624894.0
1655168400,1172.43,1188.64,1101.0,1101.81,8241517.0
1655172000,1101.81,1134.25,1073.9,1118.82,8888639.0
1655175600,1118.42,1177.66,1103.72,1173.12,6091860.0
1655179200,1173.14,1196.39,1135.3,1156.69,5674443.0
1655182800,1156.69,1253.81,1150.63,1227.01,7406096.0
1655186400,1227.0,1238.0,1206.7,1234.01,4258466.0
1655190000,1234.01,1255.0,1211.02,1240.79,5094144.0
1655193600,1240.59,1243.34,1214.0,1218.93,2763422.0
1655197200,1218.93,1230.82,1189.25,1190.82,3310694.0
1655200800,1190.83,1207.0,1176.13,1185.94,3456768.0
1655204400,1185.96,1191.24,1154.3,1175.11,3881063.0
1655208000,1175.12,1220.0,1157.5,1198.17,4670559.0
1655211600,1198.36,1230.0,1188.12,1219.2,4486423.0
1655215200,1218.97,1228.8,1189.54,1222.24,4536787.0
1655218800,1222.25,1262.43,1212.81,1250.36,4214330.0
1655222400,1250.14,1270.81,1220.69,1226.99,3225584.0
1655226000,1226.99,1244.56,1213.15,1213.54,2105022.0
1655229600,1213.53,1232.0,1205.09,1209.3,1914348.0
1655233200,1209.38,1213.0,1194.5,1205.73,1212665.0
1655236800,1205.93,1210.65,1177.77,1189.15,1561336.0
1655240400,1189.16,1194.0,1158.0,1168.75,1241084.0
1655244000,1168.75,1183.54,1166.36,1176.33,1201961.0
1655247600,1176.45,1221.67,1174.56,1209.4,2860042.0
1655251200,1209.27,1218.55,1188.5,1192.87,2026661.0
1655254800,1192.96,1232.0,1190.02,1220.77,2199356.0
1655258400,1220.83,1222.0,1195.0,1204.69,1687747.0
1655262000,1204.7,1210.85,1168.23,1173.61,2237000.0
1655265600,1173.56,1175.93,1120.66,1137.22,6291999.0
1655269200,1137.28,1144.94,1091.28,1123.56,5613771.0
1655272800,1123.5,1143.48,1105.57,1136.08,3861138.0
1655276400,1136.04,1138.4,1080.36,1094.12,4598686.0
1655280000,1094.31,1094.5,1021.0,1028.65,10093069.0
1655283600,1029.11,1044.5,1013.0,1030.96,6734947.0
1655287200,1030.88,1080.0,1025.09,1063.7,6543117.0
1655290800,1064.14,1134.18,1048.0,1119.68,6275209.0
1655294400,1119.68,1147.64,1105.0,1112.02,4861592.0
1655298000,1112.17,1160.0,1107.34,1139.45,5534393.0
1655301600,1139.36,1154.7,1093.78,1106.08,4823545.0
1655305200,1106.18,1125.82,1095.5,1120.07,3073794.0
1655308800,1120.17,1129.0,1071.69,1078.27,4270457.0
1655312400,1078.49,1136.48,1057.61,1113.85,5650995.0
1655316000,1113.97,1230.0,1042.7,1172.21,16915347.0
1655319600,1172.21,1217.11,1163.67,1170.91,5799169.0
1655323200,1171.0,1191.5,1153.2,1179.85,2356014.0
1655326800,1179.85,1252.31,1176.47,1226.67,1771106.0
1655330400,1226.66,1247.29,1213.27,1217.68,2939481.0
1655334000,1217.62,1240.0,1214.33,1237.4,1608323.0
1655337600,1237.18,1257.7,1222.27,1234.35,2504127.0
1655341200,1234.35,1255.95,1214.45,1214.79,1930706.0
1655344800,1214.96,1226.61,1211.43,1218.42,1543588.0
1655348400,1218.36,1223.0,1202.0,1209.73,1742060.0
1655352000,1209.73,1218.6,1186.54,1192.27,2001695.0
1655355600,1192.27,1205.22,1181.1,1182.77,1858226.0
1655359200,1182.78,1189.39,1170.16,1175.65,1811358.0
1655362800,1175.66,1184.44,1155.74,1165.07,2881429.0
1655366400,1165.07,1180.93,1153.84,1173.77,2386353.0
1655370000,1173.83,1175.83,1115.5,1127.58,4264277.0
1655373600,1127.55,1133.37,1091.28,1121.11,3569820.0
1655377200,1121.11,1126.97,1097.98,1110.76,2988785.0
1655380800,1110.81,1151.85,1102.88,1116.72,4636073.0
1655384400,1116.6,1132.0,1084.07,1097.43,4833275.0
1655388000,1097.42,1117.81,1080.99,1099.02,4182545.0
1655391600,1099.02,1128.5,1098.27,1114.81,2978372.0
1655395200,1114.77,1134.3,1095.3,1126.27,3671058.0
1655398800,1126.27,1131.0,1105.57,1107.39,2045791.0
1655402400,1107.39,1112.0,1096.55,1107.26,1659089.0
1655406000,1107.31,1117.7,1092.15,1096.32,1705447.0
1655409600,1096.24,1115.18,1085.52,1099.76,1655844.0
1655413200,1099.85,1119.84,1097.68,1102.64,929255.0
1655416800,1102.63,1104.61,1064.27,1066.43,2079265.0
1655420400,1066.47,1074.68,1050.22,1068.35,2666413.0
1655424000,1068.44,1087.78,1050.28,1065.58,2719262.0
1655427600,1065.58,1116.59,1064.27,1107.46,4034636.0
1655431200,1107.44,1117.67,1083.95,1087.77,2531706.0
1655434800,1087.74,1095.5,1069.0,1071.78,1789885.0
1655438400,1071.69,1092.6,1067.21,1086.36,1762789.0
1655442000,1086.33,1111.88,1084.04,1100.21,1950867.0
1655445600,1100.22,1109.63,1087.25,1104.8,2236495.0
1655449200,1104.8,1119.0,1096.24,1099.29,2725933.0
1655452800,1099.29,1113.41,1093.11,1095.77,2092102.0
1655456400,1095.7,1103.23,1085.7,1092.9,1929824.0
1655460000,1092.9,1105.65,1088.06,1104.2,1503635.0
1655463600,1104.21,1111.09,1091.0,1092.49,1839692.0
1655467200,1092.49,1098.66,1070.21,1075.34,2436576.0
1655470800,1075.33,1102.32,1070.9,1094.79,3328270.0
1655474400,1094.68,1095.7,1063.62,1075.73,3410847.0
1655478000,1075.66,1088.77,1071.72,1084.4,2379423.0
1655481600,1084.55,1093.56,1071.4,1076.31,2326238.0
1655485200,1076.38,1086.86,1072.57,1080.18,1503109.0
1655488800,1080.26,1087.28,1076.6,1080.69,904868.0
1655492400,1080.69,1083.53,1073.29,1080.06,787045.0
1655496000,1080.06,1099.65,1079.92,1095.23,1041696.0
1655499600,1095.23,1100.0,1080.26,1081.3,521911.0
1655503200,1081.31,1088.61,1075.0,1083.91,809664.0
1655506800,1083.92,1093.56,1081.83,1086.62,552885.0
1655510400,1086.62,1098.0,1082.13,1088.04,1212462.0
1655514000,1088.04,1092.72,1073.14,1076.32,1226836.0
1655517600,1076.33,1083.28,1071.2,1082.15,1079052.0
1655521200,1082.11,1083.71,1075.2,1079.16,737170.0
1655524800,1079.16,1081.0,1074.47,1080.74,735095.0
1655528400,1080.75,1083.4,1075.51,1078.39,611668.0
1655532000,1078.4,1079.56,990.0,1018.82,5545707.0
1655535600,1018.8,1029.0,985.0,1003.2,7146179.0
1655539200,1003.38,1008.99,974.24,990.32,5763076.0
1655542800,990.32,999.92,983.98,994.6,2638972.0
1655546400,994.52,1018.48,993.04,1006.11,3065931.0
1655550000,1006.26,1014.99,998.11,1004.8,2031610.0
1655553600,1004.8,1008.88,995.53,999.64,1632326.0
1655557200,999.67,1004.68,993.0,999.98,1623932.0
1655560800,999.97,1004.88,992.0,993.06,1243238.0
1655564400,993.05,997.32,987.5,990.21,1572633.0
1655568000,990.2,1000.0,965.55,982.3,2718282.0
1655571600,982.31,989.0,955.0,962.59,3543723.0
1655575200,962.57,964.3,932.0,938.38,4672575.0
1655578800,938.37,944.62,912.16,914.5,4465534.0
1655582400,914.69,926.4,878.73,903.92,8521572.0
1655586000,903.8,971.77,900.58,943.02,4706294.0
1655589600,942.92,1016.81,937.48,991.33,5961033.0
1655593200,991.34,1005.7,978.73,994.68,3009136.0
1655596800,994.86,1010.0,986.56,990.54,3226728.0
1655600400,990.65,996.16,958.0,961.9,2896439.0
1655604000,962.02,968.0,940.0,950.11,3056092.0
1655607600,950.1,978.87,947.38,952.99,3134468.0
1655611200,952.87,973.64,948.0,967.39,2314034.0
1655614800,967.37,970.16,935.69,946.1,3459434.0
1655618400,946.09,965.0,938.06,954.44,2306121.0
1655622000,954.45,973.0,952.3,955.66,1986146.0
1655625600,955.75,971.47,952.54,967.91,1853177.0
1655629200,967.96,1013.0,964.18,992.18,5294376.0
1655632800,992.14,1080.0,987.21,1063.52,9021365.0
1655636400,1063.73,1066.97,1047.41,1055.22,2667218.0
1655640000,1055.22,1070.0,1027.03,1033.03,4369994.0
1655643600,1033.16,1046.9,1018.0,1021.35,2321169.0
1655647200,1021.27,1040.79,1018.56,1037.41,1964957.0
1655650800,1037.42,1079.0,1027.37,1071.85,4113312.0
1655654400,1071.83,1074.98,1045.79,1052.61,2467708.0
1655658000,1052.55,1057.29,1042.29,1047.12,1195889.0
1655661600,1047.03,1120.0,1045.21,1111.48,3230953.0
1655665200,1111.48,1131.0,1089.4,1100.0,3766851.0
1655668800,1100.04,1160.0,1097.53,1141.25,4184847.0
1655672400,1141.36,1143.8,1125.51,1132.0,1285112.0
1655676000,1132.06,1151.87,1126.0,1141.46,1707976.0
1655679600,1141.45,1143.28,1118.66,1127.96,1265593.0
1655683200,1128.24,1133.45,1082.48,1088.26,2795382.0
1655686800,1088.11,1095.0,1066.3,1075.75,2490813.0
1655690400,1075.75,1094.28,1052.12,1075.09,2978065.0
1655694000,1075.06,1092.24,1066.5,1079.55,1994014.0
1655697600,1079.56,1092.31,1066.78,1069.13,1787147.0
1655701200,1069.14,1083.0,1059.88,1081.08,2069260.0
1655704800,1081.07,1092.05,1069.18,1084.98,2240346.0
1655708400,1084.84,1087.63,1066.11,1079.69,1982859.0
1655712000,1079.72,1132.46,1076.36,1126.14,5285564.0
1655715600,1126.1,1139.0,1116.66,1124.0,3774625.0
1655719200,1123.98,1171.64,1117.0,1160.96,4791990.0
1655722800,1160.97,1167.75,1145.0,1152.87,2833609.0
1655726400,1152.79,1154.0,1121.0,1130.95,3615340.0
1655730000,1131.03,1141.66,1106.2,1116.83,3392110.0
1655733600,1116.82,1145.86,1115.53,1140.4,2660671.0
1655737200,1140.42,1153.97,1120.0,1134.18,3263239.0
1655740800,1134.1,1136.47,1102.4,1108.72,3195517.0
1655744400,1108.68,1120.89,1094.0,1097.27,2798358.0
1655748000,1097.17,1104.47,1083.0,1102.33,2362358.0
1655751600,1102.22,1111.57,1088.0,1106.11,1483308.0
1655755200,1106.18,1128.3,1100.89,1121.43,1516424.0
1655758800,1121.38,1126.67,1098.51,1103.18,848159.0
1655762400,1103.23,1111.53,1090.6,1107.79,1296890.0
1655766000,1107.8,1138.91,1101.66,1128.34,2300785.0
1655769600,1128.33,1133.36,1108.54,1129.8,2191829.0
1655773200,1129.8,1144.22,1119.35,1131.74,2014651.0
1655776800,1131.63,1134.58,1113.65,1119.59,1673916.0
1655780400,1119.6,1134.04,1113.55,1130.65,2242028.0
1655784000,1130.65,1138.0,1117.71,1130.9,1749574.0
1655787600,1130.87,1158.9,1130.58,1150.44,3293805.0
1655791200,1150.37,1164.9,1150.37,1160.17,2454045.0
1655794800,1160.39,1163.98,1138.8,1147.74,2137569.0
1655798400,1147.68,1178.0,1139.0,1166.44,3583654.0
1655802000,1166.45,1173.0,1156.0,1157.69,1765130.0
1655805600,1157.69,1163.77,1149.83,1161.67,1372548.0
1655809200,1161.7,1166.36,1137.09,1141.46,2443885.0
1655812800,1141.37,1154.0,1135.2,1147.96,2122061.0
1655816400,1147.97,1189.5,1141.64,1184.54,4417174.0
1655820000,1184.48,1195.0,1173.96,1183.02,3400867.0
1655823600,1183.01,1183.82,1165.86,1168.51,1947996.0
1655827200,1168.5,1174.89,1163.0,1167.45,1418277.0
1655830800,1167.45,1172.38,1148.09,1152.11,1510228.0
1655834400,1152.11,1152.99,1142.02,1143.64,1308465.0
1655838000,1143.77,1155.4,1122.02,1124.23,1931367.0
1655841600,1124.23,1128.75,1113.27,1122.94,1654035.0
1655845200,1122.94,1136.0,1122.3,1129.79,834626.0
1655848800,1129.7,1141.7,1122.23,1137.88,1253930.0
1655852400,1137.88,1141.3,1118.5,1125.92,1465648.0
1655856000,1125.92,1127.42,1105.0,1118.19,2209962.0
1655859600,1118.15,1126.51,1101.0,1101.66,1938932.0
1655863200,1101.73,1108.66,1093.0,1102.79,2364877.0
1655866800,1102.77,1107.19,1084.66,1089.22,1899231.0
1655870400,1089.36,1102.4,1085.23,1099.34,2254570.0
1655874000,1099.33,1107.0,1092.46,1092.88,1461371.0
1655877600,1092.95,1098.66,1070.22,1078.34,3280792.0
1655881200,1078.48,1084.9,1065.21,1075.19,2642132.0
1655884800,1075.24,1082.25,1069.06,1081.28,1844203.0
1655888400,1081.34,1097.77,1078.44,1091.21,2667484.0
1655892000,1091.05,1095.71,1085.22,1089.42,1272353.0
1655895600,1089.42,1107.5,1087.5,1096.91,1890579.0
1655899200,1097.0,1097.23,1070.8,1082.93,2855353.0
1655902800,1082.93,1116.0,1075.65,1111.94,4416921.0
1655906400,1111.79,1124.73,1106.97,1109.97,3535286.0
1655910000,1109.98,1110.41,1074.03,1075.04,3428042.0
1655913600,1075.02,1079.71,1053.12,1078.99,5202389.0
1655917200,1078.99,1088.94,1072.2,1082.07,2145647.0
1655920800,1082.08,1088.78,1078.03,1081.38,1033272.0
1655924400,1081.32,1083.99,1060.37,1070.54,1469736.0
1655928000,1070.56,1074.9,1043.07,1049.55,2455617.0
1655931600,1049.58,1063.98,1046.05,1059.42,1147586.0
1655935200,1059.43,1067.0,1055.0,1061.84,1031743.0
1655938800,1061.94,1063.6,1048.46,1050.31,906931.0
1655942400,1050.32,1084.66,1044.5,1078.42,2792398.0
1655946000,1078.49,1098.34,1073.08,1084.74,2027520.0
1655949600,1084.77,1093.44,1082.38,1085.32,1188854.0
1655953200,1085.32,1086.47,1075.43,1076.16,1054150.0
1655956800,1076.16,1090.0,1071.56,1087.27,1469523.0
1655960400,1087.31,1092.55,1082.0,1085.3,1263052.0
1655964000,1085.29,1110.0,1082.48,1099.63,2371257.0
1655967600,1099.7,1106.84,1089.9,1091.43,1641638.0
1655971200,1091.44,1103.65,1090.96,1097.64,1570500.0
1655974800,1097.51,1119.0,1092.13,1110.48,1925213.0
1655978400,1110.48,1116.46,1108.27,1109.58,1767520.0
1655982000,1109.59,1110.64,1102.42,1106.28,952079.0
1655985600,1106.28,1133.93,1105.73,1118.43,3462818.0
1655989200,1118.44,1124.3,1100.22,1107.82,2890239.0
1655992800,1107.82,1113.19,1100.36,1111.23,1717607.0
1655996400,1111.23,1112.7,1086.55,1093.71,2411986.0
1656000000,1093.79,1098.07,1087.5,1090.05,1498342.0
1656003600,1089.99,1098.74,1082.1,1093.55,1193840.0
1656007200,1093.55,1104.47,1089.0,1101.84,1109422.0
1656010800,1101.96,1128.33,1099.5,1126.45,2350351.0
1656014400,1126.49,1147.31,1120.01,1135.72,2569475.0
1656018000,1135.69,1137.58,1121.42,1121.72,903007.0
1656021600,1121.76,1155.77,1121.0,1141.31,3189313.0
1656025200,1141.31,1151.59,1140.0,1144.1,1045338.0
1656028800,1143.81,1160.19,1140.2,1143.0,1757393.0
1656032400,1143.01,1164.06,1141.07,1150.93,1708403.0
1656036000,1150.94,1168.0,1148.71,1152.25,1838636.0
1656039600,1152.25,1159.93,1147.36,1150.17,1113266.0
1656043200,1150.16,1160.51,1145.45,1147.94,1389621.0
1656046800,1147.94,1156.59,1136.6,1141.73,1378301.0
1656050400,1141.7,1143.86,1131.41,1136.14,1621772.0
1656054000,1136.14,1157.98,1131.78,1148.18,2307033.0
1656057600,1148.18,1162.65,1147.68,1158.79,1684760.0
1656061200,1158.78,1161.0,1142.56,1146.78,1310885.0
1656064800,1146.97,1165.95,1145.08,1162.92,1475621.0
1656068400,1162.92,1208.48,1161.0,1195.31,5783816.0
1656072000,1195.42,1228.0,1191.64,1210.8,5095589.0
1656075600,1210.82,1222.12,1201.99,1202.77,2465720.0
1656079200,1202.8,1214.86,1193.3,1201.92,2552082.0
1656082800,1201.84,1203.55,1188.83,1198.06,1907884.0
1656086400,1198.05,1207.0,1183.41,1204.6,2200912.0
1656090000,1204.6,1218.9,1201.25,1203.65,2591138.0
1656093600,1203.66,1226.0,1199.86,1221.33,1427483.0
1656097200,1221.15,1238.3,1211.17,1227.62,1661259.0
1656100800,1227.7,1244.69,1214.46,1219.44,2336593.0
1656104400,1219.44,1227.16,1214.77,1224.71,744728.0
1656108000,1224.74,1247.0,1222.87,1230.01,2262833.0
1656111600,1230.0,1243.0,1222.25,1224.91,1561096.0
1656115200,1224.9,1227.79,1208.15,1216.19,2001665.0
1656118800,1216.19,1224.87,1211.37,1223.42,867031.0
1656122400,1223.42,1227.95,1204.1,1207.37,1163586.0
1656126000,1207.37,1226.5,1205.62,1223.42,1375627.0
1656129600,1223.44,1224.8,1213.05,1221.22,974255.0
1656133200,1221.21,1231.0,1217.64,1218.17,1266916.0
1656136800,1218.17,1222.62,1210.0,1219.79,1210939.0
1656140400,1219.84,1239.73,1219.41,1234.5,2119654.0
1656144000,1234.5,1242.32,1224.33,1226.81,1359687.0
1656147600,1226.81,1237.3,1224.01,1227.01,1338551.0
1656151200,1227.02,1233.88,1219.0,1225.65,1167680.0
1656154800,1225.65,1231.55,1212.35,1217.03,1242236.0
1656158400,1217.05,1219.75,1188.02,1196.95,3234380.0
1656162000,1196.87,1209.33,1188.93,1199.52,2246097.0
1656165600,1199.54,1206.67,1191.0,1193.73,1498146.0
1656169200,1193.71,1203.6,1181.5,1184.24,2193003.0
1656172800,1184.16,1195.26,1180.02,1192.96,1257045.0
1656176400,1192.95,1205.2,1187.09,1196.4,1317263.0
1656180000,1196.4,1214.0,1191.0,1212.2,1110635.0
1656183600,1212.14,1214.0,1202.23,1205.55,641682.0
1656187200,1205.43,1210.9,1201.06,1208.97,461656.0
1656190800,1209.05,1257.54,1207.28,1248.94,2660801.0
1656194400,1248.8,1254.13,1240.59,1241.87,1203427.0
1656198000,1241.98,1249.0,1239.65,1241.99,892135.0
1656201600,1241.99,1245.72,1234.66,1239.72,871509.0
1656205200,1239.72,1245.98,1227.83,1235.67,1305409.0
1656208800,1235.79,1236.72,1227.22,1231.76,716873.0
1656212400,1231.76,1235.93,1229.15,1233.25,501406.0
1656216000,1233.25,1242.55,1232.0,1237.24,892309.0
1656219600,1237.25,1242.1,1231.67,1239.7,640701.0
1656223200,1239.81,1252.25,1232.3,1246.15,1645144.0
1656226800,1246.22,1248.0,1236.18,1238.22,1183212.0
1656230400,1238.22,1246.24,1237.8,1243.74,752991.0
1656234000,1243.75,1251.8,1235.14,1239.51,1532112.0
1656237600,1239.5,1248.23,1237.0,1244.06,959998.0
1656241200,1244.07,1279.0,1241.3,1269.18,3651463.0
1656244800,1269.12,1283.0,1238.0,1240.48,4514547.0
1656248400,1240.47,1242.72,1222.7,1228.86,3418981.0
1656252000,1228.81,1235.5,1225.46,1230.0,1488443.0
1656255600,1230.0,1230.92,1211.64,1223.5,2144062.0
1656259200,1223.25,1233.91,1217.57,1225.4,1383029.0
1656262800,1225.42,1227.97,1212.43,1222.86,1294425.0
1656266400,1222.89,1224.01,1209.0,1217.84,978687.0
1656270000,1217.83,1229.45,1216.95,1226.07,585324.0
1656273600,1225.95,1249.93,1223.48,1247.34,1079564.0
1656277200,1247.35,1252.09,1235.72,1238.56,915061.0
1656280800,1238.57,1241.35,1205.0,1213.94,2429339.0
1656284400,1213.94,1220.98,1194.34,1197.57,1752453.0
1656288000,1197.7,1215.97,1195.26,1210.0,1697272.0
1656291600,1209.93,1218.86,1202.0,1215.89,1407490.0
1656295200,1215.89,1224.69,1212.0,1219.0,1119279.0
1656298800,1219.06,1227.19,1215.12,1219.6,995920.0
1656302400,1219.6,1227.8,1216.62,1223.19,1021050.0
1656306000,1223.19,1224.02,1213.09,1215.01,881922.0
1656309600,1215.01,1222.27,1212.31,1221.06,722641.0
1656313200,1221.06,1238.0,1220.16,1227.71,1941090.0
1656316800,1227.69,1235.0,1223.52,1232.45,1210582.0
1656320400,1232.54,1236.27,1228.16,1233.29,1032632.0
1656324000,1233.29,1238.0,1229.1,1233.0,1043571.0
1656327600,1233.01,1235.43,1216.8,1220.29,1528609.0
1656331200,1220.2,1224.44,1210.1,1215.81,1741134.0
1656334800,1215.82,1219.59,1181.25,1183.73,4793118.0
1656338400,1183.74,1192.77,1171.0,1190.8,3579860.0
1656342000,1190.89,1194.29,1180.85,1187.54,1509080.0
1656345600,1187.54,1193.33,1182.2,1191.06,1082493.0
1656349200,1191.06,1192.36,1184.3,1186.86,613905.0
1656352800,1186.85,1211.47,1173.33,1198.67,3067110.0
1656356400,1198.56,1201.46,1186.67,1197.07,1174167.0
1656360000,1196.87,1206.2,1196.87,1202.83,496845.0
1656363600,1202.84,1206.0,1196.08,1199.49,395810.0
1656367200,1199.55,1219.2,1196.64,1202.3,1650991.0
1656370800,1202.31,1207.28,1189.0,1192.32,1162149.0
1656374400,1192.3,1199.65,1176.66,1185.93,2059309.0
1656378000,1185.94,1191.64,1164.93,1171.17,2406831.0
1656381600,1171.22,1177.88,1162.01,1175.21,2071182.0
1656385200,1175.2,1184.1,1174.18,1181.61,1091934.0
1656388800,1181.76,1188.65,1178.53,1186.07,1035361.0
1656392400,1186.06,1192.76,1182.95,1184.43,1177511.0
1656396000,1184.43,1203.85,1184.0,1199.07,1985389.0
1656399600,1199.19,1215.0,1199.19,1207.37,2188439.0
1656403200,1207.36,1229.0,1203.51,1224.99,3070066.0
1656406800,1224.91,1234.66,1221.38,1223.31,2253900.0
1656410400,1223.39,1226.22,1217.0,1221.94,1107858.0
1656414000,1221.88,1233.7,1214.46,1223.14,1695571.0
1656417600,1223.2,1233.33,1221.0,1221.61,1437363.0
1656421200,1221.6,1240.0,1217.4,1227.54,2706467.0
1656424800,1227.55,1229.91,1196.59,1204.58,4070301.0
1656428400,1204.44,1204.88,1182.3,1184.31,2815072.0
1656432000,1184.33,1194.22,1179.39,1189.8,2582589.0
1656435600,1189.79,1191.01,1173.19,1178.78,1926482.0
1656439200,1178.92,1179.34,1154.03,1162.82,3384888.0
1656442800,1162.81,1163.35,1152.71,1156.7,1172662.0
1656446400,1156.79,1166.73,1154.28,1162.48,1232680.0
1656450000,1162.34,1169.17,1162.0,1167.85,664634.0
1656453600,1167.82,1168.27,1143.81,1148.57,1341851.0
1656457200,1148.56,1152.45,1136.0,1144.46,1959118.0
1656460800,1144.45,1153.03,1132.51,1141.73,2248841.0
1656464400,1141.69,1154.5,1138.59,1150.9,1129409.0
1656468000,1150.91,1157.0,1145.04,1149.95,1304876.0
1656471600,1149.95,1153.02,1141.23,1144.93,1398066.0
1656475200,1144.92,1154.9,1143.53,1149.81,1465805.0
1656478800,1149.72,1152.6,1125.0,1132.9,2481111.0
1656482400,1132.97,1134.86,1114.0,1119.28,3666549.0
1656486000,1119.28,1132.72,1117.0,1130.57,2153057.0
1656489600,1130.57,1134.83,1122.8,1124.8,1460705.0
1656493200,1124.92,1142.94,1123.21,1129.63,2093932.0
1656496800,1129.67,1135.2,1124.55,1127.66,1357014.0
1656500400,1127.75,1128.92,1101.86,1118.18,4279627.0
1656504000,1118.2,1124.22,1104.0,1106.99,2922574.0
1656507600,1106.92,1116.98,1090.19,1110.95,4569346.0
1656511200,1110.97,1123.28,1108.7,1116.26,3500896.0
1656514800,1116.27,1119.0,1104.0,1114.47,2284097.0
1656518400,1114.37,1116.04,1094.21,1099.21,2296145.0
1656522000,1099.27,1105.64,1087.17,1105.22,3235953.0
1656525600,1105.24,1111.59,1100.35,1103.66,1559370.0
1656529200,1103.64,1120.0,1101.32,1118.23,1238379.0
1656532800,1118.23,1122.82,1104.65,1109.76,1624613.0
1656536400,1109.75,1118.68,1107.74,1113.96,529218.0
1656540000,1113.97,1120.0,1104.17,1109.02,939069.0
1656543600,1109.01,1109.2,1092.4,1099.99,1624727.0
1656547200,1100.0,1106.98,1088.01,1092.38,2490988.0
1656550800,1092.3,1099.08,1076.0,1086.87,2445229.0
1656554400,1086.87,1097.0,1085.17,1092.58,979800.0
1656558000,1092.66,1094.79,1086.47,1093.69,840121.0
1656561600,1093.62,1096.99,1088.01,1091.83,1310825.0
1656565200,1091.78,1096.66,1083.39,1089.21,1838455.0
1656568800,1089.22,1092.5,1056.0,1060.56,3872993.0
1656572400,1060.68,1063.0,1050.63,1057.78,2146987.0
1656576000,1057.51,1057.84,1041.01,1049.59,2579421.0
1656579600,1049.58,1051.43,1014.15,1028.46,6882486.0
1656583200,1028.46,1029.87,1011.46,1021.86,2773947.0
1656586800,1021.81,1029.0,1012.0,1018.43,3193551.0
1656590400,1018.43,1041.07,1013.57,1031.92,3848306.0
1656594000,1031.92,1037.01,996.0,1007.55,6125064.0
1656597600,1007.55,1028.49,1007.0,1026.21,3280035.0
1656601200,1026.21,1041.0,1023.1,1031.72,3235683.0
1656604800,1031.73,1047.89,1024.33,1033.91,2821331.0
1656608400,1033.91,1040.94,1029.08,1033.58,1414638.0
1656612000,1033.58,1034.9,1017.35,1021.6,1524202.0
1656615600,1021.59,1026.2,1011.61,1020.78,1890614.0
1656619200,1020.79,1032.78,1004.23,1011.46,2669209.0
1656622800,1011.32,1037.5,1011.0,1021.78,1704406.0
1656626400,1021.91,1033.0,1014.09,1024.05,1659888.0
1656630000,1023.93,1085.0,1017.43,1071.54,4888775.0
1656633600,1071.64,1119.0,1050.41,1095.38,8389472.0
1656637200,1095.38,1102.88,1085.0,1096.15,2851799.0
1656640800,1096.15,1108.47,1090.5,1092.29,1935563.0
1656644400,1092.29,1093.06,1054.45,1054.61,3619093.0
1656648000,1054.62,1064.73,1043.52,1050.62,4486106.0
1656651600,1050.63,1063.57,1047.13,1057.18,2404059.0
1656655200,1057.1,1059.86,1049.48,1055.89,1547313.0
1656658800,1055.81,1077.81,1050.41,1066.83,2733087.0
1656662400,1066.83,1090.0,1062.04,1070.0,3142999.0
1656666000,1070.0,1075.83,1060.35,1063.89,2496162.0
1656669600,1063.88,1068.66,1035.75,1039.57,3781348.0
1656673200,1039.58,1052.66,1033.14,1050.14,2311512.0
1656676800,1050.19,1056.96,1042.0,1049.5,1854203.0
1656680400,1049.37,1075.39,1044.16,1061.98,4303798.0
1656684000,1061.98,1067.08,1045.22,1057.17,3301622.0
1656687600,1057.17,1066.0,1052.49,1056.96,1682784.0
1656691200,1056.8,1072.27,1054.76,1064.49,1615927.0
1656694800,1064.41,1083.0,1061.85,1073.87,1817582.0
1656698400,1074.03,1077.08,1067.5,1071.29,1102519.0
1656702000,1071.27,1073.3,1057.56,1068.49,1320536.0
1656705600,1068.22,1092.71,1064.92,1068.97,2252840.0
1656709200,1069.1,1078.0,1062.08,1068.08,569818.0
1656712800,1068.08,1070.84,1060.0,1064.27,815002.0
1656716400,1064.52,1074.8,1054.18,1059.63,1193564.0
1656720000,1059.65,1069.77,1050.5,1052.25,2011396.0
1656723600,1052.21,1064.64,1047.0,1058.99,1575765.0
1656727200,1058.89,1063.73,1036.0,1041.77,2517164.0
1656730800,1041.77,1043.58,1033.25,1037.95,1626660.0
1656734400,1037.95,1047.39,1035.81,1045.18,1114053.0
1656738000,1045.17,1051.78,1043.06,1046.19,1015030.0
1656741600,1046.19,1050.61,1044.31,1047.45,694499.0
1656745200,1047.44,1053.76,1040.22,1041.95,1014574.0
1656748800,1041.98,1045.66,1036.74,1039.68,1054932.0
1656752400,1039.69,1045.61,1027.28,1041.11,2316651.0
1656756000,1041.12,1049.0,1035.36,1045.8,1323268.0
1656759600,1045.79,1047.44,1038.49,1043.8,872461.0
1656763200,1043.83,1065.84,1039.52,1058.55,3045870.0
1656766800,1058.57,1059.26,1049.56,1052.56,1149009.0
1656770400,1052.56,1062.93,1051.56,1054.82,1222071.0
1656774000,1054.92,1056.0,1043.81,1052.85,1608308.0
1656777600,1052.89,1068.26,1049.0,1061.65,2065941.0
1656781200,1061.55,1067.16,1059.0,1063.18,832773.0
1656784800,1063.04,1078.0,1061.68,1070.07,1326675.0
1656788400,1070.01,1079.5,1061.7,1066.08,1387626.0
1656792000,1066.09,1068.22,1060.02,1064.23,519008.0
1656795600,1064.24,1074.5,1063.32,1072.95,642163.0
1656799200,1072.94,1075.53,1068.12,1070.46,540397.0
1656802800,1070.44,1071.57,1065.6,1067.0,527961.0
1656806400,1067.0,1071.74,1055.5,1063.06,994552.0
1656810000,1063.07,1064.0,1054.0,1056.66,790237.0
1656813600,1056.6,1062.0,1056.04,1060.95,662397.0
1656817200,1060.95,1066.42,1057.07,1062.33,725736.0
1656820800,1062.32,1075.0,1040.6,1073.95,2863360.0
1656824400,1074.09,1089.0,1056.65,1058.76,4430188.0
1656828000,1058.73,1065.83,1057.0,1064.56,1189127.0
1656831600,1064.56,1065.08,1059.7,1063.92,578998.0
1656835200,1063.92,1065.38,1049.74,1057.64,1431355.0
1656838800,1057.69,1061.34,1053.15,1059.05,885206.0
1656842400,1059.04,1064.0,1058.27,1061.07,620878.0
1656846000,1061.19,1065.33,1060.05,1061.03,481344.0
1656849600,1061.05,1063.44,1047.0,1054.69,1275032.0
1656853200,1054.65,1055.58,1041.0,1042.59,1589784.0
1656856800,1042.58,1053.96,1040.2,1051.43,1133978.0
1656860400,1051.42,1056.67,1049.01,1050.47,907755.0
1656864000,1050.48,1061.6,1049.12,1057.51,1110232.0
1656867600,1057.43,1063.78,1053.58,1060.01,571972.0
1656871200,1060.36,1064.0,1057.1,1059.53,467463.0
1656874800,1059.54,1084.03,1058.84,1077.54,1649763.0
1656878400,1077.59,1087.08,1077.49,1084.7,1572823.0
1656882000,1084.63,1087.03,1074.05,1076.05,926933.0
1656885600,1075.96,1082.0,1069.91,1075.9,826944.0
1656889200,1075.91,1079.21,1069.5,1074.0,739053.0
1656892800,1073.89,1076.58,1067.14,1072.44,1126382.0
1656896400,1072.52,1074.77,1067.39,1074.19,761498.0
1656900000,1074.19,1075.57,1049.0,1050.33,2083713.0
1656903600,1050.48,1054.56,1047.25,1051.56,1123533.0
1656907200,1051.55,1056.5,1050.41,1055.05,719623.0
1656910800,1055.06,1057.73,1052.92,1054.5,506890.0
1656914400,1054.5,1058.5,1045.0,1047.32,1062062.0
1656918000,1047.32,1052.53,1046.0,1050.68,990514.0
1656921600,1050.67,1054.5,1050.01,1050.87,604101.0
1656925200,1050.86,1073.14,1050.13,1068.64,2779009.0
1656928800,1068.74,1079.98,1068.42,1074.84,2339809.0
1656932400,1074.85,1106.58,1071.25,1100.93,4591503.0
1656936000,1100.92,1114.98,1100.16,1108.2,3747205.0
1656939600,1108.19,1109.46,1088.2,1089.53,2292317.0
1656943200,1089.53,1095.95,1084.01,1090.01,2140969.0
1656946800,1090.01,1137.0,1090.01,1111.95,5735805.0
1656950400,1111.95,1116.88,1103.0,1109.32,1751895.0
1656954000,1109.32,1135.0,1108.53,1125.68,2954971.0
1656957600,1125.69,1136.6,1119.39,1130.06,1503314.0
1656961200,1130.07,1133.93,1118.11,1123.08,1214522.0
1656964800,1123.07,1126.8,1116.51,1121.43,699380.0
1656968400,1121.52,1147.69,1119.02,1135.02,1263310.0
1656972000,1135.03,1149.99,1130.81,1142.89,2174372.0
1656975600,1142.81,1160.87,1140.16,1150.67,2930131.0
1656979200,1150.57,1164.0,1147.61,1153.01,2505505.0
1656982800,1152.92,1155.12,1145.21,1151.36,1258319.0
1656986400,1151.1,1152.09,1141.76,1144.02,1133142.0
1656990000,1144.02,1156.4,1143.75,1153.2,956069.0
1656993600,1153.19,1153.9,1142.02,1150.76,1143749.0
1656997200,1150.77,1167.98,1147.5,1157.67,2536633.0
1657000800,1157.66,1177.1,1156.91,1165.58,2176469.0
1657004400,1165.57,1165.64,1153.02,1157.98,1836786.0
1657008000,1158.06,1158.4,1133.6,1138.0,3923213.0
1657011600,1137.99,1141.5,1121.08,1130.02,3265512.0
1657015200,1130.02,1133.66,1125.4,1129.33,1590056.0
1657018800,1129.34,1134.67,1108.0,1112.39,2772350.0
1657022400,1112.46,1113.27,1092.37,1093.57,3884286.0
1657026000,1093.45,1105.55,1087.0,1095.01,4158180.0
1657029600,1095.0,1108.33,1089.0,1093.77,3174355.0
1657033200,1093.77,1095.49,1077.0,1093.08,3443177.0
1657036800,1093.2,1104.59,1088.41,1095.32,2698381.0
1657040400,1095.32,1107.67,1094.21,1102.59,1419637.0
1657044000,1102.6,1128.07,1099.23,1127.34,2626290.0
1657047600,1127.35,1152.88,1123.72,1146.54,3674118.0
1657051200,1146.64,1170.0,1144.63,1154.56,3337996.0
1657054800,1154.42,1159.6,1138.05,1152.7,2062485.0
1657058400,1152.51,1155.48,1138.03,1151.54,1203599.0
1657062000,1151.65,1151.65,1127.5,1132.04,1433170.0
1657065600,1132.13,1154.58,1124.4,1143.93,2486949.0
1657069200,1143.94,1147.73,1113.0,1115.01,2760054.0
1657072800,1115.01,1123.74,1111.3,1119.03,1936103.0
1657076400,1118.97,1133.87,1113.71,1131.1,1964303.0
1657080000,1131.1,1150.78,1127.48,1132.29,3645008.0
1657083600,1132.29,1142.81,1121.78,1132.01,2830431.0
1657087200,1132.02,1135.95,1120.36,1134.98,1879426.0
1657090800,1134.98,1145.0,1132.57,1139.37,1883637.0
1657094400,1139.27,1149.45,1133.88,1140.71,2037039.0
1657098000,1140.66,1156.0,1137.31,1146.58,1820266.0
1657101600,1146.57,1147.85,1132.7,1140.72,2247167.0
1657105200,1140.66,1142.08,1127.69,1133.91,1892899.0
1657108800,1133.85,1140.0,1122.63,1135.88,2162230.0
1657112400,1135.87,1150.96,1127.2,1140.99,3658958.0
1657116000,1140.88,1146.57,1132.33,1139.39,2183436.0
1657119600,1139.35,1139.71,1127.5,1133.4,1647948.0
1657123200,1133.24,1147.3,1132.0,1145.27,1668309.0
1657126800,1145.35,1150.0,1137.75,1141.53,1362969.0
1657130400,1141.55,1165.8,1133.86,1162.45,4441875.0
1657134000,1162.45,1168.62,1147.8,1153.22,1660303.0
1657137600,1153.22,1164.64,1150.62,1161.41,1484560.0
1657141200,1161.36,1164.55,1155.0,1161.6,584689.0
1657144800,1161.67,1194.28,1161.18,1190.39,3124373.0
1657148400,1190.4,1205.0,1185.51,1186.29,2204189.0
1657152000,1186.32,1189.77,1180.24,1184.41,1326250.0
1657155600,1184.42,1189.16,1178.83,1184.47,1309127.0
1657159200,1184.47,1186.98,1166.5,1170.76,2149397.0
1657162800,1170.75,1178.42,1167.85,1176.27,1152333.0
1657166400,1176.28,1177.48,1165.0,1171.99,1402051.0
1657170000,1172.0,1175.5,1163.0,1164.99,1287328.0
1657173600,1164.99,1170.5,1163.15,1169.13,811738.0
1657177200,1169.12,1178.8,1166.58,1176.7,1317942.0
1657180800,1176.7,1191.07,1172.43,1185.86,2433317.0
1657184400,1185.85,1193.99,1181.8,1183.88,812658.0
1657188000,1183.88,1186.0,1179.5,1185.47,475935.0
1657191600,1185.48,1186.0,1177.6,1185.73,1023302.0
1657195200,1185.72,1192.0,1178.66,1187.07,1845913.0
1657198800,1187.08,1202.85,1181.23,1196.63,3044565.0
1657202400,1196.64,1230.0,1192.48,1222.78,6836805.0
1657206000,1222.78,1228.73,1213.32,1219.95,2462555.0
1657209600,1219.91,1241.4,1215.0,1233.16,3603338.0
1657213200,1233.32,1233.9,1217.0,1222.3,2210332.0
1657216800,1222.35,1237.21,1221.05,1233.89,1944223.0
1657220400,1233.87,1254.5,1233.22,1247.78,3267962.0
1657224000,1247.92,1250.39,1233.45,1238.0,1833466.0
1657227600,1238.0,1242.19,1233.41,1239.78,674882.0
1657231200,1239.79,1241.65,1225.22,1229.99,1350792.0
1657234800,1229.97,1245.91,1227.95,1237.5,1378173.0
1657238400,1237.64,1243.0,1230.83,1241.13,1192355.0
1657242000,1241.14,1277.0,1238.76,1262.2,4425430.0
1657245600,1262.22,1263.68,1242.0,1253.59,2091415.0
1657249200,1253.59,1259.26,1250.04,1258.82,1029707.0
1657252800,1258.67,1268.29,1252.77,1253.58,1700884.0
1657256400,1253.58,1256.2,1239.0,1244.09,1751531.0
1657260000,1244.1,1248.54,1240.16,1244.49,1125413.0
1657263600,1244.49,1245.69,1234.5,1241.27,1377773.0
1657267200,1241.26,1245.39,1217.0,1217.79,2790770.0
1657270800,1217.8,1221.57,1205.0,1216.99,4068888.0
1657274400,1216.99,1232.0,1212.62,1217.57,2459935.0
1657278000,1217.47,1227.21,1214.14,1221.09,1548643.0
1657281600,1221.02,1234.38,1201.33,1210.85,4618176.0
1657285200,1210.82,1221.62,1193.78,1199.6,4606673.0
1657288800,1199.56,1232.0,1193.46,1226.9,4209484.0
1657292400,1226.9,1241.68,1222.34,1235.81,4235316.0
1657296000,1235.81,1236.64,1212.4,1221.73,2901583.0
1657299600,1221.64,1230.84,1216.09,1225.62,1573308.0
1657303200,1225.58,1238.0,1221.52,1228.4,1614331.0
1657306800,1228.37,1248.4,1221.21,1239.86,2210241.0
1657310400,1239.86,1255.24,1235.58,1243.93,1512814.0
1657314000,1243.8,1251.49,1227.32,1229.17,1001495.0
1657317600,1229.16,1237.45,1228.06,1231.12,769209.0
1657321200,1231.11,1242.97,1211.0,1213.53,1706240.0
1657324800,1213.49,1221.9,1207.0,1211.57,2151037.0
1657328400,1211.57,1219.07,1209.04,1212.55,1025037.0
1657332000,1212.52,1217.73,1211.33,1215.82,597990.0
1657335600,1215.86,1217.48,1204.76,1216.78,1153007.0
1657339200,1216.77,1218.78,1210.58,1217.5,776715.0
1657342800,1217.49,1224.0,1211.0,1214.72,1096447.0
1657346400,1214.71,1219.78,1213.5,1217.71,522423.0
1657350000,1217.7,1228.0,1217.39,1224.93,1148323.0
1657353600,1224.95,1227.85,1218.12,1226.94,964040.0
1657357200,1226.94,1226.94,1216.2,1219.82,750547.0
1657360800,1219.83,1225.0,1216.09,1224.24,661454.0
1657364400,1224.32,1225.94,1205.0,1210.15,1528577.0
1657368000,1210.19,1216.0,1206.18,1213.79,1261920.0
1657371600,1213.74,1218.67,1210.13,1213.71,800765.0
1657375200,1213.66,1222.9,1211.5,1214.88,1235294.0
1657378800,1214.87,1218.6,1212.54,1215.11,454589.0
1657382400,1215.11,1224.0,1213.9,1222.38,807290.0
1657386000,1222.37,1235.38,1220.22,1227.85,1649028.0
1657389600,1227.84,1233.67,1222.42,1223.31,822017.0
1657393200,1223.32,1224.83,1209.2,1218.59,1034103.0
1657396800,1218.6,1220.67,1214.8,1219.49,256002.0
1657400400,1219.42,1223.8,1218.51,1221.52,299217.0
1657404000,1221.51,1227.16,1214.17,1216.42,943365.0
1657407600,1216.3,1220.75,1212.88,1217.0,509954.0
1657411200,1216.9,1218.5,1210.21,1210.6,778095.0
1657414800,1210.59,1220.5,1208.25,1211.17,1198561.0
1657418400,1211.19,1214.0,1181.0,1191.06,3513714.0
1657422000,1191.11,1192.21,1184.3,1188.48,1065495.0
1657425600,1188.48,1195.0,1183.33,1192.07,1062866.0
1657429200,1192.06,1195.65,1191.48,1193.47,622153.0
1657432800,1193.49,1193.63,1185.4,1189.0,667376.0
1657436400,1189.0,1192.26,1185.87,1189.85,606397.0
1657440000,1189.88,1194.0,1181.0,1187.94,1164923.0
1657443600,1187.94,1190.76,1184.07,1187.14,758721.0
1657447200,1187.08,1188.63,1175.4,1182.85,1461198.0
1657450800,1182.85,1184.28,1172.74,1183.49,1460500.0
1657454400,1183.49,1188.0,1181.99,1184.77,804996.0
1657458000,1184.76,1184.97,1170.12,1176.47,1862903.0
1657461600,1176.46,1176.46,1155.88,1159.83,3441758.0
1657465200,1159.82,1167.68,1158.0,1163.51,1413253.0
1657468800,1163.52,1176.31,1152.73,1172.08,2651837.0
1657472400,1172.06,1174.78,1169.69,1171.71,661281.0
1657476000,1171.68,1172.34,1163.17,1167.87,732638.0
1657479600,1167.84,1174.45,1161.0,1174.27,758146.0
1657483200,1174.23,1183.49,1170.35,1178.14,1124070.0
1657486800,1178.17,1185.0,1176.5,1177.29,787042.0
1657490400,1177.32,1177.32,1160.32,1168.47,1444871.0
1657494000,1168.46,1170.54,1163.34,1168.45,731420.0
1657497600,1168.45,1171.42,1156.54,1169.82,1385205.0
1657501200,1169.79,1170.4,1145.35,1152.45,1912822.0
1657504800,1152.55,1155.0,1143.0,1149.39,1583509.0
1657508400,1149.38,1155.88,1144.45,1154.31,1054720.0
1657512000,1154.18,1155.13,1143.59,1149.31,1147857.0
1657515600,1149.31,1152.98,1144.61,1147.37,921748.0
1657519200,1147.37,1149.19,1137.2,1140.54,1966321.0
1657522800,1140.49,1145.54,1139.04,1143.27,1012451.0
1657526400,1143.27,1147.79,1141.53,1143.03,971702.0
1657530000,1143.03,1149.84,1142.1,1146.94,979657.0
1657533600,1146.94,1150.17,1143.5,1145.09,796083.0
1657537200,1145.06,1149.25,1141.0,1143.37,836469.0
1657540800,1143.36,1155.55,1138.68,1152.67,1602761.0
1657544400,1152.66,1164.5,1130.0,1136.54,4838782.0
1657548000,1136.55,1145.48,1127.11,1138.76,2545964.0
1657551600,1138.88,1144.0,1133.67,1143.46,1194046.0
1657555200,1143.47,1148.6,1140.1,1141.73,1375519.0
1657558800,1141.73,1157.0,1141.55,1154.28,1503341.0
1657562400,1154.28,1156.92,1147.01,1149.02,1006991.0
1657566000,1149.03,1150.49,1136.03,1142.11,1258745.0
1657569600,1142.02,1145.0,1134.0,1138.78,851596.0
1657573200,1138.78,1139.0,1115.65,1122.1,1385053.0
1657576800,1122.11,1122.11,1092.3,1098.63,3881689.0
1657580400,1098.62,1101.66,1091.42,1096.72,2062823.0
1657584000,1096.72,1098.58,1083.3,1085.65,2551194.0
1657587600,1085.65,1095.31,1085.03,1091.22,1400183.0
1657591200,1091.21,1094.3,1089.12,1091.26,845054.0
1657594800,1091.26,1091.26,1081.38,1086.24,1397651.0
1657598400,1086.24,1091.95,1084.84,1087.9,848098.0
1657602000,1087.91,1093.0,1086.42,1086.67,760903.0
1657605600,1086.68,1087.4,1076.01,1079.12,1780301.0
1657609200,1079.12,1080.2,1062.08,1069.07,3700584.0
1657612800,1069.08,1070.93,1060.3,1067.02,2056180.0
1657616400,1067.01,1069.0,1053.6,1054.74,2289035.0
1657620000,1054.73,1065.0,1054.57,1058.48,1592111.0
1657623600,1058.46,1072.64,1057.52,1065.67,1833431.0
1657627200,1065.77,1076.0,1065.21,1072.57,1745206.0
1657630800,1072.67,1082.39,1066.21,1067.64,3515106.0
1657634400,1067.64,1077.0,1060.99,1075.6,2704670.0
1657638000,1075.6,1083.87,1074.52,1076.11,2162693.0
1657641600,1076.13,1088.78,1074.64,1083.06,2271100.0
1657645200,1083.06,1084.49,1073.08,1076.12,1279615.0
1657648800,1076.13,1076.63,1060.66,1061.64,1389619.0
1657652400,1061.55,1061.55,1033.0,1041.13,4609710.0
1657656000,1041.04,1049.99,1037.05,1047.27,1760170.0
1657659600,1047.08,1052.55,1040.23,1040.56,706105.0
1657663200,1040.56,1049.61,1035.48,1043.0,1406325.0
1657666800,1042.94,1049.0,1035.0,1038.7,1489856.0
1657670400,1038.64,1046.66,1035.57,1042.86,1595715.0
1657674000,1042.86,1048.98,1041.2,1046.96,926897.0
1657677600,1046.96,1059.7,1046.96,1056.3,1738092.0
1657681200,1056.3,1058.41,1050.66,1052.21,1051051.0
1657684800,1052.19,1057.49,1048.5,1052.01,1004688.0
1657688400,1051.84,1063.14,1050.18,1058.18,1387321.0
1657692000,1058.17,1061.56,1055.02,1061.4,969539.0
1657695600,1061.39,1072.5,1056.12,1069.13,2465755.0
1657699200,1069.14,1079.41,1065.4,1076.04,2634113.0
1657702800,1075.96,1078.14,1072.02,1073.45,1168282.0
1657706400,1073.49,1076.0,1067.6,1072.01,1227307.0
1657710000,1072.05,1084.33,1070.2,1081.59,1646374.0
1657713600,1081.59,1105.0,1005.0,1028.97,17003502.0
1657717200,1028.92,1046.99,1016.0,1041.42,8465283.0
1657720800,1041.43,1073.08,1032.49,1066.26,6496205.0
1657724400,1066.38,1074.5,1055.75,1060.25,3118615.0
1657728000,1060.25,1074.31,1048.71,1073.73,3340121.0
1657731600,1073.73,1100.0,1072.16,1094.38,4842229.0
1657735200,1094.36,1094.91,1082.1,1090.58,2055150.0
1657738800,1090.58,1093.56,1074.11,1076.6,1561983.0
1657742400,1076.55,1081.91,1074.44,1076.43,869847.0
1657746000,1076.44,1091.93,1075.53,1090.49,805940.0
1657749600,1090.49,1098.44,1083.01,1086.43,1318196.0
1657753200,1086.5,1120.0,1085.9,1114.66,3934615.0
1657756800,1114.65,1123.98,1109.05,1113.71,1980568.0
1657760400,1113.71,1126.93,1110.0,1113.31,2026263.0
1657764000,1113.38,1116.65,1108.71,1112.13,1186464.0
1657767600,1112.19,1118.94,1110.3,1112.36,1446512.0
1657771200,1112.36,1114.59,1104.01,1105.92,1388901.0
1657774800,1105.9,1114.0,1102.07,1106.26,1235279.0
1657778400,1106.25,1107.59,1093.5,1102.07,1950557.0
1657782000,1102.06,1103.6,1092.47,1097.59,1452515.0
1657785600,1097.59,1101.17,1083.13,1084.94,2476391.0
1657789200,1084.93,1089.57,1075.68,1089.01,1318781.0
1657792800,1089.01,1092.96,1083.38,1087.3,1792482.0
1657796400,1087.3,1089.08,1071.28,1081.55,2531998.0
1657800000,1081.55,1091.31,1073.0,1087.02,2704415.0
1657803600,1087.02,1090.66,1075.27,1084.88,3027403.0
1657807200,1084.87,1102.98,1078.37,1096.99,2980975.0
1657810800,1096.99,1148.81,1096.99,1141.11,9035186.0
1657814400,1141.13,1150.0,1132.25,1140.42,4629101.0
1657818000,1140.42,1199.7,1137.34,1195.67,8307965.0
1657821600,1195.67,1206.46,1189.24,1194.48,3419090.0
1657825200,1194.47,1215.2,1187.0,1194.01,3122209.0
1657828800,1194.15,1201.41,1188.6,1193.19,1636502.0
1657832400,1193.08,1196.0,1180.28,1181.96,985183.0
1657836000,1181.92,1194.16,1180.39,1187.32,1131085.0
1657839600,1187.32,1196.74,1185.11,1193.2,952938.0
1657843200,1193.2,1194.24,1180.49,1182.37,1335747.0
1657846800,1182.37,1213.0,1182.13,1209.7,1965891.0
1657850400,1209.71,1223.52,1191.73,1195.73,3962275.0
1657854000,1195.77,1203.71,1190.84,1199.89,1402511.0
1657857600,1199.88,1211.4,1189.0,1192.82,2361925.0
1657861200,1192.74,1208.3,1190.01,1207.37,1657060.0
1657864800,1207.36,1208.48,1195.91,1197.82,1281820.0
1657868400,1197.82,1218.61,1193.07,1211.41,3094572.0
1657872000,1211.42,1219.0,1202.55,1205.24,2622975.0
1657875600,1205.33,1229.87,1204.81,1218.28,3953970.0
1657879200,1218.33,1223.72,1215.17,1220.01,1242992.0
1657882800,1220.01,1229.99,1210.49,1211.04,2862472.0
1657886400,1211.04,1237.0,1206.13,1227.27,4388778.0
1657890000,1227.26,1232.0,1216.18,1221.56,3239182.0
1657893600,1221.57,1237.5,1221.57,1227.57,3433164.0
1657897200,1227.57,1236.7,1222.0,1222.24,2055377.0
1657900800,1222.22,1226.93,1201.93,1211.77,3242266.0
1657904400,1211.8,1236.0,1210.95,1221.35,2793052.0
1657908000,1221.35,1256.66,1220.51,1254.92,3173645.0
1657911600,1254.87,1271.0,1248.22,1266.18,3621410.0
1657915200,1266.26,1290.38,1253.27,1256.71,4535786.0
1657918800,1256.72,1263.0,1242.69,1256.35,1501902.0
1657922400,1256.36,1259.15,1244.4,1249.25,910623.0
1657926000,1249.25,1251.61,1227.04,1231.35,1792622.0
1657929600,1231.2,1235.0,1212.63,1212.85,1933993.0
1657933200,1212.85,1225.0,1210.0,1220.29,1684738.0
1657936800,1220.29,1222.46,1210.06,1219.5,1194502.0
1657940400,1219.7,1224.6,1217.99,1221.64,795156.0
1657944000,1221.76,1223.37,1211.0,1222.3,1455202.0
1657947600,1222.3,1223.15,1203.21,1207.63,1747303.0
1657951200,1207.63,1211.0,1192.0,1198.48,2895894.0
1657954800,1198.56,1204.6,1191.0,1197.5,1311789.0
1657958400,1197.56,1206.64,1195.38,1198.35,1581713.0
1657962000,1198.35,1201.45,1193.7,1197.54,985069.0
1657965600,1197.59,1206.0,1193.01,1197.93,1434450.0
1657969200,1197.93,1204.79,1195.53,1197.96,796492.0
1657972800,1197.96,1221.99,1195.63,1215.14,2151816.0
1657976400,1215.03,1238.69,1212.34,1234.37,3965916.0
1657980000,1234.39,1248.0,1231.5,1245.04,3020601.0
1657983600,1245.03,1277.9,1244.29,1274.42,4905738.0
1657987200,1274.42,1437.59,1272.06,1359.0,16487815.0
1657990800,1359.0,1364.5,1325.9,1327.4,3246039.0
1657994400,1327.49,1342.0,1323.87,1336.43,2478485.0
1657998000,1336.43,1359.0,1331.16,1336.38,2135513.0
1658001600,1335.99,1348.36,1314.16,1347.54,2633969.0
1658005200,1347.54,1364.0,1336.76,1345.29,1518204.0
1658008800,1345.3,1361.19,1338.17,1357.7,1301789.0
1658012400,1357.64,1359.9,1344.5,1355.47,1131760.0
1658016000,1355.45,1387.48,1354.78,1363.17,3110138.0
1658019600,1363.2,1368.53,1326.1,1338.52,2544254.0
1658023200,1338.51,1348.07,1335.31,1342.91,1193703.0
1658026800,1342.81,1367.61,1342.32,1353.3,2194412.0
1658030400,1353.3,1363.36,1345.5,1351.31,1530191.0
1658034000,1351.31,1362.0,1349.1,1351.32,1344662.0
1658037600,1351.42,1377.7,1350.2,1374.06,2670753.0
1658041200,1374.06,1375.0,1359.01,1361.05,1687602.0
1658044800,1361.07,1368.78,1355.39,1367.07,1319091.0
1658048400,1367.02,1375.75,1354.17,1356.67,2276944.0
1658052000,1356.67,1359.09,1337.12,1357.51,2770493.0
1658055600,1357.52,1367.8,1348.73,1363.73,1982858.0
1658059200,1363.68,1368.75,1348.5,1355.45,1428614.0
1658062800,1355.53,1366.0,1331.2,1338.74,5069898.0
1658066400,1338.74,1358.98,1337.0,1351.23,1689967.0
1658070000,1351.22,1357.98,1344.15,1351.88,1297577.0
1658073600,1351.86,1355.4,1338.94,1345.11,1830507.0
1658077200,1345.11,1383.62,1317.57,1327.11,5270303.0
1658080800,1327.04,1343.94,1321.28,1335.84,2480000.0
1658084400,1335.78,1354.08,1333.66,1347.82,1046959.0
1658088000,1347.83,1349.59,1339.02,1344.14,668003.0
1658091600,1344.16,1368.88,1340.13,1365.08,1318945.0
1658095200,1365.08,1376.92,1348.24,1359.68,1285977.0
1658098800,1359.68,1360.64,1335.0,1338.63,1368904.0
1658102400,1338.64,1356.71,1335.56,1347.99,1383639.0
1658106000,1348.0,1364.52,1347.53,1359.18,1468380.0
1658109600,1359.18,1419.93,1358.5,1412.79,5620497.0
1658113200,1412.79,1422.28,1395.23,1406.46,3672029.0
1658116800,1406.37,1413.34,1393.0,1413.34,1793848.0
1658120400,1413.34,1454.75,1408.15,1433.13,5523961.0
1658124000,1433.05,1470.98,1426.35,1453.22,4453640.0
1658127600,1453.31,1479.0,1448.0,1466.33,3280228.0
1658131200,1466.32,1499.0,1462.71,1478.1,6153437.0
1658134800,1478.11,1488.96,1470.0,1483.65,2444000.0
1658138400,1483.57,1512.0,1470.1,1485.04,4162187.0
1658142000,1484.98,1497.9,1465.0,1478.5,3574857.0
1658145600,1478.5,1487.31,1455.26,1484.91,3836776.0
1658149200,1484.91,1493.5,1471.21,1475.0,3135763.0
1658152800,1475.01,1487.42,1464.0,1484.88,2407486.0
1658156400,1484.87,1532.4,1477.32,1520.88,4137842.0
1658160000,1520.83,1531.0,1488.34,1495.47,4927821.0
1658163600,1495.46,1496.73,1465.3,1469.05,3341373.0
1658167200,1468.96,1486.0,1463.72,1475.0,1827203.0
1658170800,1474.95,1478.75,1450.0,1472.58,3440572.0
1658174400,1472.59,1483.42,1461.51,1471.43,1519211.0
1658178000,1471.55,1494.42,1468.32,1487.06,1007944.0
1658181600,1487.07,1521.7,1483.85,1514.59,2251754.0
1658185200,1514.59,1598.04,1512.56,1581.17,6952375.0
1658188800,1581.27,1635.5,1541.4,1560.32,9988082.0
1658192400,1560.43,1566.65,1526.5,1528.14,4161006.0
1658196000,1528.14,1532.26,1511.51,1524.12,3139687.0
1658199600,1524.13,1547.09,1511.1,1516.33,3599778.0
1658203200,1516.4,1524.43,1493.12,1519.93,3581804.0
1658206800,1519.91,1543.62,1514.32,1530.04,2731626.0
1658210400,1529.83,1541.95,1499.24,1518.28,4005277.0
1658214000,1518.34,1527.83,1506.81,1511.2,2527383.0
1658217600,1511.02,1538.57,1505.7,1535.0,2343458.0
1658221200,1535.12,1539.6,1521.69,1533.21,1788259.0
1658224800,1533.28,1554.37,1518.19,1541.42,3092287.0
1658228400,1541.33,1562.24,1533.38,1541.77,3061370.0
1658232000,1541.76,1564.56,1538.6,1560.32,2330197.0
1658235600,1560.33,1578.11,1537.38,1559.51,4843572.0
1658239200,1559.52,1559.83,1529.16,1547.36,3914733.0
1658242800,1547.37,1551.25,1506.0,1539.87,5731157.0
1658246400,1539.58,1587.57,1534.0,1564.19,5525022.0
1658250000,1564.2,1581.7,1547.08,1574.63,2358969.0
1658253600,1574.59,1578.62,1557.66,1571.96,1827136.0
1658257200,1571.73,1591.01,1558.77,1561.19,1731532.0
1658260800,1561.2,1565.28,1548.15,1559.45,1031433.0
1658264400,1559.44,1589.87,1556.13,1575.76,1081501.0
1658268000,1575.78,1580.1,1554.72,1563.09,708713.0
1658271600,1563.09,1577.11,1525.74,1542.28,2462593.0
1658275200,1542.16,1544.73,1510.58,1522.84,2491944.0
1658278800,1523.29,1549.0,1518.03,1539.31,1720813.0
1658282400,1539.31,1551.7,1535.24,1545.95,1330370.0
1658286000,1545.81,1568.0,1542.12,1561.7,1869486.0
1658289600,1561.7,1572.33,1552.75,1562.06,1389126.0
1658293200,1562.08,1577.84,1557.02,1568.33,1465907.0
1658296800,1568.33,1581.45,1565.64,1569.18,1784484.0
1658300400,1569.18,1572.22,1529.03,1531.28,3179829.0
1658304000,1531.29,1544.5,1526.49,1532.35,2324868.0
1658307600,1532.34,1555.24,1527.12,1550.44,1825538.0
1658311200,1550.36,1609.86,1548.0,1592.47,6400296.0
1658314800,1592.46,1616.61,1584.51,1603.18,3636635.0
1658318400,1603.19,1619.3,1582.0,1602.43,4130941.0
1658322000,1602.29,1622.1,1586.45,1590.0,3943976.0
1658325600,1590.01,1609.97,1588.0,1605.68,2234956.0
1658329200,1605.69,1605.78,1590.37,1596.67,1764879.0
1658332800,1596.68,1597.93,1543.6,1558.09,4510514.0
1658336400,1558.09,1565.32,1537.0,1545.89,2605678.0
1658340000,1545.85,1573.16,1545.73,1560.66,1685219.0
1658343600,1560.68,1577.31,1547.09,1551.8,1350274.0
1658347200,1551.73,1560.51,1483.2,1521.23,6201652.0
1658350800,1521.32,1571.23,1516.24,1545.22,1903824.0
1658354400,1545.22,1550.56,1526.2,1526.8,1222472.0
1658358000,1526.8,1536.0,1506.42,1521.94,2245810.0
1658361600,1522.22,1539.99,1515.0,1527.58,1715985.0
1658365200,1527.58,1554.0,1522.15,1530.82,2304045.0
1658368800,1530.81,1538.66,1487.0,1489.23,3163430.0
1658372400,1489.52,1500.0,1482.35,1488.28,2451997.0
1658376000,1488.19,1495.0,1462.96,1485.18,3381323.0
1658379600,1485.17,1496.75,1480.86,1491.97,1246984.0
1658383200,1492.04,1493.68,1470.83,1475.59,1610385.0
1658386800,1475.57,1498.0,1472.58,1488.25,2003404.0
1658390400,1488.23,1494.51,1480.23,1490.46,1645827.0
1658394000,1490.75,1517.1,1489.41,1511.36,2768964.0
1658397600,1511.37,1519.5,1493.56,1497.42,1759617.0
1658401200,1497.37,1503.55,1476.66,1489.19,2685512.0
1658404800,1489.3,1516.5,1484.55,1506.0,2775890.0
1658408400,1506.0,1508.58,1489.0,1505.01,2614270.0
1658412000,1505.0,1510.32,1481.13,1499.62,3085487.0
1658415600,1499.7,1515.0,1498.77,1510.68,1900475.0
1658419200,1510.43,1570.0,1508.88,1558.03,6462488.0
1658422800,1558.03,1567.0,1530.63,1536.68,2835280.0
1658426400,1536.68,1548.95,1534.02,1543.91,1031103.0
1658430000,1543.9,1582.6,1543.11,1578.91,2294219.0
1658433600,1579.06,1607.0,1575.78,1584.94,2655793.0
1658437200,1585.18,1596.0,1582.05,1589.49,597749.0
1658440800,1589.49,1591.04,1563.86,1576.4,1633252.0
1658444400,1576.4,1589.0,1569.3,1575.36,1223958.0
1658448000,1575.36,1595.62,1569.23,1588.55,1537198.0
1658451600,1588.53,1594.46,1572.28,1576.12,1273174.0
1658455200,1576.22,1579.7,1561.02,1564.12,1155741.0
1658458800,1564.11,1571.97,1552.76,1561.87,1217058.0
1658462400,1561.82,1573.71,1555.6,1569.74,1154788.0
1658466000,1569.65,1591.0,1562.3,1589.91,1762154.0
1658469600,1589.95,1605.83,1585.67,1595.82,2160822.0
1658473200,1595.82,1614.9,1585.6,1601.01,2885932.0
1658476800,1601.02,1630.0,1594.74,1619.62,3782891.0
1658480400,1619.62,1647.0,1618.08,1630.71,4607439.0
1658484000,1630.62,1642.44,1622.65,1624.23,1660964.0
1658487600,1624.17,1640.55,1621.5,1638.53,1426421.0
1658491200,1638.42,1645.0,1623.01,1625.13,1458523.0
1658494800,1625.01,1630.87,1596.43,1599.49,4383940.0
1658498400,1599.56,1618.0,1587.27,1611.99,3585077.0
1658502000,1611.91,1613.74,1568.13,1574.88,4050710.0
1658505600,1574.89,1585.79,1564.01,1581.0,2605985.0
1658509200,1580.98,1593.0,1558.49,1569.56,2592410.0
1658512800,1569.56,1578.49,1556.88,1574.97,1171292.0
1658516400,1575.03,1579.76,1519.2,1526.57,3464484.0
1658520000,1526.57,1536.66,1516.83,1527.3,1726438.0
1658523600,1527.31,1543.61,1522.83,1538.24,718074.0
1658527200,1538.23,1544.99,1527.95,1539.65,659641.0
1658530800,1539.65,1543.88,1531.2,1535.3,749223.0
1658534400,1535.31,1552.51,1522.99,1544.01,1318566.0
1658538000,1544.01,1557.53,1541.69,1551.63,895893.0
1658541600,1551.63,1576.51,1550.0,1566.23,1732764.0
1658545200,1566.23,1579.98,1562.99,1570.63,1100520.0
1658548800,1570.65,1596.67,1563.9,1587.01,2080350.0
1658552400,1587.0,1595.27,1575.61,1581.16,1361066.0
1658556000,1581.16,1592.81,1577.2,1581.34,896067.0
1658559600,1581.34,1585.8,1567.66,1578.48,1449734.0
1658563200,1578.47,1588.1,1546.3,1550.4,2405430.0
1658566800,1550.52,1565.86,1546.42,1560.47,1946524.0
1658570400,1560.48,1565.0,1535.0,1543.73,2009556.0
1658574000,1543.74,1545.66,1518.49,1522.61,2744449.0
1658577600,1522.65,1528.0,1501.0,1521.19,2514121.0
1658581200,1521.08,1537.82,1519.14,1533.03,1315558.0
1658584800,1533.03,1536.55,1508.0,1520.89,1814124.0
1658588400,1520.88,1534.32,1516.73,1524.35,1890814.0
1658592000,1524.36,1533.55,1516.33,1518.82,1500246.0
1658595600,1518.86,1524.47,1492.0,1501.17,3173087.0
1658599200,1501.52,1515.0,1487.24,1499.26,2112342.0
1658602800,1499.42,1517.9,1489.72,1513.29,1520391.0
1658606400,1513.28,1527.63,1511.0,1525.06,944151.0
1658610000,1525.06,1529.67,1515.25,1517.05,436426.0
1658613600,1517.05,1551.0,1515.81,1541.78,1635254.0
1658617200,1541.71,1555.55,1539.45,1548.69,1332588.0
1658620800,1548.69,1586.84,1548.18,1565.3,2138672.0
1658624400,1565.31,1570.91,1549.07,1560.58,1538196.0
1658628000,1560.57,1568.32,1552.84,1564.92,1055057.0
1658631600,1564.92,1566.0,1545.2,1551.35,946456.0
1658635200,1551.15,1564.48,1546.18,1560.55,1003099.0
1658638800,1560.55,1608.8,1559.3,1599.9,4647190.0
1658642400,1599.91,1638.82,1598.7,1609.5,2603311.0
1658646000,1609.42,1619.99,1602.44,1604.5,1398219.0
1658649600,1604.5,1610.82,1593.07,1603.19,1643347.0
1658653200,1603.19,1614.31,1595.95,1598.03,1234901.0
1658656800,1598.02,1605.0,1580.02,1585.42,1874513.0
1658660400,1585.43,1633.0,1583.75,1615.89,3468507.0
1658664000,1615.86,1620.5,1574.75,1577.88,2840642.0
1658667600,1577.88,1586.12,1573.0,1581.77,1734136.0
1658671200,1581.77,1625.46,1573.0,1610.18,3535390.0
1658674800,1610.18,1621.73,1603.33,1612.66,1369126.0
1658678400,1612.74,1615.71,1583.16,1591.2,2049057.0
1658682000,1591.04,1624.25,1589.64,1604.2,2007614.0
1658685600,1604.17,1606.87,1590.46,1597.68,722969.0
1658689200,1597.68,1615.94,1593.66,1602.46,929493.0
1658692800,1602.26,1622.0,1598.55,1608.06,751753.0
1658696400,1608.06,1635.0,1607.53,1622.01,1129905.0
1658700000,1622.02,1665.0,1595.0,1605.71,4225584.0
1658703600,1605.71,1616.57,1588.0,1597.45,2445905.0
1658707200,1597.89,1609.69,1555.0,1558.72,3151549.0
1658710800,1558.72,1561.26,1535.0,1545.28,2367576.0
1658714400,1545.28,1545.5,1516.12,1520.36,3293666.0
1658718000,1520.36,1524.5,1498.22,1511.88,2841816.0
1658721600,1511.89,1524.0,1499.7,1522.36,1852113.0
1658725200,1522.36,1529.99,1514.0,1527.51,2009982.0
1658728800,1527.52,1528.98,1514.33,1519.81,1178490.0
1658732400,1519.89,1528.95,1514.45,1521.51,1021709.0
1658736000,1521.59,1543.49,1511.53,1536.18,2667755.0
1658739600,1536.17,1543.03,1531.01,1535.57,1080216.0
1658743200,1535.35,1549.85,1532.0,1546.14,1382982.0
1658746800,1546.22,1555.0,1534.18,1536.99,1712354.0
1658750400,1537.0,1538.93,1516.28,1536.54,2167797.0
1658754000,1536.54,1537.21,1506.86,1521.59,3231601.0
1658757600,1521.53,1528.59,1502.1,1524.66,2751844.0
1658761200,1524.63,1533.53,1511.52,1526.23,1918443.0
1658764800,1526.24,1534.21,1514.07,1527.49,1574384.0
1658768400,1527.58,1535.73,1512.0,1514.26,1355895.0
1658772000,1514.25,1524.1,1507.17,1511.33,1053854.0
1658775600,1511.4,1512.72,1453.99,1494.48,4778236.0
1658779200,1494.53,1543.0,1490.94,1522.7,4311322.0
1658782800,1522.7,1526.29,1506.89,1514.34,638122.0
1658786400,1514.32,1515.14,1466.0,1482.17,2958990.0
1658790000,1482.05,1487.45,1435.0,1441.36,3418637.0
1658793600,1441.35,1449.85,1412.34,1415.92,4407713.0
1658797200,1415.7,1427.0,1413.0,1420.23,1750010.0
1658800800,1420.24,1426.18,1415.4,1419.85,844418.0
1658804400,1419.84,1437.9,1400.0,1432.28,3107675.0
1658808000,1432.28,1438.79,1424.23,1427.35,1081228.0
1658811600,1427.36,1432.29,1420.68,1427.0,1000186.0
1658815200,1426.99,1427.55,1412.0,1417.89,1194919.0
1658818800,1417.6,1424.23,1407.0,1409.76,1520415.0
1658822400,1409.72,1418.77,1403.32,1412.58,1575582.0
1658826000,1412.58,1424.22,1411.0,1418.89,863697.0
1658829600,1418.9,1422.79,1408.08,1410.98,1026236.0
1658833200,1410.98,1416.0,1382.0,1406.17,2460757.0
1658836800,1406.44,1420.95,1382.35,1392.24,4073203.0
1658840400,1392.33,1393.78,1368.09,1389.21,3627317.0
1658844000,1389.1,1397.0,1376.0,1391.85,2271460.0
1658847600,1391.84,1393.86,1363.0,1368.87,3109810.0
1658851200,1368.91,1384.8,1367.07,1383.2,1704378.0
1658854800,1383.19,1395.85,1377.21,1378.14,2565191.0
1658858400,1378.16,1386.67,1366.0,1370.86,1301140.0
1658862000,1370.89,1375.8,1356.0,1365.77,1525733.0
1658865600,1365.78,1383.24,1354.58,1380.0,2087876.0
1658869200,1379.99,1404.0,1364.91,1380.0,2040610.0
1658872800,1379.99,1413.6,1377.76,1410.51,2165210.0
1658876400,1410.51,1454.42,1407.26,1448.5,3643480.0
1658880000,1448.51,1458.88,1436.0,1442.81,2691766.0
1658883600,1442.83,1447.49,1432.0,1433.75,1049977.0
1658887200,1433.75,1439.93,1427.0,1438.1,1283772.0
1658890800,1438.27,1439.5,1421.29,1425.19,1332511.0
1658894400,1425.18,1438.79,1422.8,1434.88,1067314.0
1658898000,1434.89,1458.88,1433.63,1452.12,2171420.0
1658901600,1452.2,1457.3,1444.0,1454.81,1465976.0
1658905200,1454.79,1473.62,1453.37,1464.3,2760623.0
1658908800,1464.31,1474.6,1460.0,1460.19,2062712.0
1658912400,1460.19,1462.98,1455.41,1458.19,1111368.0
1658916000,1458.19,1467.61,1454.43,1457.19,1027722.0
1658919600,1457.18,1469.29,1447.5,1452.6,1547401.0
1658923200,1452.59,1483.16,1444.8,1479.19,3188254.0
1658926800,1479.28,1496.79,1466.48,1491.0,3414501.0
1658930400,1490.99,1495.7,1481.87,1490.38,1788578.0
1658934000,1490.38,1494.47,1483.3,1488.94,1311178.0
1658937600,1488.94,1519.8,1477.66,1485.08,4295548.0
1658941200,1485.15,1510.48,1478.53,1499.89,2954317.0
1658944800,1499.89,1594.0,1499.4,1580.75,14159846.0
1658948400,1581.06,1614.77,1579.0,1588.18,5042221.0
1658952000,1588.2,1615.0,1585.21,1601.43,2512756.0
1658955600,1601.43,1623.0,1594.06,1607.26,1280529.0
1658959200,1607.27,1637.61,1607.13,1626.26,2264900.0
1658962800,1626.26,1646.2,1622.77,1635.91,1498519.0
1658966400,1636.06,1639.0,1611.8,1615.97,1655722.0
1658970000,1615.96,1617.77,1605.8,1616.01,1027404.0
1658973600,1616.02,1677.72,1608.83,1659.57,4108458.0
1658977200,1659.27,1665.38,1644.0,1648.62,1800754.0
1658980800,1648.63,1653.74,1632.85,1633.47,1280072.0
1658984400,1633.47,1653.94,1627.8,1650.61,1713835.0
1658988000,1650.5,1653.52,1634.39,1643.59,1110207.0
1658991600,1643.59,1643.62,1614.26,1618.62,1958391.0
1658995200,1618.82,1629.16,1615.26,1624.93,1481566.0
1658998800,1624.92,1630.88,1590.0,1619.66,1437791.0
1659002400,1619.65,1634.79,1616.71,1621.2,1334149.0
1659006000,1621.21,1643.4,1619.21,1641.24,1619523.0
1659009600,1641.25,1650.0,1595.0,1634.75,7325175.0
1659013200,1634.49,1667.8,1612.8,1619.99,5345346.0
1659016800,1620.37,1652.88,1612.1,1651.56,3311025.0
1659020400,1651.56,1758.07,1644.55,1728.23,10463751.0
1659024000,1728.44,1743.82,1716.33,1723.04,3424859.0
1659027600,1722.96,1750.64,1721.72,1748.09,2054643.0
1659031200,1748.09,1750.22,1713.49,1721.12,1822816.0
1659034800,1721.02,1732.82,1717.37,1726.6,997706.0
1659038400,1726.43,1785.98,1725.55,1757.27,3545870.0
1659042000,1757.27,1773.0,1735.14,1745.03,1218051.0
1659045600,1745.04,1751.12,1726.64,1745.68,1164334.0
1659049200,1745.68,1747.43,1712.11,1724.79,1128935.0
1659052800,1724.79,1734.14,1696.0,1725.99,2601902.0
1659056400,1726.0,1728.67,1703.33,1716.05,1160697.0
1659060000,1715.78,1725.57,1703.0,1713.19,1208967.0
1659063600,1713.15,1729.92,1708.43,1726.79,1007716.0
1659067200,1726.8,1743.89,1722.51,1740.09,1488642.0
1659070800,1740.1,1741.23,1719.0,1728.68,1576681.0
1659074400,1728.67,1752.91,1710.42,1715.61,2256155.0
1659078000,1715.61,1721.69,1706.55,1715.88,1291043.0
1659081600,1715.81,1726.42,1692.46,1720.0,2222822.0
1659085200,1720.0,1730.86,1712.58,1728.1,1148995.0
1659088800,1728.1,1732.84,1716.8,1720.65,1325117.0
1659092400,1720.65,1721.42,1667.18,1681.49,4162900.0
1659096000,1681.25,1685.57,1657.0,1667.23,3241032.0
1659099600,1667.22,1708.96,1660.8,1699.21,3722984.0
1659103200,1699.12,1745.0,1695.27,1723.91,4823172.0
1659106800,1723.91,1727.95,1711.04,1721.99,2292029.0
1659110400,1722.0,1723.13,1668.02,1690.51,4730446.0
1659114000,1690.47,1706.49,1672.41,1694.86,1756534.0
1659117600,1694.87,1736.0,1691.42,1723.71,3054700.0
1659121200,1723.71,1731.39,1710.22,1724.21,1389432.0
1659124800,1724.44,1740.0,1715.27,1732.43,1596401.0
1659128400,1732.44,1739.62,1702.2,1716.06,1133773.0
1659132000,1716.06,1747.88,1710.66,1741.3,1172300.0
1659135600,1741.3,1766.56,1719.14,1721.86,2643785.0
1659139200,1721.86,1734.66,1715.0,1729.76,1353714.0
1659142800,1729.77,1732.99,1684.34,1723.34,2345384.0
1659146400,1723.2,1724.85,1699.2,1714.25,1347968.0
1659150000,1714.25,1715.9,1697.0,1706.92,1142214.0
1659153600,1707.2,1710.8,1688.53,1702.34,1311360.0
1659157200,1702.35,1711.62,1700.74,1707.88,667197.0
1659160800,1707.88,1720.0,1703.0,1714.69,915587.0
1659164400,1714.76,1720.77,1711.2,1715.63,587284.0
1659168000,1715.85,1725.99,1708.05,1712.56,1039246.0
1659171600,1712.35,1717.69,1696.56,1701.2,990455.0
1659175200,1701.2,1701.38,1677.01,1685.1,1827461.0
1659178800,1685.1,1714.16,1684.18,1704.29,1595602.0
1659182400,1704.29,1720.79,1695.47,1719.9,1792508.0
1659186000,1719.91,1739.0,1716.39,1725.74,2895900.0
1659189600,1725.71,1731.5,1712.0,1715.64,1183617.0
1659193200,1715.99,1744.28,1715.98,1736.47,1603013.0
1659196800,1736.47,1737.9,1724.65,1734.77,1104673.0
1659200400,1734.78,1735.98,1718.22,1726.9,885697.0
1659204000,1726.89,1733.82,1722.33,1726.8,362940.0
1659207600,1726.8,1727.52,1689.0,1692.18,1981858.0
1659211200,1692.18,1709.61,1685.5,1702.29,1324855.0
1659214800,1702.29,1707.6,1688.47,1692.64,546799.0
1659218400,1692.57,1704.0,1673.0,1700.0,2181236.0
1659222000,1700.0,1707.26,1680.65,1697.5,1289391.0
1659225600,1697.82,1713.55,1686.36,1709.99,1301923.0
1659229200,1709.99,1711.5,1693.45,1696.79,988106.0
1659232800,1696.78,1709.31,1690.45,1696.57,915118.0
1659236400,1696.57,1700.37,1688.0,1693.75,850877.0
1659240000,1693.73,1705.5,1693.31,1702.47,646446.0
1659243600,1702.48,1705.83,1689.05,1691.41,835817.0
1659247200,1691.41,1703.0,1690.56,1700.8,582348.0
1659250800,1700.8,1708.0,1693.8,1697.54,913575.0
1659254400,1697.46,1702.86,1689.8,1692.76,929905.0
1659258000,1692.77,1704.39,1686.5,1704.28,772647.0
1659261600,1704.28,1722.49,1697.49,1716.99,1124666.0
1659265200,1717.0,1724.98,1708.83,1718.4,1617735.0
1659268800,1718.39,1722.64,1710.16,1717.79,670692.0
1659272400,1717.8,1720.42,1703.3,1708.58,1054344.0
1659276000,1708.58,1719.62,1691.0,1704.92,1527174.0
1659279600,1704.91,1713.96,1698.73,1711.98,879244.0
1659283200,1711.98,1715.33,1701.71,1709.35,838454.0
1659286800,1709.36,1712.36,1703.03,1707.91,493086.0
1659290400,1707.49,1755.0,1686.8,1707.79,6538617.0
1659294000,1707.76,1731.9,1703.37,1717.77,1215926.0
1659297600,1717.89,1723.62,1712.0,1720.53,491582.0
1659301200,1720.54,1725.48,1700.2,1703.21,564997.0
1659304800,1703.39,1705.15,1666.29,1685.08,2309633.0
1659308400,1685.07,1695.0,1676.52,1678.75,1215206.0
1659312000,1678.81,1691.0,1673.5,1688.11,1077671.0
1659315600,1688.11,1699.5,1683.3,1696.77,852024.0
1659319200,1696.76,1705.0,1690.5,1694.92,767978.0
1659322800,1694.93,1696.65,1681.3,1691.46,798851.0
1659326400,1691.45,1697.0,1687.95,1694.37,472246.0
1659330000,1694.37,1697.0,1683.67,1691.99,701702.0
1659333600,1692.0,1692.65,1675.67,1685.21,1216053.0
1659337200,1685.21,1697.19,1673.1,1692.69,1367456.0
1659340800,1692.63,1695.7,1681.43,1683.44,912588.0
1659344400,1683.44,1692.74,1681.96,1686.99,555980.0
1659348000,1686.99,1688.81,1651.13,1657.81,2449731.0
1659351600,1657.8,1670.41,1641.55,1667.99,2293344.0
1659355200,1668.0,1679.13,1653.55,1656.8,1642337.0
1659358800,1656.8,1672.77,1636.0,1666.11,3725646.0
1659362400,1666.1,1690.0,1663.01,1685.37,3546988.0
1659366000,1685.38,1687.97,1665.57,1672.91,1449724.0
1659369600,1672.92,1674.0,1651.23,1655.33,1668216.0
1659373200,1655.5,1655.99,1623.55,1633.75,2808315.0
1659376800,1633.76,1636.74,1616.36,1626.93,1556114.0
1659380400,1627.13,1633.67,1617.06,1622.4,1000210.0
1659384000,1622.69,1631.0,1608.0,1628.1,1222347.0
1659387600,1628.08,1634.8,1618.03,1624.68,711693.0
1659391200,1624.69,1632.0,1606.0,1628.71,1296374.0
1659394800,1628.62,1643.96,1623.59,1630.01,1854194.0
1659398400,1629.94,1657.23,1626.67,1632.34,2043374.0
1659402000,1632.35,1641.24,1600.0,1605.86,2082345.0
1659405600,1605.86,1613.68,1581.5,1588.5,2966238.0
1659409200,1588.49,1588.49,1567.83,1577.51,2577947.0
1659412800,1577.31,1585.79,1565.74,1576.14,1456913.0
1659416400,1576.14,1586.0,1574.0,1578.02,1267930.0
1659420000,1577.98,1592.71,1577.98,1586.03,985999.0
1659423600,1585.69,1595.84,1572.5,1592.9,1767119.0
1659427200,1592.89,1594.53,1577.42,1580.56,1151249.0
1659430800,1580.9,1583.55,1557.0,1570.47,1976472.0
1659434400,1570.46,1590.0,1562.38,1587.24,2089330.0
1659438000,1587.12,1598.0,1582.21,1587.54,1689741.0
1659441600,1587.54,1590.84,1564.26,1570.96,1966834.0
1659445200,1570.97,1585.97,1569.13,1581.11,2320531.0
1659448800,1581.28,1636.07,1566.78,1623.46,7922019.0
1659452400,1623.69,1638.43,1605.8,1629.28,3388000.0
1659456000,1629.29,1676.15,1625.39,1668.19,4492223.0
1659459600,1668.19,1678.0,1644.08,1650.73,2423393.0
1659463200,1650.56,1664.9,1634.07,1635.91,1500266.0
1659466800,1635.91,1655.69,1622.4,1636.86,2023844.0
1659470400,1636.87,1655.95,1631.97,1652.06,984400.0
1659474000,1652.06,1662.54,1635.68,1657.46,794126.0
1659477600,1657.46,1659.62,1642.08,1647.2,702105.0
1659481200,1647.07,1651.81,1628.0,1630.99,884398.0
1659484800,1631.12,1639.18,1593.11,1600.03,2278605.0
1659488400,1600.02,1618.4,1589.8,1612.06,1720418.0
1659492000,1612.06,1617.93,1602.88,1607.31,1159741.0
1659495600,1607.31,1626.76,1606.41,1619.68,1242272.0
1659499200,1619.69,1624.68,1612.55,1614.0,760939.0
1659502800,1614.0,1631.16,1613.34,1628.29,1015747.0
1659506400,1628.28,1644.0,1628.14,1633.74,1412284.0
1659510000,1633.69,1637.81,1625.55,1628.79,952626.0
1659513600,1628.79,1653.0,1628.55,1650.38,1812891.0
1659517200,1650.45,1664.64,1646.46,1654.36,2024104.0
1659520800,1654.36,1662.53,1651.74,1658.7,1060539.0
1659524400,1658.7,1672.0,1656.86,1665.07,1612301.0
1659528000,1665.07,1685.0,1650.0,1654.68,3690854.0
1659531600,1654.69,1667.94,1652.0,1663.13,2061622.0
1659535200,1663.13,1669.91,1645.0,1654.08,2248379.0
1659538800,1654.08,1663.97,1650.0,1656.08,1151114.0
1659542400,1656.0,1671.88,1647.4,1663.35,1629342.0
1659546000,1663.37,1671.0,1657.93,1660.5,1117193.0
1659549600,1660.65,1669.1,1653.14,1662.87,899902.0
1659553200,1662.86,1667.0,1649.0,1654.14,1101295.0
1659556800,1654.4,1657.41,1632.0,1642.52,1338120.0
1659560400,1642.51,1648.42,1634.13,1634.92,473677.0
1659564000,1634.93,1638.97,1615.96,1621.96,1512287.0
1659567600,1621.98,1622.96,1607.39,1618.53,1543613.0
1659571200,1618.52,1643.6,1615.63,1640.34,1661494.0
1659574800,1640.34,1659.25,1639.14,1648.62,1795568.0
1659578400,1648.63,1659.0,1643.5,1654.24,1166789.0
1659582000,1653.94,1656.29,1646.39,1651.42,725921.0
1659585600,1651.7,1659.0,1649.52,1654.67,777242.0
1659589200,1654.67,1663.0,1648.0,1649.33,968502.0
1659592800,1649.08,1652.7,1616.01,1627.02,3206097.0
1659596400,1627.02,1634.24,1622.73,1626.35,945208.0
1659600000,1626.35,1631.0,1611.32,1615.69,1759840.0
1659603600,1615.7,1625.88,1614.2,1622.89,1060632.0
1659607200,1622.89,1631.49,1615.0,1617.73,1179746.0
1659610800,1617.66,1621.68,1606.3,1616.08,1251329.0
1659614400,1616.07,1626.76,1607.0,1617.4,1512364.0
1659618000,1617.39,1644.46,1612.33,1633.43,3091238.0
1659621600,1633.43,1639.61,1596.0,1613.19,3764935.0
1659625200,1613.18,1617.86,1603.0,1615.23,1504840.0
1659628800,1615.23,1624.33,1580.7,1587.36,2787131.0
1659632400,1587.37,1597.9,1586.69,1596.23,1081453.0
1659636000,1596.3,1615.89,1582.56,1598.12,1926125.0
1659639600,1598.12,1609.32,1585.95,1590.72,918032.0
1659643200,1590.72,1599.31,1588.59,1591.15,671134.0
1659646800,1591.14,1597.75,1583.61,1586.37,308918.0
1659650400,1586.36,1602.48,1581.0,1596.81,829217.0
1659654000,1596.63,1612.56,1595.11,1607.38,870507.0
1659657600,1607.49,1618.11,1604.94,1607.33,889739.0
1659661200,1607.33,1650.0,1607.12,1646.49,2223841.0
1659664800,1646.49,1669.97,1646.32,1660.75,3105114.0
1659668400,1660.75,1664.8,1652.28,1659.59,1208222.0
1659672000,1659.6,1664.65,1652.77,1655.0,849870.0
1659675600,1655.01,1660.58,1646.67,1659.58,1205697.0
1659679200,1659.54,1678.88,1659.01,1664.38,2138837.0
1659682800,1664.37,1667.9,1657.04,1662.92,829427.0
1659686400,1662.98,1667.76,1652.0,1657.49,1117718.0
1659690000,1657.5,1665.8,1654.22,1661.86,867408.0
1659693600,1661.93,1678.0,1658.81,1668.96,1189852.0
1659697200,1668.96,1718.72,1666.08,1713.07,4875497.0
1659700800,1713.08,1725.79,1673.02,1680.7,4168759.0
1659704400,1680.78,1693.0,1666.0,1685.26,3013734.0
1659708000,1685.26,1718.76,1683.41,1693.85,3811130.0
1659711600,1693.85,1695.1,1667.97,1670.53,2561371.0
1659715200,1670.5,1676.54,1656.3,1673.34,2278940.0
1659718800,1673.33,1684.55,1658.26,1663.69,1978427.0
1659722400,1663.7,1672.8,1661.29,1665.85,834923.0
1659726000,1665.88,1683.3,1664.84,1681.04,802852.0
1659729600,1680.86,1683.84,1666.3,1679.07,585226.0
1659733200,1679.1,1712.3,1679.1,1698.45,1898702.0
1659736800,1698.45,1721.62,1698.45,1715.23,1311949.0
1659740400,1715.24,1742.83,1713.47,1736.57,2367969.0
1659744000,1736.58,1749.9,1732.0,1737.69,2104110.0
1659747600,1737.7,1741.85,1725.0,1733.37,1140846.0
1659751200,1733.49,1741.66,1727.15,1739.59,968400.0
1659754800,1739.59,1742.48,1731.92,1734.62,701357.0
1659758400,1734.63,1738.26,1731.0,1732.73,563674.0
1659762000,1732.73,1736.7,1715.33,1723.61,1338855.0
1659765600,1723.56,1725.78,1714.15,1723.0,700413.0
1659769200,1723.0,1725.92,1717.1,1720.99,562744.0
1659772800,1720.99,1725.0,1703.18,1708.91,1841838.0
1659776400,1708.98,1715.75,1707.02,1712.31,630477.0
1659780000,1712.31,1722.94,1711.87,1716.79,755952.0
1659783600,1716.8,1722.81,1712.06,1712.21,641631.0
1659787200,1712.21,1717.47,1708.23,1711.63,679233.0
1659790800,1711.63,1721.29,1709.46,1710.71,773972.0
1659794400,1710.71,1718.39,1706.0,1716.05,796211.0
1659798000,1716.05,1718.71,1709.57,1715.4,931323.0
1659801600,1715.4,1720.97,1705.21,1707.25,878102.0
1659805200,1707.25,1718.58,1685.42,1707.34,2620870.0
1659808800,1707.35,1716.91,1700.69,1714.11,891803.0
1659812400,1714.1,1719.27,1708.17,1714.64,493349.0
1659816000,1714.64,1717.2,1707.14,1715.29,384678.0
1659819600,1715.29,1719.48,1714.0,1717.34,332172.0
1659823200,1717.37,1724.49,1710.51,1713.24,444734.0
1659826800,1713.24,1714.21,1687.0,1690.32,1659629.0
1659830400,1690.32,1697.83,1669.22,1672.43,1609305.0
1659834000,1672.34,1678.89,1668.0,1676.72,1336335.0
1659837600,1676.71,1687.82,1674.0,1685.63,865145.0
1659841200,1685.64,1688.8,1677.88,1683.61,739878.0
1659844800,1683.6,1688.63,1672.51,1674.96,922639.0
1659848400,1674.96,1686.0,1674.14,1680.86,506491.0
1659852000,1680.86,1685.78,1680.0,1683.29,330852.0
1659855600,1683.29,1688.06,1682.51,1685.59,418539.0
1659859200,1685.6,1686.11,1676.88,1679.47,690582.0
1659862800,1679.47,1685.57,1673.19,1683.93,787713.0
1659866400,1683.97,1686.0,1680.01,1684.86,341196.0
1659870000,1684.87,1695.0,1681.05,1692.24,855945.0
1659873600,1692.24,1712.22,1690.0,1707.88,2316400.0
1659877200,1708.02,1715.7,1703.32,1707.17,1235815.0
1659880800,1707.17,1710.0,1693.58,1704.99,1169148.0
1659884400,1704.99,1705.83,1696.36,1699.03,595000.0
1659888000,1699.03,1709.5,1694.88,1705.88,865449.0
1659891600,1705.98,1718.6,1705.1,1711.68,892020.0
1659895200,1711.68,1714.69,1704.02,1707.69,429573.0
1659898800,1707.69,1711.19,1704.72,1708.21,253348.0
1659902400,1708.31,1726.25,1707.24,1721.75,839994.0
1659906000,1721.76,1730.69,1713.61,1717.25,786348.0
1659909600,1717.24,1720.3,1702.4,1704.63,762094.0
1659913200,1704.63,1705.19,1691.0,1700.21,1146520.0
1659916800,1700.21,1719.9,1695.16,1707.31,1309272.0
1659920400,1707.3,1708.44,1693.8,1701.24,803816.0
1659924000,1701.25,1716.31,1699.86,1714.38,951998.0
1659927600,1714.37,1716.88,1708.6,1709.7,577910.0
1659931200,1709.7,1714.07,1707.84,1712.05,421341.0
1659934800,1712.12,1726.8,1712.0,1723.28,1260831.0
1659938400,1723.28,1742.88,1723.18,1732.78,2701052.0
1659942000,1732.78,1737.99,1729.0,1732.77,1209884.0
1659945600,1732.76,1778.77,1728.1,1773.1,4674089.0
1659949200,1773.1,1779.0,1766.39,1768.62,1868081.0
1659952800,1768.61,1774.85,1764.0,1772.3,1079643.0
1659956400,1772.31,1796.42,1768.32,1789.43,2264536.0
1659960000,1789.43,1820.72,1785.2,1807.18,4188666.0
1659963600,1807.19,1807.49,1792.83,1800.61,1961237.0
1659967200,1800.6,1803.83,1792.14,1794.28,1238698.0
1659970800,1794.43,1798.78,1766.26,1775.04,3136263.0
1659974400,1775.01,1777.93,1752.0,1767.83,2274296.0
1659978000,1767.82,1773.89,1763.11,1770.27,864713.0
1659981600,1770.31,1783.4,1761.2,1773.28,1239669.0
1659985200,1773.18,1788.0,1767.2,1783.44,970383.0
1659988800,1783.4,1801.3,1781.34,1796.85,737236.0
1659992400,1796.85,1797.35,1765.0,1770.01,1122302.0
1659996000,1770.01,1779.59,1757.32,1777.62,904602.0
1659999600,1777.63,1790.69,1768.13,1776.6,1154524.0
1660003200,1776.6,1786.46,1768.74,1774.46,782720.0
1660006800,1774.37,1776.31,1761.47,1766.17,1082010.0
1660010400,1766.17,1775.88,1761.53,1773.73,741900.0
1660014000,1773.74,1780.9,1772.2,1777.99,703780.0
1660017600,1777.99,1781.8,1773.2,1780.02,663995.0
1660021200,1780.03,1780.62,1774.28,1777.16,563384.0
1660024800,1777.16,1780.0,1766.54,1779.59,1147142.0
1660028400,1779.59,1791.77,1775.28,1781.73,1671775.0
1660032000,1781.73,1783.0,1769.0,1771.69,1196873.0
1660035600,1771.69,1775.88,1733.04,1734.94,3805765.0
1660039200,1734.94,1744.03,1712.94,1714.38,4156063.0
1660042800,1714.38,1724.88,1692.0,1704.23,4020395.0
1660046400,1704.23,1715.61,1699.25,1707.01,1974603.0
1660050000,1706.87,1717.54,1681.98,1687.07,2931284.0
1660053600,1687.07,1692.38,1668.1,1685.13,3894366.0
1660057200,1685.12,1695.55,1680.44,1685.15,1419782.0
1660060800,1685.14,1692.47,1673.67,1688.09,1677174.0
1660064400,1688.08,1697.9,1682.45,1693.22,1247024.0
1660068000,1693.23,1694.49,1683.89,1689.71,603275.0
1660071600,1689.71,1693.35,1681.0,1688.34,527751.0
1660075200,1688.16,1698.58,1686.98,1696.16,378222.0
1660078800,1696.32,1711.43,1695.35,1706.25,799158.0
1660082400,1706.37,1715.87,1696.91,1703.86,927493.0
1660086000,1703.87,1710.94,1699.5,1703.36,621721.0
1660089600,1703.07,1703.07,1656.25,1672.08,2846915.0
1660093200,1672.05,1691.3,1671.22,1681.08,1508726.0
1660096800,1681.08,1685.34,1666.5,1680.99,1388279.0
1660100400,1680.99,1684.79,1668.6,1669.99,895236.0
1660104000,1669.99,1684.4,1668.36,1680.03,1016599.0
1660107600,1680.04,1684.26,1674.27,1679.59,732691.0
1660111200,1679.6,1682.72,1672.61,1679.7,739759.0
1660114800,1679.7,1691.55,1679.0,1686.08,1051215.0
1660118400,1686.08,1706.4,1683.85,1702.5,1440881.0
1660122000,1702.5,1707.91,1691.59,1699.93,1376146.0
1660125600,1699.99,1702.28,1688.62,1693.86,874786.0
1660129200,1693.94,1714.0,1691.89,1706.88,1958722.0
1660132800,1706.87,1839.0,1703.4,1822.77,12373973.0
1660136400,1822.77,1850.0,1809.46,1828.92,5752631.0
1660140000,1828.98,1855.0,1820.0,1843.5,3079492.0
1660143600,1843.5,1849.75,1832.69,1837.38,1849331.0
1660147200,1837.24,1848.74,1825.6,1830.54,1811159.0
1660150800,1830.55,1839.17,1822.02,1833.22,1062663.0
1660154400,1833.23,1836.44,1803.69,1813.69,1755474.0
1660158000,1813.69,1826.26,1809.0,1818.42,1017648.0
1660161600,1818.59,1845.38,1817.93,1842.39,1088353.0
1660165200,1842.15,1888.0,1829.14,1860.39,2212807.0
1660168800,1860.4,1870.27,1845.56,1850.31,1119458.0
1660172400,1850.41,1855.68,1846.67,1853.75,674035.0
1660176000,1853.74,1881.65,1850.22,1875.21,1720980.0
1660179600,1875.22,1919.0,1868.42,1906.46,4728286.0
1660183200,1906.23,1912.92,1864.0,1878.81,3593634.0
1660186800,1878.81,1887.59,1870.0,1880.18,1835046.0
1660190400,1880.03,1892.87,1878.57,1892.0,1271773.0
1660194000,1892.01,1907.0,1881.24,1891.12,2345122.0
1660197600,1891.21,1898.52,1881.0,1886.91,1437655.0
1660201200,1886.91,1903.9,1870.23,1878.41,2310662.0
1660204800,1878.24,1893.57,1873.45,1889.92,1345956.0
1660208400,1890.1,1892.91,1880.24,1880.82,596387.0
1660212000,1880.81,1889.47,1876.0,1885.48,820876.0
1660215600,1885.48,1914.35,1884.24,1903.6,1763943.0
1660219200,1903.61,1945.0,1902.5,1926.55,5590680.0
1660222800,1926.55,1928.32,1896.44,1911.76,2542412.0
1660226400,1911.76,1926.0,1886.47,1902.3,3111065.0
1660230000,1902.31,1909.58,1883.99,1890.46,2221972.0
1660233600,1890.47,1903.33,1884.6,1900.06,1448451.0
1660237200,1900.07,1908.48,1896.15,1901.6,1135172.0
1660240800,1901.6,1901.79,1875.24,1886.65,1859881.0
1660244400,1886.65,1898.8,1876.45,1898.8,799422.0
1660248000,1898.79,1904.0,1884.74,1901.25,718796.0
1660251600,1901.25,1905.0,1886.27,1898.62,556777.0
1660255200,1898.84,1900.55,1871.53,1873.1,820119.0
1660258800,1873.0,1883.53,1866.6,1880.16,1173928.0
1660262400,1880.19,1889.12,1856.94,1884.98,1686620.0
1660266000,1884.98,1891.73,1877.54,1880.01,789417.0
1660269600,1880.0,1914.7,1871.17,1902.84,2227810.0
1660273200,1902.84,1908.43,1894.41,1903.56,998898.0
1660276800,1903.55,1909.52,1888.1,1890.96,861012.0
1660280400,1890.95,1902.0,1889.87,1893.47,720960.0
1660284000,1893.47,1896.65,1882.43,1891.76,987653.0
1660287600,1891.75,1893.65,1883.06,1888.69,728053.0
1660291200,1888.69,1897.48,1884.13,1887.14,951817.0
1660294800,1887.13,1904.4,1886.5,1893.19,1300993.0
1660298400,1893.18,1894.92,1871.24,1874.0,1482426.0
1660302000,1874.0,1881.65,1852.0,1868.76,2520029.0
1660305600,1868.76,1884.6,1866.55,1880.11,1401971.0
1660309200,1880.42,1894.72,1868.24,1883.78,2296387.0
1660312800,1883.77,1888.58,1869.95,1881.28,1782132.0
1660316400,1881.16,1904.6,1878.6,1897.16,1876164.0
1660320000,1897.17,1907.3,1891.66,1893.5,1205929.0
1660323600,1893.5,1902.24,1890.52,1898.71,552309.0
1660327200,1898.71,1928.64,1896.01,1911.48,2083013.0
1660330800,1911.48,1932.0,1911.12,1925.72,1236624.0
1660334400,1925.77,1937.63,1916.27,1931.4,1327538.0
1660338000,1931.41,1933.03,1921.0,1922.17,432322.0
1660341600,1922.29,1932.29,1917.45,1931.25,722823.0
1660345200,1931.25,1965.14,1925.65,1958.17,3133339.0
1660348800,1958.17,1973.47,1946.0,1969.1,1544652.0
1660352400,1969.18,1970.81,1956.0,1963.61,1525998.0
1660356000,1963.33,1981.0,1959.43,1978.7,1135219.0
1660359600,1978.69,1999.0,1967.5,1996.35,3087645.0
1660363200,1996.35,2011.0,1985.21,1992.28,3043525.0
1660366800,1992.2,1998.79,1989.05,1993.31,1045591.0
1660370400,1993.32,2020.77,1993.32,2004.0,3173497.0
1660374000,2004.02,2010.3,1994.0,1996.03,1291045.0
1660377600,1996.03,2004.0,1981.0,1987.33,1610875.0
1660381200,1987.44,2007.99,1982.51,2001.37,1701649.0
1660384800,2001.33,2002.32,1989.01,1994.07,1097528.0
1660388400,1994.03,1995.6,1970.02,1985.99,1653623.0
1660392000,1985.99,1986.26,1963.1,1980.56,2074758.0
1660395600,1980.57,1989.44,1975.0,1978.46,1356526.0
1660399200,1978.45,1986.74,1976.22,1981.88,737075.0
1660402800,1981.89,1996.0,1978.02,1987.79,1285649.0
1660406400,1987.8,1996.97,1983.38,1989.54,932327.0
1660410000,1989.54,2001.43,1986.06,1999.37,1043025.0
1660413600,1999.37,2003.56,1975.02,1983.36,1373044.0
1660417200,1983.28,1986.35,1971.39,1975.45,919751.0
1660420800,1975.41,1994.87,1967.0,1989.91,934537.0
1660424400,1989.92,1994.82,1982.13,1986.56,417835.0
1660428000,1986.55,1991.62,1977.75,1978.2,387552.0
1660431600,1978.2,1987.6,1974.44,1983.48,523318.0
1660435200,1983.48,1991.12,1974.51,1985.85,687041.0
1660438800,1985.85,1994.0,1970.75,1987.77,1210874.0
1660442400,1987.77,1990.3,1981.24,1987.5,530777.0
1660446000,1987.35,1988.86,1981.4,1985.51,391792.0
1660449600,1985.52,1999.99,1981.1,1991.86,1051558.0
1660453200,1991.86,1996.42,1986.48,1992.41,771859.0
1660456800,1992.42,1996.0,1989.2,1993.58,404845.0
1660460400,1993.68,2031.54,1991.8,2016.76,3609374.0
1660464000,2016.76,2017.86,1994.16,1999.8,2325301.0
1660467600,1999.79,2012.5,1996.1,2008.87,1024588.0
1660471200,2008.87,2009.19,1996.0,1997.88,892902.0
1660474800,1997.71,2002.0,1978.77,1989.5,1606674.0
1660478400,1989.49,1991.06,1978.89,1985.95,939728.0
1660482000,1985.92,1987.0,1970.37,1977.51,1674457.0
1660485600,1977.51,1986.74,1975.09,1982.4,812928.0
1660489200,1982.46,1986.5,1977.54,1984.31,521196.0
1660492800,1984.32,1985.0,1940.44,1940.44,2733562.0
1660496400,1940.43,1944.7,1920.77,1923.07,3370987.0
1660500000,1923.06,1932.79,1905.39,1929.65,2005172.0
1660503600,1929.8,1934.98,1925.56,1931.05,484915.0
1660507200,1931.05,1944.88,1928.33,1940.07,651143.0
1660510800,1940.07,1963.0,1938.61,1948.44,875682.0
1660514400,1948.43,1950.25,1917.02,1932.63,1587762.0
1660518000,1932.63,1940.5,1929.34,1935.46,772178.0
1660521600,1935.39,1958.79,1923.18,1957.24,1492929.0
1660525200,1957.2,1975.0,1946.18,1973.3,1976649.0
1660528800,1973.21,2006.99,1969.03,2000.23,3073455.0
1660532400,2000.02,2013.37,1976.69,1986.73,2810914.0
1660536000,1986.57,1987.8,1974.32,1983.55,1268426.0
1660539600,1983.55,1993.85,1963.77,1971.11,1784982.0
1660543200,1971.11,1971.64,1893.85,1907.54,5978876.0
1660546800,1907.54,1916.0,1887.0,1900.41,2914407.0
1660550400,1900.42,1908.6,1875.51,1905.36,2664823.0
1660554000,1905.36,1911.0,1888.3,1910.26,1669492.0
1660557600,1910.26,1913.41,1895.28,1906.79,1158528.0
1660561200,1906.79,1912.79,1885.4,1891.07,1356171.0
1660564800,1891.08,1905.0,1873.0,1877.71,2065662.0
1660568400,1877.7,1921.61,1873.83,1915.94,3639368.0
1660572000,1915.94,1916.7,1897.4,1902.85,1930655.0
1660575600,1902.85,1922.58,1892.86,1917.03,1607938.0
1660579200,1917.03,1931.54,1908.0,1928.47,1504182.0
1660582800,1928.47,1933.0,1896.29,1902.91,1850307.0
1660586400,1902.9,1903.18,1890.0,1896.83,868699.0
1660590000,1896.76,1906.42,1884.42,1889.58,1333694.0
1660593600,1889.59,1906.43,1887.59,1903.37,643472.0
1660597200,1903.36,1919.49,1897.57,1903.52,732823.0
1660600800,1903.69,1917.98,1893.35,1894.69,803002.0
1660604400,1894.9,1910.99,1876.0,1899.15,1964484.0
1660608000,1899.38,1904.96,1881.18,1897.35,1469809.0
1660611600,1897.36,1915.0,1896.45,1899.17,1439045.0
1660615200,1899.16,1908.94,1887.78,1891.58,1060089.0
1660618800,1891.58,1895.0,1861.13,1888.07,3544971.0
1660622400,1888.18,1893.87,1868.67,1872.18,1387202.0
1660626000,1872.17,1876.25,1857.0,1871.27,2029959.0
1660629600,1871.46,1887.62,1867.98,1880.68,1205750.0
1660633200,1880.69,1886.8,1875.06,1886.49,834216.0
1660636800,1886.54,1888.0,1874.52,1879.96,915400.0
1660640400,1879.96,1898.01,1878.5,1893.2,1466189.0
1660644000,1893.2,1896.3,1886.53,1888.68,644505.0
1660647600,1888.68,1914.85,1886.94,1906.32,2020629.0
1660651200,1906.32,1914.56,1883.61,1889.62,1908171.0
1660654800,1889.61,1902.4,1875.08,1881.52,2495171.0
1660658400,1881.51,1885.31,1863.01,1874.39,2672109.0
1660662000,1874.38,1890.72,1868.17,1887.71,1621656.0
1660665600,1887.7,1889.78,1865.3,1880.68,1554412.0
1660669200,1880.69,1885.47,1870.06,1878.3,1060952.0
1660672800,1878.54,1898.32,1852.0,1871.04,3054966.0
1660676400,1871.12,1881.41,1867.41,1879.18,925253.0
1660680000,1879.19,1886.86,1875.0,1884.6,576934.0
1660683600,1884.46,1886.73,1872.01,1880.22,355838.0
1660687200,1880.22,1880.58,1866.7,1872.22,586132.0
1660690800,1872.22,1881.38,1869.09,1877.13,539712.0
1660694400,1877.13,1900.0,1875.0,1895.19,1689410.0
1660698000,1895.29,1898.9,1885.96,1887.26,1026352.0
1660701600,1887.26,1905.42,1881.38,1893.23,1645434.0
1660705200,1893.24,1902.4,1893.2,1895.86,997358.0
1660708800,1895.86,1905.05,1895.0,1900.68,737772.0
1660712400,1900.68,1926.07,1899.27,1924.07,2409281.0
1660716000,1924.09,1958.22,1922.88,1951.42,4433121.0
1660719600,1951.5,1955.14,1888.0,1890.44,5788903.0
1660723200,1890.53,1903.35,1879.0,1884.79,2353551.0
1660726800,1884.79,1896.36,1881.57,1890.58,979037.0
1660730400,1890.33,1890.84,1866.0,1879.33,1903527.0
1660734000,1879.33,1884.44,1871.08,1876.9,1017190.0
1660737600,1876.91,1886.77,1855.8,1871.99,3402171.0
1660741200,1871.98,1873.21,1819.09,1835.06,6093816.0
1660744800,1835.0,1841.82,1820.0,1823.69,2460764.0
1660748400,1823.68,1840.0,1820.81,1831.25,1632788.0
1660752000,1831.25,1843.63,1824.3,1839.73,1417431.0
1660755600,1839.74,1854.0,1834.3,1851.23,1310448.0
1660759200,1851.22,1871.0,1830.59,1850.09,4176852.0
1660762800,1850.09,1855.6,1831.62,1838.2,1417692.0
1660766400,1838.07,1854.33,1826.8,1850.73,1415699.0
1660770000,1850.72,1850.73,1832.0,1839.79,578565.0
1660773600,1839.8,1839.8,1825.44,1829.0,732442.0
1660777200,1828.99,1837.39,1823.0,1834.24,671534.0
1660780800,1834.45,1850.33,1821.3,1847.19,1670803.0
1660784400,1847.18,1863.55,1841.55,1856.74,1067770.0
1660788000,1856.75,1865.9,1844.01,1852.01,1362257.0
1660791600,1852.01,1854.73,1845.67,1848.58,632334.0
1660795200,1848.58,1852.94,1838.8,1844.4,802178.0
1660798800,1844.28,1853.0,1842.62,1844.35,776595.0
1660802400,1844.17,1853.0,1839.06,1839.34,1041463.0
1660806000,1839.3,1847.83,1836.19,1845.41,816078.0
1660809600,1845.33,1850.73,1833.43,1848.99,1247240.0
1660813200,1848.99,1857.82,1845.0,1855.92,737954.0
1660816800,1855.92,1866.0,1845.33,1848.25,1739707.0
1660820400,1848.14,1860.99,1848.0,1859.36,771955.0
1660824000,1859.44,1880.25,1855.53,1878.54,2921305.0
1660827600,1878.55,1882.0,1850.7,1854.71,2603895.0
1660831200,1854.7,1869.95,1848.04,1860.8,1804442.0
1660834800,1860.61,1877.62,1856.8,1872.65,1339061.0
1660838400,1872.54,1874.14,1856.2,1869.26,2013628.0
1660842000,1869.22,1879.0,1859.0,1860.61,1393623.0
1660845600,1860.46,1872.6,1858.56,1866.2,754538.0
1660849200,1866.21,1877.51,1865.0,1869.92,805396.0
1660852800,1870.06,1879.92,1865.83,1876.79,777940.0
1660856400,1876.8,1878.41,1867.7,1868.69,307755.0
1660860000,1868.7,1872.5,1863.67,1866.9,652325.0
1660863600,1866.9,1870.98,1843.16,1846.4,2019633.0
1660867200,1846.26,1848.27,1811.56,1826.29,3250931.0
1660870800,1826.29,1826.93,1806.72,1817.0,2356604.0
1660874400,1816.99,1829.25,1811.55,1825.07,1318389.0
1660878000,1825.06,1825.56,1816.66,1818.14,795640.0
1660881600,1818.13,1824.8,1813.14,1819.01,663866.0
1660885200,1819.13,1823.64,1810.11,1817.49,747646.0
1660888800,1817.5,1818.0,1713.5,1749.31,9206911.0
1660892400,1749.18,1763.7,1733.0,1745.18,2768951.0
1660896000,1745.04,1745.35,1722.0,1736.87,2967190.0
1660899600,1736.86,1742.5,1728.02,1737.18,1435780.0
1660903200,1737.19,1742.42,1727.06,1730.42,1131151.0
1660906800,1730.42,1731.45,1681.13,1707.42,6275450.0
1660910400,1707.47,1707.47,1675.0,1700.6,3823037.0
1660914000,1700.59,1704.67,1685.75,1690.31,1851803.0
1660917600,1690.31,1704.92,1686.51,1691.86,1514329.0
1660921200,1691.86,1702.4,1686.85,1697.81,1391341.0
1660924800,1697.73,1725.97,1693.73,1717.79,3068685.0
1660928400,1717.78,1725.82,1702.75,1706.27,1394803.0
1660932000,1706.26,1708.0,1690.29,1699.77,1240437.0
1660935600,1699.95,1712.19,1679.16,1701.27,1914412.0
1660939200,1701.18,1706.84,1681.0,1686.94,1178131.0
1660942800,1686.63,1690.57,1623.91,1647.84,2632062.0
1660946400,1647.83,1665.75,1612.0,1620.08,3987986.0
1660950000,1620.15,1630.0,1603.0,1608.67,3268693.0
1660953600,1608.67,1639.9,1607.67,1624.83,2443062.0
1660957200,1624.81,1633.68,1615.62,1617.61,1267161.0
1660960800,1617.61,1636.0,1617.12,1628.31,1219873.0
1660964400,1628.31,1634.21,1622.38,1627.93,1157408.0
1660968000,1627.93,1653.0,1625.0,1647.03,1832567.0
1660971600,1647.03,1648.42,1628.5,1634.9,2087649.0
1660975200,1634.9,1651.71,1632.59,1650.58,1540423.0
1660978800,1650.57,1656.88,1643.43,1647.01,1518728.0
1660982400,1647.0,1649.14,1636.0,1637.21,1242994.0
1660986000,1637.22,1638.28,1627.24,1634.93,1213548.0
1660989600,1634.91,1635.48,1617.49,1631.76,1759822.0
1660993200,1631.69,1637.34,1628.5,1630.86,870235.0
1660996800,1630.86,1635.75,1624.0,1627.21,1214633.0
1661000400,1627.2,1639.57,1624.07,1636.21,1042962.0
1661004000,1636.21,1644.0,1629.18,1633.6,1200961.0
1661007600,1633.6,1637.3,1625.33,1634.55,824838.0
1661011200,1634.55,1639.42,1613.03,1618.47,1716898.0
1661014800,1618.47,1631.0,1606.0,1616.32,2197706.0
1661018400,1616.32,1622.39,1575.2,1579.55,3707754.0
1661022000,1579.75,1584.14,1550.0,1564.46,3879816.0
1661025600,1564.49,1583.52,1527.76,1532.7,3231243.0
1661029200,1532.69,1571.53,1522.7,1568.57,2280324.0
1661032800,1568.58,1589.0,1565.0,1573.18,1747633.0
1661036400,1573.19,1585.47,1565.73,1575.73,1343884.0
1661040000,1575.73,1596.47,1573.2,1576.83,1803664.0
1661043600,1576.82,1599.29,1576.17,1594.16,1273823.0
1661047200,1594.16,1604.44,1586.2,1594.29,1316380.0
1661050800,1594.29,1595.68,1581.01,1585.52,1163129.0
1661054400,1585.24,1595.0,1581.49,1583.68,841018.0
1661058000,1583.69,1590.0,1576.04,1586.79,1018824.0
1661061600,1586.8,1588.64,1567.02,1571.99,1710974.0
1661065200,1571.99,1586.66,1562.27,1585.09,1740428.0
1661068800,1585.08,1617.71,1584.46,1602.36,4524479.0
1661072400,1602.35,1625.0,1598.26,1617.0,2456561.0
1661076000,1617.01,1630.0,1611.01,1619.33,2017064.0
1661079600,1619.65,1629.88,1615.33,1626.06,1189671.0
1661083200,1626.18,1640.89,1623.07,1623.75,2120686.0
1661086800,1623.74,1626.3,1611.5,1612.33,1596630.0
1661090400,1612.34,1622.0,1601.5,1617.61,1906761.0
1661094000,1617.61,1622.97,1611.34,1621.11,873133.0
1661097600,1621.04,1635.79,1610.5,1623.59,2062461.0
1661101200,1623.57,1631.88,1616.97,1620.59,999660.0
1661104800,1620.6,1626.81,1612.58,1624.04,847586.0
1661108400,1624.05,1628.41,1616.97,1623.64,485784.0
1661112000,1623.69,1640.99,1613.13,1616.14,1247201.0
1661115600,1616.43,1648.0,1616.0,1621.39,1471754.0
1661119200,1621.41,1629.94,1580.0,1618.55,3726124.0
1661122800,1618.57,1631.9,1614.15,1617.93,1096349.0
1661126400,1618.0,1622.6,1601.5,1610.32,1854433.0
1661130000,1610.32,1613.49,1592.9,1605.82,1741881.0
1661133600,1605.92,1611.91,1597.0,1607.5,994150.0
1661137200,1607.5,1610.66,1594.35,1595.12,908366.0
1661140800,1595.1,1609.6,1585.52,1607.22,1670993.0
1661144400,1607.22,1610.75,1599.37,1604.06,980786.0
1661148000,1604.05,1604.26,1576.43,1584.98,2419277.0
1661151600,1584.95,1590.0,1552.0,1557.23,3515007.0
1661155200,1557.08,1564.84,1530.1,1563.5,6556996.0
1661158800,1563.58,1575.66,1551.69,1563.89,2616820.0
1661162400,1563.88,1579.0,1557.32,1573.15,2113536.0
1661166000,1572.88,1581.0,1563.03,1567.66,1517299.0
1661169600,1567.67,1578.0,1552.0,1561.81,2349620.0
1661173200,1561.54,1575.93,1547.54,1566.51,3796925.0
1661176800,1566.51,1580.99,1556.68,1562.37,3167021.0
1661180400,1562.37,1596.46,1561.59,1589.33,2802168.0
1661184000,1589.33,1602.75,1575.04,1581.75,1984270.0
1661187600,1581.76,1583.65,1568.91,1574.16,979061.0
1661191200,1574.16,1575.48,1549.0,1559.01,1740247.0
1661194800,1558.74,1569.09,1555.85,1567.92,1240307.0
1661198400,1567.92,1588.0,1566.36,1579.57,1341705.0
1661202000,1579.58,1581.94,1563.44,1571.81,566650.0
1661205600,1571.82,1593.05,1568.65,1587.45,1173653.0
1661209200,1587.55,1629.13,1586.02,1624.86,2341413.0
1661212800,1624.85,1636.6,1614.37,1620.56,2103314.0
1661216400,1620.57,1639.01,1620.57,1623.87,1625485.0
1661220000,1623.87,1630.52,1618.24,1626.65,1034659.0
1661223600,1626.75,1633.0,1607.36,1609.52,1312977.0
1661227200,1609.52,1617.89,1607.87,1610.65,1052891.0
1661230800,1610.66,1613.26,1569.25,1571.13,3296854.0
1661234400,1571.02,1579.49,1563.33,1573.66,1976699.0
1661238000,1574.03,1602.44,1572.19,1602.17,3052217.0
1661241600,1602.23,1617.95,1600.37,1608.66,2684196.0
1661245200,1608.66,1625.0,1587.16,1610.94,3539654.0
1661248800,1610.94,1615.0,1596.0,1608.7,1964781.0
1661252400,1608.7,1623.63,1598.65,1619.89,1638501.0
1661256000,1619.88,1627.0,1608.02,1610.8,1786983.0
1661259600,1610.89,1637.0,1606.2,1635.32,3526678.0
1661263200,1635.33,1653.8,1628.5,1631.86,4002853.0
1661266800,1631.9,1647.0,1623.5,1640.22,2203623.0
1661270400,1640.07,1641.29,1625.0,1638.01,1594946.0
1661274000,1638.01,1645.78,1633.21,1633.9,984498.0
1661277600,1633.91,1678.5,1630.02,1656.82,2822796.0
1661281200,1656.79,1660.99,1646.0,1650.3,1020183.0
1661284800,1650.31,1665.39,1641.66,1647.07,1209132.0
1661288400,1647.06,1651.81,1641.62,1648.33,426691.0
1661292000,1648.48,1661.77,1645.46,1653.61,928509.0
1661295600,1653.61,1672.84,1650.57,1664.69,1097322.0
1661299200,1664.68,1665.8,1632.11,1640.33,2049419.0
1661302800,1640.32,1643.4,1612.0,1622.94,2322809.0
1661306400,1622.91,1633.99,1608.39,1612.34,2008343.0
1661310000,1612.33,1618.71,1605.0,1614.68,1345543.0
1661313600,1614.67,1626.72,1610.32,1623.52,1094796.0
1661317200,1623.51,1648.25,1620.65,1637.4,2542110.0
1661320800,1637.4,1647.49,1630.5,1644.87,1441770.0
1661324400,1644.87,1649.73,1621.21,1627.31,2284617.0
1661328000,1627.31,1645.0,1626.17,1633.97,1801921.0
1661331600,1633.96,1642.84,1632.54,1635.6,1076117.0
1661335200,1635.6,1645.0,1627.0,1630.0,1185712.0
1661338800,1630.0,1654.45,1627.64,1650.92,1965856.0
1661342400,1650.93,1661.0,1645.77,1657.52,2268819.0
1661346000,1657.53,1660.46,1643.04,1649.01,1898928.0
1661349600,1649.02,1663.88,1643.0,1648.68,2370066.0
1661353200,1648.68,1687.84,1646.67,1683.09,3632162.0
1661356800,1683.09,1693.9,1672.68,1677.44,2790856.0
1661360400,1677.52,1681.0,1663.6,1668.45,1253603.0
1661364000,1668.38,1675.95,1665.51,1668.29,831725.0
1661367600,1668.28,1690.98,1667.75,1678.1,1092166.0
1661371200,1678.05,1686.41,1674.04,1682.53,537949.0
1661374800,1682.56,1683.97,1668.0,1670.42,440332.0
1661378400,1670.5,1677.17,1656.35,1660.27,1387185.0
1661382000,1660.26,1668.27,1651.0,1656.15,1093829.0
1661385600,1656.16,1672.97,1653.92,1668.32,1337248.0
1661389200,1668.33,1684.43,1664.13,1674.75,1399334.0
1661392800,1674.75,1678.62,1671.5,1676.69,661684.0
1661396400,1676.68,1683.0,1663.91,1669.69,1315360.0
1661400000,1669.68,1679.31,1669.0,1676.59,761645.0
1661403600,1676.59,1681.62,1672.1,1680.27,725358.0
1661407200,1680.27,1706.87,1677.78,1702.01,3539851.0
1661410800,1702.01,1712.5,1696.81,1707.84,2044045.0
1661414400,1707.84,1716.48,1704.26,1708.6,1592257.0
1661418000,1708.6,1712.2,1698.0,1704.66,1074087.0
1661421600,1704.51,1706.31,1693.5,1694.05,1011456.0
1661425200,1694.04,1713.2,1693.43,1709.54,1347699.0
1661428800,1709.5,1717.53,1699.55,1704.59,2289584.0
1661432400,1704.65,1711.98,1696.55,1708.57,1758114.0
1661436000,1708.58,1722.0,1704.0,1709.95,2769760.0
1661439600,1709.95,1715.0,1688.03,1701.07,2671156.0
1661443200,1701.07,1704.88,1690.0,1695.74,1461518.0
1661446800,1695.41,1713.0,1694.0,1705.28,1310514.0
1661450400,1705.28,1709.3,1695.74,1703.04,656711.0
1661454000,1703.01,1712.0,1699.2,1706.82,733726.0
1661457600,1706.9,1712.5,1700.0,1708.02,717113.0
1661461200,1708.03,1711.11,1695.77,1701.37,412018.0
1661464800,1701.36,1704.97,1692.93,1694.6,722121.0
1661468400,1694.34,1698.83,1682.74,1695.29,1122810.0
1661472000,1695.29,1695.46,1671.86,1675.27,2462736.0
1661475600,1675.27,1686.62,1671.21,1684.5,1026581.0
1661479200,1684.5,1690.69,1682.0,1690.47,835189.0
1661482800,1690.49,1691.26,1684.0,1686.72,615785.0
1661486400,1686.72,1687.8,1676.23,1682.58,939978.0
1661490000,1682.58,1684.06,1656.4,1661.53,2826140.0
1661493600,1661.52,1665.7,1657.01,1659.84,1221111.0
1661497200,1659.84,1662.61,1641.75,1660.42,2560204.0
1661500800,1660.42,1667.0,1652.31,1659.22,1210258.0
1661504400,1659.23,1664.77,1656.55,1660.58,722310.0
1661508000,1660.64,1661.65,1646.77,1649.62,1327346.0
1661511600,1649.62,1652.35,1617.0,1629.58,4052147.0
1661515200,1629.58,1682.21,1624.3,1680.1,5772328.0
1661518800,1680.25,1706.59,1672.93,1690.12,5910599.0
1661522400,1690.12,1703.0,1631.0,1634.6,10638634.0
1661526000,1634.6,1634.76,1584.04,1593.63,7469775.0
1661529600,1593.64,1600.0,1562.38,1580.21,4495520.0
1661533200,1580.17,1584.73,1565.16,1568.14,1439085.0
1661536800,1568.26,1570.54,1537.15,1558.88,4289379.0
1661540400,1558.88,1564.25,1552.47,1559.38,1027364.0
1661544000,1559.24,1567.86,1552.63,1556.13,949224.0
1661547600,1556.01,1560.67,1543.0,1555.87,775693.0
1661551200,1555.81,1561.0,1543.54,1548.56,1000423.0
1661554800,1548.57,1551.0,1485.52,1507.3,6019478.0
1661558400,1507.3,1517.88,1493.69,1514.5,2335208.0
1661562000,1514.5,1517.92,1506.89,1509.1,1048693.0
1661565600,1509.08,1511.32,1482.05,1498.0,2941515.0
1661569200,1498.01,1505.0,1490.4,1501.88,1488010.0
1661572800,1501.87,1503.95,1491.23,1493.39,1240214.0
1661576400,1493.4,1495.38,1468.0,1488.25,4023698.0
1661580000,1488.25,1506.87,1484.83,1499.69,1792396.0
1661583600,1499.59,1509.97,1488.0,1508.09,1755757.0
1661587200,1508.09,1509.6,1498.42,1501.66,1194068.0
1661590800,1501.67,1505.36,1493.81,1498.6,1065031.0
1661594400,1498.6,1511.97,1497.35,1502.85,1244691.0
1661598000,1502.86,1509.58,1496.06,1504.99,1184857.0
1661601600,1504.99,1508.43,1500.5,1502.7,699734.0
1661605200,1502.71,1506.65,1486.0,1499.68,1940093.0
1661608800,1499.62,1503.38,1488.05,1490.0,1416922.0
1661612400,1490.0,1491.93,1453.0,1469.61,4972767.0
1661616000,1469.6,1473.04,1445.26,1469.26,3975540.0
1661619600,1469.26,1484.28,1464.11,1472.63,2295302.0
1661623200,1472.62,1477.45,1466.11,1468.92,979180.0
1661626800,1468.91,1483.82,1466.29,1479.13,857137.0
1661630400,1479.22,1482.49,1473.1,1480.93,647432.0
1661634000,1480.93,1482.64,1457.38,1462.65,636254.0
1661637600,1462.63,1499.96,1457.54,1484.01,2156414.0
1661641200,1484.0,1499.0,1481.19,1490.92,1113436.0
1661644800,1490.91,1495.46,1476.19,1486.36,1286677.0
1661648400,1486.36,1499.22,1482.16,1493.41,1087148.0
1661652000,1493.41,1512.28,1493.07,1495.11,1663361.0
1661655600,1495.11,1499.66,1488.56,1491.05,867920.0
1661659200,1491.05,1493.5,1482.41,1487.13,935094.0
1661662800,1487.09,1495.5,1481.0,1495.2,916008.0
1661666400,1495.2,1496.8,1490.51,1493.77,727297.0
1661670000,1493.77,1502.53,1491.6,1496.46,909933.0
1661673600,1496.46,1503.89,1487.6,1493.25,1261012.0
1661677200,1493.25,1493.96,1485.0,1489.99,763351.0
1661680800,1490.0,1492.48,1482.0,1485.32,895754.0
1661684400,1485.34,1487.49,1473.75,1485.93,1498417.0
1661688000,1485.92,1489.2,1466.36,1469.3,1738697.0
1661691600,1469.31,1478.92,1467.35,1473.61,1152848.0
1661695200,1473.86,1485.61,1460.0,1475.5,2868905.0
1661698800,1475.56,1488.98,1473.4,1487.0,1291222.0
1661702400,1486.99,1496.82,1479.24,1480.99,1898396.0
1661706000,1480.95,1490.56,1478.03,1482.57,1159027.0
1661709600,1482.58,1492.92,1482.01,1489.31,450204.0
1661713200,1489.31,1494.57,1481.3,1482.94,640007.0
1661716800,1482.94,1492.29,1481.78,1482.75,621675.0
1661720400,1482.75,1490.97,1470.0,1476.73,671107.0
1661724000,1476.72,1481.03,1460.55,1464.4,2570490.0
1661727600,1464.22,1466.38,1423.22,1426.67,4865871.0
1661731200,1426.47,1447.16,1421.34,1431.14,3518707.0
1661734800,1431.14,1439.58,1428.0,1439.47,1436684.0
1661738400,1439.46,1449.02,1436.0,1445.88,1405313.0
1661742000,1445.79,1462.0,1443.78,1456.21,2140643.0
1661745600,1456.2,1461.32,1445.6,1449.51,1379085.0
1661749200,1449.52,1453.25,1438.57,1440.19,1013640.0
1661752800,1440.19,1457.55,1440.19,1453.91,1128685.0
1661756400,1453.92,1459.61,1446.0,1454.45,1248599.0
1661760000,1454.34,1456.48,1442.42,1444.71,1040027.0
1661763600,1444.57,1453.95,1444.12,1451.23,917082.0
1661767200,1451.28,1455.3,1445.0,1450.0,995705.0
1661770800,1450.01,1451.5,1442.0,1449.0,959335.0
1661774400,1449.0,1495.88,1446.9,1475.75,5176188.0
1661778000,1475.75,1505.91,1475.33,1495.59,4219193.0
1661781600,1495.59,1531.81,1494.88,1509.93,6237406.0
1661785200,1509.79,1529.8,1509.36,1521.65,2233067.0
1661788800,1521.72,1545.0,1519.53,1537.21,3489313.0
1661792400,1537.22,1544.44,1522.53,1542.27,2121865.0
1661796000,1542.28,1542.77,1527.0,1531.7,1403575.0
1661799600,1531.7,1538.64,1525.66,1530.6,1068001.0
1661803200,1530.77,1553.2,1528.51,1545.48,1817591.0
1661806800,1545.6,1546.31,1538.0,1541.86,391903.0
1661810400,1541.74,1548.39,1535.26,1540.23,688899.0
1661814000,1540.24,1559.86,1530.11,1551.2,2086234.0
1661817600,1551.22,1552.1,1537.44,1545.31,1362036.0
1661821200,1545.31,1546.92,1523.6,1531.11,1606336.0
1661824800,1531.1,1537.5,1526.27,1536.14,880545.0
1661828400,1536.14,1547.34,1530.43,1543.78,1289040.0
1661832000,1543.81,1586.5,1542.76,1582.0,4982966.0
1661835600,1582.0,1591.48,1577.0,1582.14,2005983.0
1661839200,1582.15,1588.9,1572.27,1577.11,1382093.0
1661842800,1577.12,1603.24,1576.53,1587.46,3209055.0
1661846400,1587.45,1596.6,1583.0,1586.89,1494277.0
1661850000,1586.9,1594.6,1585.0,1591.57,1089311.0
1661853600,1591.57,1608.65,1576.22,1584.58,2918721.0
1661857200,1584.58,1588.4,1579.0,1584.96,1172864.0
1661860800,1584.97,1595.0,1562.78,1570.93,3257800.0
1661864400,1570.93,1583.68,1561.91,1567.14,2798133.0
1661868000,1567.11,1572.3,1509.0,1523.76,7925279.0
1661871600,1523.75,1536.94,1513.63,1524.25,3908483.0
1661875200,1524.26,1538.0,1480.76,1487.13,5162362.0
1661878800,1487.14,1493.0,1473.0,1488.52,3207921.0
1661882400,1488.51,1509.5,1487.07,1506.07,2040631.0
1661886000,1506.17,1569.15,1505.0,1543.38,5645267.0
1661889600,1543.37,1566.0,1526.2,1557.56,2604007.0
1661893200,1557.56,1560.42,1520.16,1536.82,1103161.0
1661896800,1537.05,1549.45,1530.16,1545.51,1516632.0
1661900400,1545.45,1549.14,1515.87,1524.15,1950084.0
1661904000,1524.15,1555.79,1523.84,1552.9,2210781.0
1661907600,1552.9,1592.34,1550.0,1583.17,3839483.0
1661911200,1583.17,1600.0,1582.21,1591.72,2580424.0
1661914800,1591.72,1618.0,1589.55,1606.46,2920159.0
1661918400,1606.45,1620.04,1602.27,1606.17,1619724.0
1661922000,1606.16,1614.79,1596.63,1605.01,1732576.0
1661925600,1605.0,1616.0,1580.68,1583.71,2875532.0
1661929200,1583.72,1593.0,1576.69,1585.14,2074421.0
1661932800,1584.94,1598.5,1559.89,1576.3,4244922.0
1661936400,1576.31,1578.88,1567.28,1570.1,1788091.0
1661940000,1570.11,1608.76,1565.6,1596.73,2954414.0
1661943600,1596.73,1605.54,1585.23,1594.75,2006634.0
1661947200,1594.74,1610.1,1576.06,1592.54,3892460.0
1661950800,1592.48,1606.21,1580.0,1590.2,3159753.0
1661954400,1590.18,1597.0,1564.0,1566.77,3349717.0
1661958000,1566.71,1566.71,1535.14,1560.03,5040702.0
1661961600,1560.03,1569.0,1544.26,1549.8,2417537.0
1661965200,1549.81,1563.36,1527.36,1544.81,2649727.0
1661968800,1544.8,1554.98,1538.05,1548.99,1325302.0
1661972400,1548.98,1589.0,1548.13,1575.58,2857725.0
1661976000,1575.54,1579.01,1564.0,1570.13,597318.0
1661979600,1570.13,1583.0,1565.1,1579.29,510888.0
1661983200,1579.29,1584.73,1553.97,1568.7,1560852.0
1661986800,1568.53,1568.97,1542.3,1553.61,1655939.0
1661990400,1553.6,1566.59,1533.42,1551.11,2964868.0
1661994000,1551.11,1564.83,1547.7,1559.68,1765323.0
1661997600,1559.68,1574.0,1550.99,1556.95,2101475.0
1662001200,1556.96,1564.0,1537.26,1549.7,2323762.0
1662004800,1549.7,1557.4,1542.39,1551.51,1331702.0
1662008400,1551.52,1562.85,1548.32,1553.39,1296330.0
1662012000,1553.24,1556.0,1544.4,1550.68,1446764.0
1662015600,1550.53,1550.71,1530.37,1544.79,2713199.0
1662019200,1544.66,1549.98,1531.65,1547.47,1811536.0
1662022800,1547.47,1554.71,1538.31,1549.81,1844082.0
1662026400,1549.81,1568.0,1547.42,1565.24,1592637.0
1662030000,1565.24,1586.7,1558.02,1577.63,3211908.0
1662033600,1577.63,1580.9,1551.13,1564.67,3236839.0
1662037200,1564.68,1577.15,1554.43,1567.46,3123129.0
1662040800,1567.4,1569.46,1513.51,1518.25,6946107.0
1662044400,1518.25,1547.26,1512.42,1536.14,3688423.0
1662048000,1536.13,1542.54,1523.28,1539.11,2549969.0
1662051600,1539.12,1569.47,1536.28,1555.21,3460944.0
1662055200,1555.22,1572.74,1552.64,1559.57,1772065.0
1662058800,1559.58,1569.69,1556.06,1564.41,856123.0
1662062400,1564.48,1585.52,1561.59,1580.12,1489377.0
1662066000,1580.12,1595.88,1576.15,1581.1,1076053.0
1662069600,1581.1,1600.0,1581.1,1586.38,1194919.0
1662073200,1586.39,1591.06,1581.3,1585.86,651100.0
1662076800,1585.86,1585.9,1572.52,1581.43,986958.0
1662080400,1581.42,1583.0,1570.77,1579.74,862133.0
1662084000,1579.74,1584.8,1567.26,1577.9,1239697.0
1662087600,1577.91,1606.0,1577.52,1595.61,3028123.0
1662091200,1595.6,1611.57,1591.52,1594.0,1675677.0
1662094800,1594.0,1594.6,1586.36,1591.29,1281357.0
1662098400,1591.29,1592.43,1578.4,1588.34,1373160.0
1662102000,1588.33,1597.0,1581.8,1593.75,1231558.0
1662105600,1593.72,1597.88,1583.55,1589.81,1151899.0
1662109200,1589.8,1597.72,1586.37,1593.51,930999.0
1662112800,1593.49,1602.7,1582.0,1589.17,1876237.0
1662116400,1589.16,1593.88,1582.01,1593.36,1064104.0
1662120000,1593.34,1645.0,1583.67,1623.8,11319148.0
1662123600,1623.81,1645.0,1620.45,1629.14,4341526.0
1662127200,1629.15,1649.24,1621.45,1637.51,3006279.0
1662130800,1637.51,1642.99,1629.66,1636.01,1303670.0
1662134400,1635.96,1639.2,1603.65,1610.12,3182212.0
1662138000,1610.12,1613.31,1580.3,1583.54,4804390.0
1662141600,1583.53,1589.81,1570.67,1578.02,2870574.0
1662145200,1578.02,1581.53,1545.6,1561.48,3343392.0
1662148800,1561.47,1569.1,1550.37,1568.47,1240936.0
1662152400,1568.45,1584.9,1567.43,1579.8,1065679.0
1662156000,1579.8,1586.95,1568.03,1580.49,1110005.0
1662159600,1580.48,1581.99,1572.41,1575.04,704982.0
1662163200,1575.21,1582.54,1566.13,1577.05,1224854.0
1662166800,1577.05,1578.42,1568.36,1573.45,716946.0
1662170400,1573.44,1573.79,1558.66,1567.76,1122165.0
1662174000,1567.75,1567.76,1554.43,1561.59,1299718.0
1662177600,1561.59,1567.96,1558.58,1565.41,615129.0
1662181200,1565.41,1573.5,1565.41,1570.93,760219.0
1662184800,1570.93,1572.0,1558.01,1564.43,957851.0
1662188400,1564.44,1567.38,1533.6,1543.55,2683897.0
1662192000,1543.54,1552.23,1540.0,1544.17,1432698.0
1662195600,1544.17,1554.54,1538.96,1551.46,1207957.0
1662199200,1551.46,1559.5,1550.25,1555.5,1038475.0
1662202800,1555.5,1556.24,1543.02,1548.47,916707.0
1662206400,1548.48,1558.82,1545.64,1557.2,883634.0
1662210000,1557.21,1566.93,1552.78,1561.2,1185413.0
1662213600,1561.2,1561.69,1545.0,1549.87,1244564.0
1662217200,1549.87,1552.83,1543.05,1548.34,832515.0
1662220800,1548.34,1555.5,1545.6,1549.88,776160.0
1662224400,1549.88,1555.7,1545.29,1553.69,686803.0
1662228000,1553.69,1557.93,1548.19,1550.94,518519.0
1662231600,1550.94,1563.94,1535.0,1549.0,1719371.0
1662235200,1549.0,1553.9,1546.57,1552.77,443003.0
1662238800,1552.76,1556.86,1551.41,1551.89,252069.0
1662242400,1551.9,1561.28,1551.9,1555.27,446705.0
1662246000,1555.26,1558.3,1549.42,1557.36,337541.0
1662249600,1557.37,1561.4,1553.69,1557.11,490233.0
1662253200,1557.11,1560.47,1552.36,1554.91,467262.0
1662256800,1554.91,1558.25,1552.7,1553.14,383646.0
1662260400,1553.14,1555.5,1547.09,1552.03,493226.0
1662264000,1552.02,1556.79,1549.57,1555.99,464803.0
1662267600,1555.99,1556.67,1551.8,1552.47,393050.0
1662271200,1552.47,1554.24,1543.0,1548.75,802906.0
1662274800,1548.63,1551.87,1543.43,1545.51,798985.0
1662278400,1545.5,1556.0,1540.08,1553.59,1786053.0
1662282000,1553.59,1560.86,1552.49,1552.68,1072639.0
1662285600,1552.69,1557.6,1550.6,1554.76,624659.0
1662289200,1554.77,1564.88,1551.0,1564.57,719180.0
1662292800,1564.8,1584.0,1556.01,1570.53,3726288.0
1662296400,1570.54,1571.99,1545.71,1548.75,1948075.0
1662300000,1548.75,1554.96,1544.12,1553.99,1279955.0
1662303600,1553.99,1562.02,1550.71,1560.4,1110214.0
1662307200,1560.41,1570.68,1555.46,1567.3,1467904.0
1662310800,1567.3,1576.36,1564.21,1569.65,1426851.0
1662314400,1569.65,1572.96,1561.14,1565.14,781088.0
1662318000,1565.15,1569.92,1561.84,1566.9,374938.0
1662321600,1566.9,1573.97,1563.94,1570.47,485680.0
1662325200,1570.48,1584.88,1562.62,1571.04,826373.0
1662328800,1571.08,1572.46,1564.0,1566.74,535527.0
1662332400,1566.74,1581.1,1566.04,1578.99,1247122.0
1662336000,1578.92,1595.0,1571.0,1575.32,1878320.0
1662339600,1575.33,1583.7,1569.85,1572.92,1134671.0
1662343200,1572.92,1578.25,1568.66,1576.23,705672.0
1662346800,1576.22,1578.4,1569.08,1575.26,615948.0
1662350400,1575.27,1580.0,1571.95,1576.46,584052.0
1662354000,1576.46,1577.06,1557.0,1562.29,2010432.0
1662357600,1562.29,1570.44,1558.8,1567.88,1024494.0
1662361200,1567.87,1568.19,1558.0,1562.66,1010534.0
1662364800,1562.65,1567.0,1558.23,1565.01,685560.0
1662368400,1565.02,1569.0,1560.5,1565.36,750571.0
1662372000,1565.37,1568.89,1557.14,1561.53,1220370.0
1662375600,1561.52,1567.73,1560.0,1566.42,815712.0
1662379200,1566.41,1577.0,1562.1,1572.04,1442579.0
1662382800,1572.05,1582.37,1569.28,1574.0,1684236.0
1662386400,1573.99,1593.0,1571.8,1589.97,2172290.0
1662390000,1589.97,1606.58,1589.97,1600.0,3422130.0
1662393600,1600.0,1610.0,1594.3,1599.24,2120424.0
1662397200,1599.23,1601.49,1588.11,1593.75,1116966.0
1662400800,1593.75,1598.24,1575.3,1587.16,1887054.0
1662404400,1587.16,1592.0,1583.61,1585.8,814823.0
1662408000,1585.79,1599.98,1585.18,1597.28,677470.0
1662411600,1597.28,1604.0,1591.86,1596.53,504069.0
1662415200,1596.53,1606.3,1592.13,1606.0,729854.0
1662418800,1605.79,1633.04,1598.46,1617.57,2487066.0
1662422400,1617.8,1675.95,1615.06,1662.29,4895636.0
1662426000,1662.3,1676.0,1638.1,1639.36,3583325.0
1662429600,1639.37,1646.94,1624.4,1643.49,3238369.0
1662433200,1643.49,1645.64,1627.36,1640.28,1492423.0
1662436800,1640.28,1655.31,1636.99,1639.87,1768773.0
1662440400,1639.87,1663.99,1636.88,1651.62,2256925.0
1662444000,1651.68,1679.0,1649.0,1665.97,2865310.0
1662447600,1665.97,1671.98,1654.0,1658.72,1728641.0
1662451200,1658.63,1668.5,1653.0,1665.2,1548240.0
1662454800,1665.2,1666.0,1646.12,1657.82,1555502.0
1662458400,1657.83,1668.64,1652.39,1663.49,1274720.0
1662462000,1663.29,1679.55,1659.58,1667.88,2022172.0
1662465600,1667.95,1686.79,1664.05,1664.4,3019444.0
1662469200,1664.39,1671.55,1637.99,1649.57,3806843.0
1662472800,1649.58,1669.97,1635.88,1665.61,4224427.0
1662476400,1665.62,1673.56,1659.2,1669.41,2327804.0
1662480000,1669.4,1674.82,1650.65,1661.54,2589689.0
1662483600,1661.64,1662.84,1572.0,1587.6,10565097.0
1662487200,1587.6,1592.88,1565.1,1573.02,3529145.0
1662490800,1573.02,1583.56,1562.36,1576.81,2241414.0
1662494400,1576.82,1582.5,1552.0,1581.84,2811806.0
1662498000,1581.83,1590.0,1577.37,1584.14,826202.0
1662501600,1584.14,1586.2,1574.87,1578.65,733785.0
1662505200,1578.65,1580.38,1556.51,1559.29,1311392.0
1662508800,1559.29,1567.8,1521.16,1537.44,3757726.0
1662512400,1537.43,1537.68,1520.66,1527.12,1261402.0
1662516000,1527.12,1529.58,1490.0,1497.61,4087215.0
1662519600,1497.77,1514.01,1496.77,1510.03,1312694.0
1662523200,1510.03,1515.0,1499.5,1511.11,1454513.0
1662526800,1511.12,1518.56,1507.0,1515.99,1106540.0
1662530400,1515.99,1526.13,1512.37,1518.06,1291570.0
1662534000,1518.07,1520.89,1509.0,1517.49,1154948.0
1662537600,1517.46,1522.73,1515.6,1520.07,735527.0
1662541200,1520.07,1524.0,1515.2,1518.08,713215.0
1662544800,1518.08,1520.48,1509.23,1512.1,1176634.0
1662548400,1512.1,1518.39,1502.3,1513.69,1362153.0
1662552000,1513.69,1517.9,1499.43,1517.2,1794805.0
1662555600,1517.2,1549.75,1516.8,1536.27,5273883.0
1662559200,1536.27,1549.23,1530.8,1543.31,2283316.0
1662562800,1543.3,1552.17,1538.25,1543.76,1607814.0
1662566400,1543.88,1559.24,1535.57,1553.78,2427344.0
1662570000,1553.79,1573.0,1551.91,1568.78,2117648.0
1662573600,1568.77,1579.98,1563.03,1571.59,2102803.0
1662577200,1571.43,1581.33,1568.0,1569.6,1207038.0
1662580800,1569.61,1655.16,1568.44,1640.04,7614803.0
1662584400,1640.08,1653.0,1626.62,1645.82,1662734.0
1662588000,1645.82,1659.62,1634.5,1635.32,1868708.0
1662591600,1635.31,1641.51,1620.77,1630.07,1284608.0
1662595200,1629.96,1637.34,1613.3,1627.66,1872955.0
1662598800,1627.67,1628.57,1615.0,1616.99,1190739.0
1662602400,1616.99,1632.6,1616.79,1627.75,1025765.0
1662606000,1628.0,1631.8,1621.08,1629.23,693585.0
1662609600,1629.23,1647.81,1628.92,1641.87,1943022.0
1662613200,1641.87,1643.51,1631.85,1634.9,986701.0
1662616800,1634.89,1638.56,1622.25,1625.98,1126295.0
1662620400,1625.98,1631.39,1595.0,1613.3,3954584.0
1662624000,1613.31,1626.58,1606.32,1623.44,1604879.0
1662627600,1623.45,1624.42,1610.4,1618.14,1057117.0
1662631200,1618.14,1640.01,1614.3,1636.96,2561207.0
1662634800,1636.97,1644.64,1631.6,1635.7,1368311.0
1662638400,1635.69,1647.19,1609.14,1618.09,4284294.0
1662642000,1618.05,1647.0,1598.1,1635.08,6344512.0
1662645600,1635.08,1644.72,1616.39,1643.21,3894941.0
1662649200,1643.21,1654.94,1626.35,1629.59,2948373.0
1662652800,1629.59,1634.69,1608.15,1629.88,3434650.0
1662656400,1629.89,1639.6,1620.19,1630.07,2010950.0
1662660000,1630.07,1636.25,1624.6,1630.05,908510.0
1662663600,1629.93,1650.52,1624.13,1649.69,1100386.0
1662667200,1649.7,1666.66,1639.79,1644.75,2029507.0
1662670800,1644.74,1644.85,1630.21,1639.13,411516.0
1662674400,1639.12,1639.46,1626.83,1631.9,751086.0
1662678000,1631.8,1638.2,1625.7,1634.92,837418.0
1662681600,1634.92,1644.91,1629.8,1638.98,1124626.0
1662685200,1639.0,1646.92,1632.0,1632.0,892502.0
1662688800,1632.0,1646.0,1631.5,1639.82,789925.0
1662692400,1639.86,1677.69,1637.6,1672.36,3674798.0
1662696000,1672.36,1705.27,1669.23,1695.91,5636480.0
1662699600,1695.9,1717.17,1693.19,1707.28,3223438.0
1662703200,1707.3,1716.0,1701.51,1711.77,1749760.0
1662706800,1711.76,1713.0,1699.0,1704.95,1276405.0
1662710400,1704.94,1716.0,1701.55,1706.38,1312994.0
1662714000,1706.39,1707.0,1685.11,1695.13,2536944.0
1662717600,1695.06,1711.44,1688.0,1706.28,2435257.0
1662721200,1706.26,1707.15,1695.22,1700.17,1203154.0
1662724800,1700.08,1750.0,1698.34,1727.82,4182780.0
1662728400,1727.92,1730.94,1708.0,1721.24,2826604.0
1662732000,1721.24,1733.0,1716.26,1725.51,1592545.0
1662735600,1725.52,1734.76,1717.36,1719.13,1856858.0
1662739200,1719.12,1722.56,1697.31,1715.44,2292546.0
1662742800,1715.44,1721.96,1695.62,1703.66,1333236.0
1662746400,1703.66,1710.68,1696.09,1709.64,1067056.0
1662750000,1709.66,1728.19,1707.1,1720.16,1135330.0
1662753600,1720.15,1729.63,1714.34,1720.73,820573.0
1662757200,1720.73,1725.44,1707.06,1713.83,594739.0
1662760800,1713.84,1723.34,1711.0,1719.15,691250.0
1662764400,1719.14,1735.0,1706.45,1717.85,1490990.0
1662768000,1718.26,1721.73,1706.0,1716.53,915118.0
1662771600,1716.52,1731.18,1716.17,1724.49,977570.0
1662775200,1724.49,1744.0,1718.73,1739.81,1151227.0
1662778800,1739.87,1742.0,1732.12,1733.16,944706.0
1662782400,1733.16,1745.3,1728.5,1732.59,1158781.0
1662786000,1732.6,1738.83,1729.23,1731.08,963152.0
1662789600,1731.27,1735.0,1729.0,1733.91,544237.0
1662793200,1733.9,1737.13,1708.0,1711.0,1701770.0
1662796800,1711.01,1719.79,1709.66,1716.12,1008060.0
1662800400,1716.21,1723.96,1715.3,1722.27,585584.0
1662804000,1722.21,1729.56,1714.7,1725.68,737003.0
1662807600,1725.68,1728.68,1722.17,1723.33,475703.0
1662811200,1723.33,1734.44,1716.41,1726.23,1157910.0
1662814800,1726.23,1728.17,1712.0,1716.19,899195.0
1662818400,1716.2,1720.66,1713.12,1717.53,652958.0
1662822000,1717.72,1722.58,1712.51,1715.63,670931.0
1662825600,1715.61,1726.0,1709.0,1722.88,1080873.0
1662829200,1722.87,1724.78,1716.36,1722.1,458334.0
1662832800,1722.1,1741.57,1721.61,1734.18,1254711.0
1662836400,1734.18,1744.17,1731.89,1740.24,787965.0
1662840000,1740.25,1743.9,1728.58,1734.0,645862.0
1662843600,1733.88,1789.0,1733.37,1750.37,2029222.0
1662847200,1750.77,1789.67,1749.72,1783.35,2745391.0
1662850800,1783.47,1789.39,1773.0,1773.74,1274706.0
1662854400,1773.74,1778.88,1768.68,1771.59,952544.0
1662858000,1771.58,1777.63,1758.1,1763.06,1273402.0
1662861600,1763.05,1765.54,1755.84,1764.38,983358.0
1662865200,1764.38,1769.08,1759.8,1760.72,763320.0
1662868800,1760.72,1765.0,1757.21,1759.3,466016.0
1662872400,1759.29,1767.0,1757.2,1764.33,487961.0
1662876000,1764.33,1768.32,1743.18,1751.9,1671042.0
1662879600,1751.9,1761.88,1750.27,1760.69,689395.0
1662883200,1760.88,1767.91,1756.52,1764.0,710731.0
1662886800,1764.12,1764.99,1757.61,1759.19,491064.0
1662890400,1759.18,1764.31,1757.21,1761.6,390837.0
1662894000,1761.6,1783.22,1761.31,1769.8,1620120.0
1662897600,1769.81,1776.36,1763.67,1772.44,1057972.0
1662901200,1772.43,1772.89,1761.0,1766.67,704479.0
1662904800,1766.67,1768.24,1752.58,1761.19,1029214.0
1662908400,1761.2,1779.21,1760.54,1768.43,1265610.0
1662912000,1768.42,1776.81,1765.59,1770.83,803503.0
1662915600,1770.82,1790.0,1766.51,1771.23,1819926.0
1662919200,1771.22,1776.88,1755.64,1760.06,883908.0
1662922800,1760.06,1764.94,1757.71,1763.05,546816.0
1662926400,1763.0,1767.98,1745.86,1758.63,1317581.0
1662930000,1758.63,1765.47,1717.0,1731.42,1456379.0
1662933600,1731.81,1753.7,1731.81,1745.28,1336355.0
1662937200,1745.28,1767.35,1736.8,1765.63,1464177.0
1662940800,1765.46,1767.55,1734.01,1735.18,1529788.0
1662944400,1735.25,1784.17,1728.97,1761.23,4393789.0
1662948000,1761.23,1765.73,1728.21,1736.3,3343414.0
1662951600,1736.29,1739.76,1711.78,1726.51,2741602.0
1662955200,1726.5,1732.22,1720.26,1726.72,839028.0
1662958800,1726.71,1731.38,1715.3,1728.55,912682.0
1662962400,1728.56,1737.55,1723.81,1736.4,852760.0
1662966000,1736.4,1761.14,1734.73,1758.0,2711672.0
1662969600,1758.0,1765.55,1749.39,1753.27,2063333.0
1662973200,1753.07,1758.0,1743.4,1750.12,1194410.0
1662976800,1750.11,1750.24,1729.03,1744.02,2103587.0
1662980400,1744.02,1760.99,1739.44,1748.48,1866486.0
1662984000,1748.47,1750.0,1732.64,1745.99,1842825.0
1662987600,1745.99,1753.18,1736.88,1750.35,1637663.0
1662991200,1750.35,1754.0,1732.0,1734.91,1795204.0
1662994800,1734.91,1735.27,1695.31,1706.02,3592481.0
1662998400,1706.02,1717.71,1691.6,1712.79,3000134.0
1663002000,1712.79,1728.9,1702.56,1728.2,1581875.0
1663005600,1728.2,1732.93,1716.87,1728.45,1418110.0
1663009200,1728.46,1730.33,1719.06,1725.35,682816.0
1663012800,1725.36,1730.65,1719.48,1723.37,677471.0
1663016400,1723.37,1723.39,1702.47,1715.79,757817.0
1663020000,1715.8,1716.88,1701.21,1705.92,940260.0
1663023600,1705.92,1717.69,1703.0,1716.37,869988.0
1663027200,1716.37,1718.55,1673.59,1686.71,3613808.0
1663030800,1686.8,1699.98,1683.73,1695.33,1203842.0
1663034400,1695.33,1708.37,1678.8,1707.33,1968439.0
1663038000,1707.33,1715.19,1700.69,1714.7,1144045.0
1663041600,1714.7,1724.0,1707.33,1713.03,1358956.0
1663045200,1713.03,1719.99,1710.58,1717.91,816601.0
1663048800,1717.91,1731.0,1700.2,1705.45,2386986.0
1663052400,1705.52,1721.75,1698.0,1715.41,1795093.0
1663056000,1715.21,1717.54,1707.35,1714.27,773763.0
1663059600,1714.28,1725.55,1713.54,1721.21,1421475.0
1663063200,1721.21,1741.0,1718.41,1731.49,1861495.0
1663066800,1731.5,1746.54,1731.5,1737.38,1832519.0
1663070400,1737.38,1762.62,1616.0,1628.95,13101704.0
1663074000,1628.81,1639.27,1595.98,1603.71,6788030.0
1663077600,1603.7,1613.22,1575.0,1589.54,5460654.0
1663081200,1589.73,1597.0,1585.11,1593.85,2320535.0
1663084800,1593.86,1614.99,1587.5,1609.34,2609341.0
1663088400,1609.34,1627.89,1606.58,1615.87,2296364.0
1663092000,1615.86,1619.5,1575.5,1577.49,2381645.0
1663095600,1577.47,1605.64,1567.19,1602.99,3258463.0
1663099200,1603.12,1622.34,1601.89,1606.21,1391157.0
1663102800,1606.21,1607.35,1567.17,1593.91,2113888.0
1663106400,1593.9,1596.75,1580.43,1585.02,1212504.0
1663110000,1585.01,1586.0,1556.19,1572.01,2158282.0
1663113600,1571.96,1577.86,1550.0,1571.24,2656774.0
1663117200,1571.14,1580.99,1568.79,1579.46,1079393.0
1663120800,1579.46,1598.0,1577.42,1596.87,1691011.0
1663124400,1597.29,1607.23,1590.14,1598.71,1557356.0
1663128000,1598.71,1619.0,1592.78,1617.49,1766690.0
1663131600,1617.5,1619.88,1608.88,1610.87,944560.0
1663135200,1610.87,1615.59,1601.0,1605.95,1266598.0
1663138800,1605.95,1615.99,1596.65,1610.56,1621866.0
1663142400,1610.43,1610.49,1581.8,1600.19,2540149.0
1663146000,1600.19,1607.7,1593.47,1601.59,1005239.0
1663149600,1601.59,1603.32,1590.3,1599.12,800746.0
1663153200,1599.12,1603.98,1580.0,1592.63,1528359.0
1663156800,1592.63,1611.26,1582.48,1602.24,2938325.0
1663160400,1602.23,1609.82,1588.0,1602.7,2732453.0
1663164000,1602.7,1606.0,1585.81,1600.29,2114045.0
1663167600,1600.29,1602.52,1590.02,1594.45,1226634.0
1663171200,1594.46,1597.75,1574.92,1580.58,1909335.0
1663174800,1580.58,1598.58,1578.55,1584.09,1565603.0
1663178400,1584.09,1589.79,1550.76,1574.26,3441612.0
1663182000,1574.26,1595.58,1569.23,1594.53,1397551.0
1663185600,1594.48,1598.64,1585.8,1596.51,746315.0
1663189200,1596.52,1615.57,1587.99,1613.57,827898.0
1663192800,1613.56,1642.0,1608.12,1633.31,2527292.0
1663196400,1633.19,1640.8,1621.96,1634.66,2177271.0
1663200000,1634.74,1643.69,1616.83,1619.08,2820738.0
1663203600,1619.15,1621.3,1589.05,1619.54,2806479.0
1663207200,1619.54,1619.54,1592.29,1606.23,1922377.0
1663210800,1606.22,1607.72,1572.6,1596.02,3364347.0
1663214400,1596.02,1599.97,1581.04,1591.91,1829208.0
1663218000,1591.91,1612.44,1587.0,1610.74,1668860.0
1663221600,1610.74,1643.0,1570.0,1606.24,8860124.0
1663225200,1605.89,1660.0,1600.26,1644.49,6078506.0
1663228800,1644.69,1644.69,1600.18,1610.66,3898313.0
1663232400,1610.66,1611.81,1586.16,1592.72,2397882.0
1663236000,1592.73,1598.03,1578.0,1587.03,1855530.0
1663239600,1587.03,1596.98,1577.0,1593.54,1608981.0
1663243200,1593.54,1603.0,1584.85,1590.59,2127530.0
1663246800,1590.59,1594.18,1571.0,1589.11,2220597.0
1663250400,1589.16,1593.69,1483.81,1493.6,7403228.0
1663254000,1493.8,1501.61,1455.0,1493.98,6600745.0
1663257600,1493.86,1508.0,1482.06,1507.31,2839579.0
1663261200,1507.3,1516.0,1502.67,1506.32,1919533.0
1663264800,1506.32,1511.98,1490.46,1496.75,1596809.0
1663268400,1496.75,1506.0,1488.0,1496.06,1177260.0
1663272000,1495.93,1508.0,1492.0,1502.84,836664.0
1663275600,1502.84,1503.01,1481.43,1488.9,711049.0
1663279200,1488.9,1488.9,1457.0,1473.46,2498636.0
1663282800,1473.46,1477.99,1460.57,1471.0,1469170.0
1663286400,1471.23,1483.46,1445.66,1483.05,3518537.0
1663290000,1483.05,1483.5,1466.6,1472.17,1212557.0
1663293600,1472.1,1475.37,1454.01,1467.39,1727154.0
1663297200,1467.39,1474.86,1460.81,1474.23,1109876.0
1663300800,1474.22,1480.99,1469.61,1470.4,1053354.0
1663304400,1470.4,1479.67,1469.86,1472.34,605862.0
1663308000,1472.37,1477.38,1467.5,1472.57,786244.0
1663311600,1472.89,1478.0,1470.03,1472.18,839042.0
1663315200,1472.19,1472.6,1440.49,1451.32,3238973.0
1663318800,1451.43,1466.0,1450.26,1462.37,1407148.0
1663322400,1462.37,1473.99,1458.0,1469.43,1243820.0
1663326000,1469.42,1481.8,1465.17,1477.93,1243110.0
1663329600,1477.92,1478.33,1451.55,1455.04,1799740.0
1663333200,1455.03,1464.0,1422.91,1430.41,5112077.0
1663336800,1430.42,1458.98,1424.39,1446.54,4391048.0
1663340400,1446.63,1456.49,1439.04,1451.79,1938211.0
1663344000,1451.65,1451.65,1411.0,1428.24,4008951.0
1663347600,1428.24,1432.99,1405.0,1421.63,3413868.0
1663351200,1421.39,1434.09,1410.16,1428.27,2140759.0
1663354800,1428.15,1438.83,1427.34,1427.71,1297813.0
1663358400,1427.82,1438.0,1427.31,1437.98,634868.0
1663362000,1437.97,1449.98,1434.21,1440.16,700148.0
1663365600,1440.14,1442.73,1431.0,1432.43,669666.0
1663369200,1432.44,1434.76,1423.23,1434.21,747836.0
1663372800,1434.2,1456.49,1430.78,1442.53,1668207.0
1663376400,1442.54,1448.28,1438.19,1445.6,766154.0
1663380000,1445.59,1446.17,1436.57,1439.69,546301.0
1663383600,1439.7,1442.49,1436.36,1440.59,421628.0
1663387200,1440.59,1447.36,1439.23,1440.68,660810.0
1663390800,1440.69,1440.83,1427.46,1432.09,1190696.0
1663394400,1432.26,1434.0,1425.04,1431.62,874795.0
1663398000,1431.64,1433.27,1426.34,1432.63,639383.0
1663401600,1432.64,1435.28,1430.2,1434.0,469945.0
1663405200,1434.01,1435.2,1430.01,1431.83,512469.0
1663408800,1431.83,1433.16,1416.0,1426.83,1310808.0
1663412400,1426.82,1428.1,1419.19,1419.88,775315.0
1663416000,1419.89,1428.29,1408.58,1424.82,1990876.0
1663419600,1424.82,1427.45,1419.17,1422.77,604390.0
1663423200,1422.77,1444.99,1422.11,1444.99,1737436.0
1663426800,1444.98,1450.29,1436.31,1443.83,1427545.0
1663430400,1443.83,1469.72,1441.48,1465.89,3015913.0
1663434000,1465.9,1475.6,1462.09,1470.28,1562998.0
1663437600,1470.29,1475.78,1464.83,1467.43,748108.0
1663441200,1467.44,1468.49,1457.47,1463.99,620281.0
1663444800,1463.99,1465.73,1460.82,1462.04,308016.0
1663448400,1462.04,1462.74,1445.2,1452.42,752665.0
1663452000,1452.42,1467.35,1450.21,1465.12,756495.0
1663455600,1465.12,1473.13,1461.38,1468.55,687074.0
1663459200,1468.56,1469.69,1448.81,1451.64,1453124.0
1663462800,1451.64,1457.45,1450.01,1452.43,676236.0
1663466400,1452.44,1456.98,1451.23,1455.64,335405.0
1663470000,1455.63,1456.24,1447.0,1452.24,620887.0
1663473600,1452.25,1456.66,1448.91,1453.71,609164.0
1663477200,1453.71,1461.19,1452.39,1458.21,559972.0
1663480800,1458.2,1459.77,1451.0,1454.62,621292.0
1663484400,1454.63,1457.97,1452.49,1453.68,505495.0
1663488000,1453.68,1459.43,1452.19,1455.39,528639.0
1663491600,1455.4,1458.4,1422.3,1424.05,2735891.0
1663495200,1424.05,1444.46,1416.21,1431.66,2617693.0
1663498800,1431.66,1435.48,1430.47,1433.85,633669.0
1663502400,1433.84,1439.85,1425.0,1437.99,1234810.0
1663506000,1437.99,1438.9,1431.21,1434.81,776432.0
1663509600,1434.82,1435.54,1409.64,1420.29,3131810.0
1663513200,1420.28,1426.42,1411.67,1417.23,1194129.0
1663516800,1417.28,1425.0,1383.0,1396.55,5303185.0
1663520400,1396.56,1398.37,1372.01,1377.73,3192601.0
1663524000,1377.74,1387.46,1366.07,1374.31,2786657.0
1663527600,1374.31,1386.99,1368.33,1380.76,1444019.0
1663531200,1380.75,1381.54,1366.64,1371.93,1024161.0
1663534800,1371.92,1371.98,1320.7,1333.38,5303606.0
1663538400,1333.38,1342.48,1326.63,1340.55,1946576.0
1663542000,1340.56,1355.73,1329.52,1334.56,2186449.0
1663545600,1334.56,1353.92,1331.36,1343.79,1963118.0
1663549200,1343.79,1352.26,1336.63,1340.45,1322438.0
1663552800,1340.4,1342.06,1290.28,1301.51,6066251.0
1663556400,1301.53,1308.5,1286.03,1294.24,2538672.0
1663560000,1294.17,1309.23,1292.43,1305.5,1440680.0
1663563600,1305.51,1312.92,1283.64,1296.46,2421773.0
1663567200,1296.47,1304.63,1280.0,1293.27,3784918.0
1663570800,1293.27,1304.0,1284.0,1302.01,2405985.0
1663574400,1302.02,1308.42,1292.62,1293.74,1628438.0
1663578000,1293.74,1299.32,1289.34,1297.08,1359526.0
1663581600,1297.09,1320.0,1295.73,1316.62,2353258.0
1663585200,1316.62,1317.85,1301.74,1307.69,1889642.0
1663588800,1307.69,1328.2,1306.3,1318.06,2599823.0
1663592400,1318.12,1343.0,1311.03,1339.02,4015493.0
1663596000,1339.03,1372.49,1331.62,1354.75,6422754.0
1663599600,1354.76,1361.3,1338.99,1341.88,3037050.0
1663603200,1341.88,1354.0,1337.7,1351.39,2087792.0
1663606800,1351.3,1352.73,1321.88,1328.37,2247989.0
1663610400,1328.33,1345.0,1322.92,1344.38,1649100.0
1663614000,1344.38,1367.77,1344.0,1362.42,2335927.0
1663617600,1362.32,1368.07,1355.93,1357.02,1335268.0
1663621200,1357.02,1394.8,1357.02,1377.66,2404430.0
1663624800,1377.67,1392.0,1372.94,1385.54,1357217.0
1663628400,1385.54,1388.09,1372.8,1375.68,1075830.0
1663632000,1375.68,1384.52,1363.07,1369.17,1988909.0
1663635600,1369.21,1369.5,1357.37,1365.8,1106899.0
1663639200,1365.72,1369.0,1360.42,1365.9,812004.0
1663642800,1365.89,1367.44,1342.01,1354.59,2611894.0
1663646400,1354.59,1358.99,1351.63,1356.44,937776.0
1663650000,1356.51,1370.0,1355.41,1357.27,1684489.0
1663653600,1357.32,1361.55,1351.79,1359.63,913663.0
1663657200,1359.76,1379.66,1350.74,1358.39,3216464.0
1663660800,1358.39,1366.58,1353.82,1357.51,1372895.0
1663664400,1357.4,1359.41,1345.11,1352.72,1853527.0
1663668000,1352.72,1361.24,1346.36,1360.33,1440203.0
1663671600,1360.33,1364.95,1353.14,1356.19,1505279.0
1663675200,1356.2,1357.71,1346.3,1350.01,1656891.0
1663678800,1350.01,1352.87,1329.04,1344.18,4467462.0
1663682400,1344.2,1359.9,1335.35,1359.8,3188482.0
1663686000,1359.66,1382.29,1351.7,1377.05,3459671.0
1663689600,1376.99,1384.05,1357.58,1367.22,2940367.0
1663693200,1367.23,1368.89,1331.89,1335.56,3304548.0
1663696800,1335.56,1348.6,1331.76,1345.3,2129605.0
1663700400,1345.3,1357.61,1343.44,1351.96,1670273.0
1663704000,1352.02,1356.67,1341.43,1343.31,1031014.0
1663707600,1343.31,1348.73,1316.0,1316.35,1284038.0
1663711200,1316.39,1332.18,1312.23,1331.01,1677271.0
1663714800,1331.0,1331.52,1316.16,1323.03,1020624.0
1663718400,1323.0,1336.0,1317.28,1334.28,1532551.0
1663722000,1334.4,1336.95,1327.1,1329.17,779745.0
1663725600,1329.17,1345.97,1328.91,1339.87,1195050.0
1663729200,1339.87,1343.0,1335.02,1337.07,529137.0
1663732800,1337.0,1338.6,1330.69,1338.47,806318.0
1663736400,1338.47,1345.0,1330.07,1331.36,1350336.0
1663740000,1331.36,1339.15,1320.0,1326.99,2787288.0
1663743600,1327.0,1333.5,1315.5,1331.82,1636910.0
1663747200,1331.74,1332.89,1323.06,1328.89,882003.0
1663750800,1328.78,1341.16,1324.48,1338.7,1360199.0
1663754400,1338.77,1349.65,1335.17,1345.82,1819801.0
1663758000,1345.83,1353.84,1342.21,1350.51,1434941.0
1663761600,1350.52,1361.0,1346.35,1355.89,1743034.0
1663765200,1355.89,1357.24,1344.44,1348.04,1737714.0
1663768800,1348.04,1357.86,1340.4,1342.73,1921906.0
1663772400,1342.74,1349.45,1333.94,1343.11,1934411.0
1663776000,1343.11,1353.7,1340.29,1341.29,1371850.0
1663779600,1341.29,1410.0,1340.88,1404.88,4767116.0
1663783200,1405.04,1416.0,1300.0,1375.63,20476968.0
1663786800,1375.6,1380.34,1321.49,1323.22,6239258.0
1663790400,1323.33,1327.31,1307.43,1314.71,2264031.0
1663794000,1314.71,1314.71,1240.0,1252.8,5199769.0
1663797600,1252.75,1255.57,1218.35,1243.27,3836929.0
1663801200,1243.26,1255.24,1239.03,1245.18,1795090.0
1663804800,1245.16,1251.47,1236.42,1242.18,1750221.0
1663808400,1242.18,1257.29,1240.82,1256.41,1490656.0
1663812000,1256.4,1268.0,1251.51,1264.8,1953450.0
1663815600,1264.8,1271.52,1259.77,1262.49,1261704.0
1663819200,1262.49,1270.74,1261.11,1263.43,1139009.0
1663822800,1263.42,1264.25,1254.12,1258.08,1269314.0
1663826400,1258.08,1274.57,1257.0,1266.39,2310580.0
1663830000,1266.39,1279.99,1264.12,1277.86,1653018.0
1663833600,1277.87,1298.8,1275.77,1289.19,3903092.0
1663837200,1289.01,1295.0,1284.05,1291.9,1211539.0
1663840800,1291.89,1303.44,1287.6,1295.85,1744921.0
1663844400,1295.78,1312.96,1288.55,1308.41,2757711.0
1663848000,1308.4,1313.95,1301.62,1306.93,2488075.0
1663851600,1306.86,1307.96,1270.51,1272.18,4686041.0
1663855200,1272.21,1286.8,1263.53,1266.29,3936250.0
1663858800,1266.3,1274.1,1256.49,1271.55,2806538.0
1663862400,1271.54,1285.0,1252.0,1281.52,3672548.0
1663866000,1281.59,1295.9,1274.0,1290.06,2037282.0
1663869600,1290.1,1309.99,1281.63,1302.81,2901467.0
1663873200,1302.82,1336.97,1302.82,1323.87,3260087.0
1663876800,1323.94,1334.99,1323.64,1324.28,1144369.0
1663880400,1324.25,1328.93,1306.87,1307.53,1116052.0
1663884000,1307.53,1331.99,1307.47,1323.48,2008038.0
1663887600,1323.39,1349.29,1322.14,1326.22,2235052.0
1663891200,1326.23,1339.68,1320.59,1320.89,1630049.0
1663894800,1320.9,1334.23,1314.22,1332.47,1989301.0
1663898400,1332.46,1334.28,1321.33,1324.3,1022346.0
1663902000,1324.3,1345.65,1324.24,1340.45,2015762.0
1663905600,1340.45,1360.0,1333.01,1349.6,2517729.0
1663909200,1349.6,1355.01,1342.08,1342.08,1559924.0
1663912800,1342.09,1349.35,1341.54,1342.19,932263.0
1663916400,1342.19,1343.43,1328.34,1331.98,2073040.0
1663920000,1331.97,1336.17,1313.09,1317.86,3517543.0
1663923600,1317.87,1323.0,1303.01,1313.02,2775483.0
1663927200,1313.0,1315.38,1288.08,1294.57,2859484.0
1663930800,1294.57,1297.13,1282.0,1287.96,2881474.0
1663934400,1287.87,1305.93,1285.85,1298.13,2793057.0
1663938000,1298.03,1319.26,1266.0,1270.43,5974238.0
1663941600,1270.43,1288.9,1261.28,1283.39,5360214.0
1663945200,1283.38,1309.2,1277.7,1294.16,4124041.0
1663948800,1294.16,1299.0,1278.0,1295.34,2927942.0
1663952400,1295.47,1302.87,1283.66,1295.53,2207539.0
1663956000,1295.78,1307.8,1277.0,1282.41,3669862.0
1663959600,1282.4,1295.32,1273.84,1292.35,2466740.0
1663963200,1292.12,1308.79,1292.07,1300.61,1291805.0
1663966800,1300.61,1330.99,1298.6,1325.99,1484669.0
1663970400,1325.98,1338.0,1324.11,1329.67,2018003.0
1663974000,1329.68,1340.13,1322.46,1327.13,1274287.0
1663977600,1327.14,1330.43,1311.0,1317.85,1752356.0
1663981200,1317.85,1325.2,1312.38,1318.49,1073227.0
1663984800,1318.69,1330.0,1316.45,1324.63,1270927.0
1663988400,1324.54,1327.6,1315.6,1321.56,1051713.0
1663992000,1321.56,1330.0,1318.2,1327.97,853726.0
1663995600,1327.96,1337.83,1323.64,1332.34,1240198.0
1663999200,1332.33,1335.41,1322.0,1324.3,1119755.0
1664002800,1324.29,1325.36,1316.39,1322.43,1059467.0
1664006400,1322.44,1331.0,1317.1,1329.26,1294895.0
1664010000,1329.26,1330.0,1321.15,1326.62,947874.0
1664013600,1326.62,1328.71,1320.29,1325.95,722899.0
1664017200,1325.94,1333.18,1323.83,1326.98,831180.0
1664020800,1326.86,1336.6,1326.0,1331.78,1060678.0
1664024400,1331.79,1348.62,1331.01,1342.4,2535366.0
1664028000,1342.41,1349.19,1339.02,1341.85,1711875.0
1664031600,1341.85,1345.0,1332.78,1340.02,1553115.0
1664035200,1340.01,1347.16,1337.05,1337.5,1377191.0
1664038800,1337.49,1343.26,1333.48,1336.47,786899.0
1664042400,1336.46,1344.51,1334.01,1343.67,672027.0
1664046000,1343.68,1348.55,1339.61,1342.02,821908.0
1664049600,1342.01,1343.99,1337.48,1341.86,463363.0
1664053200,1341.88,1342.47,1319.0,1323.0,1252590.0
1664056800,1322.96,1322.96,1306.39,1314.13,2114253.0
1664060400,1314.14,1321.37,1310.28,1317.03,1133210.0
1664064000,1317.03,1323.73,1314.25,1321.39,939261.0
1664067600,1321.47,1325.57,1318.41,1321.45,645415.0
1664071200,1321.38,1322.37,1315.98,1321.25,624359.0
1664074800,1321.14,1329.6,1318.71,1329.32,939421.0
1664078400,1329.33,1329.93,1325.0,1327.57,431671.0
1664082000,1327.57,1329.42,1319.27,1322.62,744213.0
1664085600,1322.5,1328.82,1321.61,1326.36,628647.0
1664089200,1326.36,1337.55,1324.11,1332.9,1316106.0
1664092800,1332.87,1334.84,1328.2,1330.6,676113.0
1664096400,1330.6,1332.46,1322.0,1323.43,705749.0
1664100000,1323.44,1327.46,1316.8,1325.37,1032561.0
1664103600,1325.37,1333.0,1325.09,1329.51,812898.0
1664107200,1329.5,1331.72,1322.1,1323.49,891713.0
1664110800,1323.49,1323.79,1297.0,1306.35,3570015.0
1664114400,1306.35,1310.72,1299.16,1306.31,1650720.0
1664118000,1306.3,1314.96,1305.31,1311.07,841636.0
1664121600,1311.06,1321.42,1300.9,1303.27,1669104.0
1664125200,1303.26,1304.4,1281.0,1297.37,3581722.0
1664128800,1297.37,1300.95,1288.97,1296.56,971168.0
1664132400,1296.57,1303.48,1294.56,1299.51,774229.0
1664136000,1299.5,1299.89,1290.84,1292.32,423248.0
1664139600,1292.31,1294.22,1280.0,1285.55,852193.0
1664143200,1285.55,1303.12,1267.08,1291.04,3062003.0
1664146800,1291.04,1300.23,1288.23,1294.68,1180736.0
1664150400,1294.67,1313.65,1290.0,1293.18,2408964.0
1664154000,1293.11,1307.38,1286.88,1301.5,2368975.0
1664157600,1301.5,1308.98,1299.3,1304.04,1334303.0
1664161200,1304.04,1314.88,1301.27,1303.37,1305286.0
1664164800,1303.25,1306.61,1293.6,1294.32,1231167.0
1664168400,1294.31,1296.62,1286.15,1290.71,1494748.0
1664172000,1290.71,1296.37,1277.59,1280.57,2490502.0
1664175600,1280.76,1300.7,1279.18,1295.63,2448421.0
1664179200,1295.64,1323.09,1293.07,1320.59,3043317.0
1664182800,1320.59,1325.24,1307.8,1309.63,2572752.0
1664186400,1309.65,1318.24,1306.65,1311.61,1579636.0
1664190000,1311.69,1313.47,1288.79,1297.05,2697374.0
1664193600,1297.09,1321.85,1293.64,1315.98,2859213.0
1664197200,1315.98,1326.99,1308.47,1324.72,3557949.0
1664200800,1324.73,1338.78,1320.7,1329.59,4366435.0
1664204400,1329.67,1331.99,1314.33,1324.72,3134310.0
1664208000,1324.71,1324.78,1311.51,1322.33,2286028.0
1664211600,1322.33,1327.78,1315.19,1322.91,1512096.0
1664215200,1322.9,1333.0,1321.24,1331.09,1399054.0
1664218800,1331.17,1341.73,1326.69,1330.63,2237734.0
1664222400,1330.62,1331.69,1321.32,1324.91,860503.0
1664226000,1324.9,1326.87,1315.13,1317.22,504070.0
1664229600,1317.23,1334.79,1315.48,1327.2,693517.0
1664233200,1327.21,1338.0,1327.06,1336.12,938056.0
1664236800,1336.11,1348.12,1332.02,1342.78,2122029.0
1664240400,1342.68,1380.0,1342.01,1366.88,4606336.0
1664244000,1366.89,1377.23,1361.56,1376.45,1614579.0
1664247600,1376.44,1390.0,1370.57,1385.36,3449264.0
1664251200,1385.36,1387.39,1379.2,1380.32,1316145.0
1664254800,1380.32,1386.77,1375.01,1386.63,1588923.0
1664258400,1386.62,1394.59,1383.15,1383.86,2066433.0
1664262000,1383.85,1390.0,1380.31,1381.96,1257862.0
1664265600,1381.96,1384.85,1375.82,1378.39,1106777.0
1664269200,1378.38,1386.81,1375.43,1384.65,1290814.0
1664272800,1384.65,1389.0,1383.0,1386.72,1095127.0
1664276400,1386.72,1401.39,1381.44,1388.51,2718118.0
1664280000,1388.51,1399.99,1385.25,1391.97,2527411.0
1664283600,1391.96,1399.0,1382.85,1388.07,3346554.0
1664287200,1388.08,1391.52,1380.02,1388.45,2349015.0
1664290800,1388.42,1390.57,1365.05,1365.58,3097674.0
1664294400,1365.58,1368.2,1320.0,1332.05,8461268.0
1664298000,1332.13,1332.13,1306.38,1314.68,4357924.0
1664301600,1314.67,1325.67,1303.56,1323.13,2869309.0
1664305200,1323.14,1331.92,1311.78,1324.5,2135087.0
1664308800,1324.49,1325.4,1317.35,1324.99,998569.0
1664312400,1325.0,1326.08,1317.01,1322.16,628706.0
1664316000,1322.15,1331.82,1317.17,1329.99,1211281.0
1664319600,1330.0,1335.19,1326.52,1327.96,860969.0
1664323200,1327.97,1340.51,1327.97,1333.66,1406763.0
1664326800,1333.66,1336.52,1306.0,1310.84,2855897.0
1664330400,1310.77,1312.77,1266.73,1277.07,5729712.0
1664334000,1277.06,1288.41,1275.74,1287.0,1823659.0
1664337600,1286.99,1288.91,1281.33,1283.84,1139037.0
1664341200,1283.84,1287.0,1276.32,1286.42,976084.0
1664344800,1286.41,1293.38,1277.4,1277.41,1614587.0
1664348400,1277.41,1286.3,1266.03,1285.22,3043879.0
1664352000,1285.31,1285.98,1276.83,1282.7,1246348.0
1664355600,1282.7,1283.97,1270.0,1273.29,2070650.0
1664359200,1273.29,1312.2,1251.28,1303.04,8340677.0
1664362800,1302.99,1305.76,1287.09,1295.43,2684046.0
1664366400,1295.42,1311.0,1293.21,1304.1,2445752.0
1664370000,1304.25,1319.84,1298.0,1310.41,3842634.0
1664373600,1310.41,1331.93,1304.97,1325.58,4124616.0
1664377200,1325.58,1332.98,1322.05,1331.8,2269269.0
1664380800,1331.81,1339.52,1327.71,1329.17,2170272.0
1664384400,1329.22,1335.18,1310.72,1322.38,2447685.0
1664388000,1322.37,1336.66,1314.57,1333.09,1880688.0
1664391600,1333.09,1343.96,1321.81,1333.85,1515747.0
1664395200,1334.23,1357.35,1333.0,1350.92,2154882.0
1664398800,1350.91,1355.89,1341.0,1345.5,844820.0
1664402400,1345.51,1346.69,1333.44,1338.05,1190504.0
1664406000,1338.04,1344.17,1335.59,1337.1,651862.0
1664409600,1337.09,1344.2,1327.34,1334.41,1377807.0
1664413200,1334.4,1352.47,1333.25,1344.19,1603849.0
1664416800,1344.19,1346.49,1330.34,1336.8,1761206.0
1664420400,1336.8,1343.58,1332.57,1341.98,1067432.0
1664424000,1341.99,1346.19,1338.87,1341.1,870053.0
1664427600,1341.15,1344.79,1329.07,1332.37,1616723.0
1664431200,1332.3,1332.3,1322.0,1328.45,1940374.0
1664434800,1328.5,1330.43,1313.03,1322.0,2812362.0
1664438400,1321.99,1325.92,1314.0,1324.32,1678122.0
1664442000,1324.21,1340.42,1322.51,1336.96,2398008.0
1664445600,1336.96,1342.77,1332.5,1336.87,1160724.0
1664449200,1336.87,1346.0,1332.44,1336.68,1674661.0
1664452800,1336.69,1337.78,1311.54,1319.95,4681134.0
1664456400,1319.91,1329.87,1293.85,1301.31,4957547.0
1664460000,1301.32,1324.31,1288.01,1320.31,5650618.0
1664463600,1320.31,1333.0,1317.0,1326.86,3252404.0
1664467200,1326.87,1348.68,1314.02,1337.51,4049562.0
1664470800,1337.5,1342.0,1326.01,1326.38,1922590.0
1664474400,1326.54,1339.99,1319.1,1327.01,2223698.0
1664478000,1326.96,1341.74,1326.85,1333.33,1472364.0
1664481600,1333.18,1339.46,1329.71,1337.57,575785.0
1664485200,1337.5,1338.62,1331.2,1332.22,424164.0
1664488800,1332.22,1340.7,1323.42,1329.43,929361.0
1664492400,1329.41,1338.0,1325.88,1335.57,956248.0
1664496000,1335.58,1352.69,1327.33,1337.55,2759130.0
1664499600,1337.56,1338.26,1328.41,1336.0,1187811.0
1664503200,1336.1,1336.94,1325.0,1326.37,1273918.0
1664506800,1326.52,1329.93,1318.79,1327.74,1212590.0
1664510400,1327.74,1331.52,1325.83,1328.58,548715.0
1664514000,1328.58,1335.72,1328.17,1329.87,940629.0
1664517600,1329.86,1334.77,1329.3,1332.94,653677.0
1664521200,1332.97,1346.0,1332.2,1340.23,2258252.0
1664524800,1340.25,1349.53,1337.27,1348.43,1438548.0
1664528400,1348.43,1348.79,1339.22,1342.68,1211931.0
1664532000,1342.68,1344.96,1331.82,1337.22,1570922.0
1664535600,1337.22,1339.66,1325.66,1330.95,1259987.0
1664539200,1330.83,1344.94,1312.5,1327.62,6293187.0
1664542800,1327.62,1337.0,1315.69,1335.9,3565318.0
1664546400,1335.9,1364.56,1332.68,1359.96,5019453.0
1664550000,1359.97,1374.66,1348.09,1351.5,4029475.0
1664553600,1351.5,1362.0,1341.73,1352.58,2960708.0
1664557200,1352.64,1358.0,1340.9,1345.47,1372638.0
1664560800,1345.46,1354.37,1342.55,1347.48,1212475.0
1664564400,1347.54,1355.0,1332.32,1337.41,1607471.0
1664568000,1337.41,1344.82,1328.33,1332.17,1407171.0
1664571600,1332.02,1332.02,1323.0,1323.38,728192.0
1664575200,1323.38,1327.37,1316.0,1322.56,1509005.0
1664578800,1322.55,1329.45,1319.29,1328.73,669674.0
1664582400,1328.73,1333.98,1324.23,1327.73,795977.0
1664586000,1327.74,1333.12,1326.01,1331.71,568677.0
1664589600,1331.71,1332.94,1329.3,1330.26,390083.0
1664593200,1330.26,1331.48,1325.51,1330.03,407388.0
1664596800,1330.03,1331.63,1326.61,1329.3,590962.0
1664600400,1329.3,1330.98,1323.34,1329.25,623590.0
1664604000,1329.26,1329.27,1326.33,1327.94,254094.0
1664607600,1327.93,1330.79,1325.0,1328.81,399790.0
1664611200,1328.82,1332.78,1328.63,1331.37,394091.0
1664614800,1331.36,1332.98,1328.88,1330.92,441451.0
1664618400,1330.92,1332.45,1327.08,1329.7,459274.0
1664622000,1329.69,1330.38,1317.25,1325.33,1614349.0
1664625600,1325.33,1326.42,1320.0,1323.45,717093.0
1664629200,1323.5,1330.75,1321.54,1325.99,939181.0
1664632800,1325.99,1326.99,1321.72,1323.05,524014.0
1664636400,1323.13,1325.65,1320.35,1322.98,461029.0
1664640000,1322.98,1324.8,1301.51,1311.4,2421070.0
1664643600,1311.39,1315.73,1306.64,1313.41,902530.0
1664647200,1313.42,1317.65,1307.66,1316.09,688456.0
1664650800,1316.05,1318.05,1307.7,1312.11,569896.0
1664654400,1312.1,1313.38,1302.0,1309.57,1092226.0
1664658000,1309.57,1315.49,1309.26,1312.93,250960.0
1664661600,1312.93,1316.14,1311.89,1313.04,329394.0
1664665200,1313.03,1314.58,1309.4,1312.16,319107.0
1664668800,1312.16,1316.18,1306.18,1310.62,747219.0
1664672400,1310.62,1311.62,1305.0,1308.27,685765.0
1664676000,1308.35,1312.87,1307.22,1310.83,432949.0
1664679600,1310.83,1312.57,1308.32,1309.81,290514.0
1664683200,1309.81,1313.0,1307.7,1312.99,456739.0
1664686800,1313.0,1317.39,1310.79,1312.98,957769.0
1664690400,1312.99,1317.71,1311.16,1312.31,665959.0
1664694000,1312.31,1313.67,1308.0,1311.17,622362.0
1664697600,1311.17,1313.0,1306.39,1310.44,470106.0
1664701200,1310.44,1311.21,1304.33,1307.26,544649.0
1664704800,1307.26,1308.36,1283.83,1289.76,3169736.0
1664708400,1289.69,1304.42,1287.55,1297.9,1512039.0
1664712000,1297.91,1301.45,1292.17,1295.51,897590.0
1664715600,1295.5,1300.66,1292.2,1297.22,793855.0
1664719200,1297.21,1298.96,1286.0,1289.87,1216756.0
1664722800,1289.95,1294.77,1289.06,1293.48,629874.0
1664726400,1293.48,1302.95,1292.88,1296.81,1134134.0
1664730000,1296.86,1298.78,1295.15,1297.81,271225.0
1664733600,1297.8,1298.45,1291.1,1296.44,454870.0
1664737200,1296.45,1315.72,1295.95,1304.91,1569867.0
1664740800,1304.91,1307.83,1303.02,1303.04,297547.0
1664744400,1303.05,1303.73,1291.89,1300.64,859474.0
1664748000,1300.64,1305.61,1286.51,1289.82,1483226.0
1664751600,1289.81,1291.55,1267.08,1276.77,3354444.0
1664755200,1276.77,1285.0,1262.33,1282.02,2270573.0
1664758800,1282.02,1298.98,1281.59,1297.98,1664230.0
1664762400,1298.01,1300.92,1289.12,1289.63,1158477.0
1664766000,1289.65,1296.3,1289.37,1291.67,524128.0
1664769600,1291.68,1292.77,1286.33,1287.76,646094.0
1664773200,1287.8,1299.0,1284.02,1295.61,1365732.0
1664776800,1295.61,1302.0,1288.72,1291.71,1285252.0
1664780400,1291.71,1295.79,1287.0,1291.82,931878.0
1664784000,1291.82,1293.0,1288.4,1291.33,533875.0
1664787600,1291.33,1292.9,1285.88,1292.73,665104.0
1664791200,1292.73,1297.97,1289.93,1297.46,922075.0
1664794800,1297.46,1299.65,1292.3,1299.01,845194.0
1664798400,1299.0,1303.5,1294.22,1301.83,1159858.0
1664802000,1301.82,1311.2,1296.0,1297.77,3482332.0
1664805600,1297.77,1323.0,1297.77,1319.67,4172135.0
1664809200,1319.67,1327.67,1317.33,1318.84,1955269.0
1664812800,1318.83,1323.68,1314.05,1320.41,1168089.0
1664816400,1320.4,1329.54,1320.24,1325.68,1350896.0
1664820000,1325.69,1329.66,1316.1,1317.61,908793.0
1664823600,1317.52,1321.59,1309.1,1318.08,1229061.0
1664827200,1318.05,1324.43,1314.59,1323.61,492839.0
1664830800,1323.6,1323.78,1317.27,1317.96,283998.0
1664834400,1318.05,1321.96,1315.12,1315.6,526207.0
1664838000,1315.61,1328.0,1315.61,1323.16,1059670.0
1664841600,1323.16,1331.31,1320.26,1321.77,1152850.0
1664845200,1321.78,1324.26,1319.29,1319.39,400720.0
1664848800,1319.39,1322.56,1318.43,1321.5,372998.0
1664852400,1321.5,1330.0,1319.27,1328.91,1080278.0
1664856000,1328.91,1337.99,1326.4,1328.09,1215375.0
1664859600,1328.1,1333.0,1325.16,1325.3,788559.0
1664863200,1325.31,1342.84,1324.34,1337.68,2080705.0
1664866800,1337.69,1351.41,1337.39,1349.7,2564008.0
1664870400,1349.71,1359.52,1345.9,1347.74,3120924.0
1664874000,1347.73,1352.0,1341.34,1347.59,1369097.0
1664877600,1347.8,1354.6,1346.59,1348.7,902999.0
1664881200,1348.71,1351.24,1343.82,1349.68,763153.0
1664884800,1349.69,1354.08,1346.14,1353.73,873476.0
1664888400,1353.74,1359.61,1347.67,1353.05,1927105.0
1664892000,1353.06,1365.55,1345.67,1350.98,2782812.0
1664895600,1350.97,1355.61,1345.52,1353.78,1069641.0
1664899200,1353.79,1354.64,1346.59,1347.51,969184.0
1664902800,1347.51,1349.53,1338.51,1347.45,1430098.0
1664906400,1347.54,1353.53,1346.41,1350.38,671916.0
1664910000,1350.38,1358.29,1345.67,1354.91,745310.0
1664913600,1354.9,1370.54,1351.18,1361.51,1540255.0
1664917200,1361.48,1364.0,1356.0,1357.66,529595.0
1664920800,1357.66,1360.96,1355.55,1358.98,486580.0
1664924400,1358.97,1367.76,1356.92,1361.2,754703.0
1664928000,1361.21,1363.25,1352.27,1354.46,868018.0
1664931600,1354.46,1357.82,1352.19,1354.83,677067.0
1664935200,1354.84,1358.31,1353.55,1356.63,524051.0
1664938800,1356.63,1359.46,1353.02,1353.92,484518.0
1664942400,1353.91,1356.65,1348.22,1350.82,815704.0
1664946000,1350.82,1353.88,1350.71,1352.68,368979.0
1664949600,1352.68,1358.5,1352.24,1356.05,694045.0
1664953200,1356.06,1356.64,1351.36,1353.15,645869.0
1664956800,1353.16,1353.79,1340.22,1344.48,1919369.0
1664960400,1344.49,1346.2,1341.33,1343.73,610457.0
1664964000,1343.73,1348.57,1342.46,1345.61,626712.0
1664967600,1345.61,1345.94,1331.0,1335.2,1734690.0
1664971200,1335.2,1336.73,1328.21,1332.42,1339774.0
1664974800,1332.41,1333.82,1315.0,1323.66,3668289.0
1664978400,1323.66,1327.73,1317.74,1323.19,1671605.0
1664982000,1323.18,1330.73,1322.64,1330.01,1104913.0
1664985600,1330.02,1357.0,1327.0,1350.67,3667671.0
1664989200,1350.67,1359.88,1347.66,1348.51,1921471.0
1664992800,1348.57,1357.64,1342.93,1357.51,1183586.0
1664996400,1357.51,1365.5,1349.01,1350.83,1499265.0
1665000000,1350.7,1352.82,1345.06,1345.12,556859.0
1665003600,1345.09,1352.72,1345.08,1348.28,408616.0
1665007200,1348.28,1358.66,1345.15,1355.55,739262.0
1665010800,1355.56,1356.26,1350.21,1352.29,524904.0
1665014400,1352.29,1380.32,1351.41,1370.24,3079135.0
1665018000,1370.24,1382.7,1370.23,1378.31,1956188.0
1665021600,1378.32,1383.86,1371.22,1372.89,1665232.0
1665025200,1372.88,1374.32,1369.17,1372.62,651291.0
1665028800,1372.63,1382.04,1371.23,1372.76,1228089.0
1665032400,1372.77,1377.84,1370.6,1372.81,874899.0
1665036000,1372.8,1372.8,1362.8,1363.74,1470994.0
1665039600,1363.77,1369.31,1361.8,1368.54,1177520.0
1665043200,1368.54,1370.82,1354.0,1359.84,2366692.0
1665046800,1359.83,1362.57,1355.02,1355.96,850807.0
1665050400,1356.01,1359.45,1355.0,1358.23,592788.0
1665054000,1358.22,1369.88,1357.09,1368.48,1442005.0
1665057600,1368.49,1378.6,1365.6,1367.34,2495414.0
1665061200,1367.35,1380.85,1359.5,1363.91,3580424.0
1665064800,1363.9,1372.92,1348.18,1369.76,4971668.0
1665068400,1369.75,1370.31,1361.01,1361.43,1646801.0
1665072000,1361.42,1366.78,1356.11,1363.26,1370380.0
1665075600,1363.27,1374.0,1359.56,1365.14,1585558.0
1665079200,1365.14,1365.47,1353.35,1357.7,943664.0
1665082800,1357.46,1361.77,1355.33,1358.73,459936.0
1665086400,1358.62,1363.85,1357.0,1363.68,311810.0
1665090000,1363.68,1363.85,1351.0,1351.01,441644.0
1665093600,1351.1,1354.99,1343.96,1350.84,823313.0
1665097200,1350.85,1353.53,1346.04,1351.95,664006.0
1665100800,1351.95,1361.95,1350.35,1355.5,944035.0
1665104400,1355.49,1359.19,1353.52,1354.61,440285.0
1665108000,1354.62,1360.04,1350.62,1356.39,680932.0
1665111600,1356.4,1358.2,1354.47,1355.22,368986.0
1665115200,1355.22,1359.15,1352.0,1352.18,506577.0
1665118800,1352.18,1357.96,1352.02,1354.8,555020.0
1665122400,1354.79,1356.5,1346.01,1350.96,999375.0
1665126000,1350.96,1358.0,1350.32,1356.01,922970.0
1665129600,1356.0,1359.7,1354.77,1356.13,729911.0
1665133200,1356.09,1361.22,1355.17,1357.08,527711.0
1665136800,1357.08,1357.51,1353.03,1356.74,521397.0
1665140400,1356.73,1357.76,1352.0,1354.84,538049.0
1665144000,1354.85,1359.0,1324.29,1331.34,7554534.0
1665147600,1331.34,1337.48,1325.32,1332.78,2559182.0
1665151200,1332.78,1342.6,1330.8,1339.4,1867413.0
1665154800,1339.54,1341.54,1332.13,1334.3,996240.0
1665158400,1334.31,1337.07,1319.56,1323.93,2454280.0
1665162000,1323.93,1327.69,1321.15,1323.86,862224.0
1665165600,1323.79,1327.18,1316.11,1326.7,1089077.0
1665169200,1326.71,1328.67,1323.18,1327.6,543309.0
1665172800,1327.61,1333.0,1324.8,1331.23,656010.0
1665176400,1331.23,1336.0,1330.0,1333.42,407374.0
1665180000,1333.56,1336.71,1332.14,1333.39,294360.0
1665183600,1333.4,1335.0,1330.68,1331.08,331030.0
1665187200,1331.08,1337.79,1330.0,1333.57,463414.0
1665190800,1333.57,1335.95,1331.62,1335.45,367563.0
1665194400,1335.45,1335.8,1332.64,1333.76,361150.0
1665198000,1333.77,1333.79,1331.02,1331.29,326069.0
1665201600,1331.29,1332.45,1326.1,1328.09,750577.0
1665205200,1328.1,1331.3,1327.65,1330.6,318899.0
1665208800,1330.61,1333.35,1327.51,1331.88,459136.0
1665212400,1331.88,1332.43,1327.67,1330.34,333007.0
1665216000,1330.34,1330.66,1323.0,1325.15,656218.0
1665219600,1325.15,1328.7,1325.02,1327.33,326974.0
1665223200,1327.33,1329.99,1326.69,1327.94,295611.0
1665226800,1327.95,1330.62,1326.51,1329.86,386507.0
1665230400,1329.87,1330.32,1326.12,1329.0,418264.0
1665234000,1328.99,1329.0,1325.16,1326.03,421784.0
1665237600,1326.02,1326.87,1318.13,1325.3,1129986.0
1665241200,1325.3,1325.61,1322.31,1324.56,281109.0
1665244800,1324.57,1330.0,1322.78,1329.28,620500.0
1665248400,1329.29,1329.57,1325.43,1327.57,349714.0
1665252000,1327.57,1328.23,1323.07,1324.79,232518.0
1665255600,1324.78,1324.78,1322.3,1324.57,241264.0
1665259200,1324.57,1326.99,1323.0,1325.2,251366.0
1665262800,1325.19,1325.81,1302.59,1307.19,1321281.0
1665266400,1307.18,1312.6,1303.35,1311.49,874832.0
1665270000,1311.49,1317.0,1310.88,1315.42,690594.0
1665273600,1315.41,1316.66,1311.2,1312.51,533100.0
1665277200,1312.5,1313.95,1309.42,1311.98,456927.0
1665280800,1311.98,1312.7,1307.09,1308.72,415935.0
1665284400,1308.72,1311.29,1308.2,1310.66,321148.0
1665288000,1310.66,1313.49,1308.69,1313.44,389131.0
1665291600,1313.44,1315.75,1312.51,1314.58,469849.0
1665295200,1314.57,1317.93,1313.2,1316.81,533646.0
1665298800,1316.81,1317.82,1314.61,1314.61,389002.0
1665302400,1314.62,1317.8,1313.44,1315.19,508830.0
1665306000,1315.19,1317.85,1314.63,1316.96,325403.0
1665309600,1316.97,1327.32,1315.48,1322.48,1181165.0
1665313200,1322.5,1328.0,1322.5,1322.9,846485.0
1665316800,1322.94,1329.26,1322.94,1326.23,666978.0
1665320400,1326.23,1327.83,1321.47,1321.83,474609.0
1665324000,1321.84,1325.92,1320.52,1324.32,483221.0
1665327600,1324.32,1327.29,1323.39,1326.08,422137.0
1665331200,1326.09,1327.2,1321.69,1325.28,442697.0
1665334800,1325.29,1326.0,1323.0,1324.21,233192.0
1665338400,1324.2,1326.34,1322.09,1325.6,216588.0
1665342000,1325.68,1326.6,1309.01,1319.91,1345069.0
1665345600,1319.91,1320.99,1316.8,1320.83,219636.0
1665349200,1320.83,1324.04,1317.7,1321.69,191247.0
1665352800,1321.69,1321.7,1315.85,1316.47,666862.0
1665356400,1316.47,1323.51,1314.0,1323.25,564337.0
1665360000,1323.21,1334.99,1320.5,1333.35,1234154.0
1665363600,1333.36,1338.44,1330.55,1331.06,1084890.0
1665367200,1331.07,1331.16,1322.51,1324.76,890349.0
1665370800,1324.76,1326.42,1321.3,1323.39,472514.0
1665374400,1323.39,1325.55,1321.73,1324.74,444077.0
1665378000,1324.75,1325.28,1315.82,1317.96,945457.0
1665381600,1317.97,1320.79,1312.01,1315.27,1179793.0
1665385200,1315.27,1320.0,1314.23,1316.91,613408.0
1665388800,1316.91,1317.97,1296.0,1306.9,3645968.0
1665392400,1306.88,1312.9,1305.2,1312.59,1230681.0
1665396000,1312.59,1314.69,1309.5,1309.83,730089.0
1665399600,1309.82,1317.94,1309.7,1314.59,737603.0
1665403200,1314.8,1319.83,1312.52,1318.13,924395.0
1665406800,1318.12,1319.19,1307.71,1310.44,1513055.0
1665410400,1310.49,1317.44,1303.4,1307.06,1907964.0
1665414000,1307.06,1311.43,1305.11,1308.22,971348.0
1665417600,1308.22,1309.6,1298.23,1301.21,1765599.0
1665421200,1301.21,1315.38,1299.48,1312.61,1402877.0
1665424800,1312.61,1313.0,1306.53,1308.4,695999.0
1665428400,1308.42,1310.55,1306.12,1307.67,393285.0
1665432000,1307.54,1309.8,1307.3,1307.58,181400.0
1665435600,1307.59,1310.36,1303.15,1307.08,294470.0
1665439200,1307.08,1307.08,1286.2,1291.97,2194676.0
1665442800,1291.96,1297.23,1288.0,1290.32,839831.0
1665446400,1290.31,1290.32,1266.0,1277.89,3855445.0
1665450000,1277.85,1280.73,1271.51,1276.0,1192151.0
1665453600,1275.99,1279.88,1270.21,1279.83,1006861.0
1665457200,1279.82,1281.56,1277.82,1278.02,634514.0
1665460800,1278.02,1279.9,1274.29,1277.32,614819.0
1665464400,1277.33,1278.0,1274.09,1275.16,432149.0
1665468000,1275.16,1283.0,1272.0,1277.67,1135363.0
1665471600,1277.83,1284.45,1275.43,1283.61,1107810.0
1665475200,1283.6,1288.8,1283.25,1284.88,1311100.0
1665478800,1284.84,1285.95,1278.1,1280.97,1234033.0
1665482400,1280.98,1284.67,1278.6,1283.15,639538.0
1665486000,1283.15,1287.0,1279.89,1286.98,719780.0
1665489600,1286.98,1294.79,1284.22,1286.08,1971969.0
1665493200,1286.08,1286.9,1273.82,1274.96,2016906.0
1665496800,1274.96,1288.0,1268.52,1282.52,3058933.0
1665500400,1282.58,1297.78,1282.58,1293.35,1872939.0
1665504000,1293.36,1298.16,1288.08,1295.39,1379191.0
1665507600,1295.39,1295.72,1288.66,1291.02,620880.0
1665511200,1291.02,1291.56,1276.49,1278.92,1361456.0
1665514800,1278.91,1284.61,1275.58,1282.35,870499.0
1665518400,1282.46,1287.33,1281.45,1281.88,284157.0
1665522000,1281.87,1283.07,1273.39,1276.63,435148.0
1665525600,1276.64,1282.1,1276.23,1280.95,415979.0
1665529200,1280.95,1282.28,1274.41,1280.16,513947.0
1665532800,1280.18,1288.8,1275.2,1286.33,1074339.0
1665536400,1286.34,1288.38,1281.5,1283.91,546916.0
1665540000,1283.91,1285.22,1279.55,1284.25,474902.0
1665543600,1284.28,1286.87,1283.2,1283.61,401240.0
1665547200,1283.6,1293.57,1283.23,1291.47,1073017.0
1665550800,1291.48,1295.71,1288.85,1291.71,836189.0
1665554400,1291.71,1302.0,1290.03,1296.72,1733652.0
1665558000,1296.72,1298.0,1292.21,1294.16,950280.0
1665561600,1294.16,1299.87,1292.53,1297.57,871481.0
1665565200,1297.56,1307.0,1297.0,1302.84,1447978.0
1665568800,1302.78,1304.57,1298.23,1300.07,685866.0
1665572400,1300.07,1304.0,1296.65,1297.46,718511.0
1665576000,1297.45,1306.53,1285.0,1294.48,3306094.0
1665579600,1294.47,1302.32,1290.24,1298.77,2080588.0
1665583200,1298.69,1301.46,1292.71,1296.3,1065654.0
1665586800,1296.32,1301.02,1296.05,1299.31,780830.0
1665590400,1299.3,1300.0,1292.19,1294.71,689435.0
1665594000,1294.79,1295.64,1288.83,1292.47,469492.0
1665597600,1292.42,1299.28,1288.0,1295.83,1089085.0
1665601200,1295.84,1301.04,1295.14,1296.93,380206.0
1665604800,1296.97,1299.3,1296.4,1299.0,137156.0
1665608400,1299.04,1303.0,1298.47,1299.77,283432.0
1665612000,1299.76,1302.19,1293.84,1294.24,535297.0
1665615600,1294.23,1296.57,1292.47,1294.51,306657.0
1665619200,1294.5,1296.64,1292.6,1296.25,338763.0
1665622800,1296.25,1298.99,1292.0,1293.0,621015.0
1665626400,1292.99,1293.48,1282.0,1287.12,1609750.0
1665630000,1287.12,1288.81,1285.04,1286.55,487675.0
1665633600,1286.54,1286.73,1282.07,1284.96,568210.0
1665637200,1284.95,1289.72,1278.2,1287.79,1246008.0
1665640800,1287.78,1289.26,1283.0,1284.23,635217.0
1665644400,1284.22,1284.3,1271.75,1277.46,2195354.0
1665648000,1277.43,1280.75,1273.42,1278.41,1030111.0
1665651600,1278.41,1279.81,1272.19,1273.67,733050.0
1665655200,1273.66,1275.73,1215.57,1242.44,8383847.0
1665658800,1242.43,1252.6,1240.2,1242.84,2030671.0
1665662400,1242.84,1278.0,1180.0,1217.4,12192446.0
1665666000,1217.33,1226.65,1204.77,1222.49,4107937.0
1665669600,1222.49,1228.83,1217.47,1221.78,2234330.0
1665673200,1221.78,1267.0,1220.37,1256.83,7133899.0
1665676800,1256.88,1271.0,1250.98,1265.32,3246259.0
1665680400,1265.33,1282.88,1265.33,1274.88,2637141.0
1665684000,1274.88,1291.0,1270.92,1285.87,2261384.0
1665687600,1285.88,1295.33,1284.05,1287.29,1749278.0
1665691200,1287.19,1302.3,1286.62,1293.93,1486677.0
1665694800,1293.94,1296.66,1290.02,1294.86,454962.0
1665698400,1294.87,1298.45,1291.67,1292.56,533657.0
1665702000,1292.55,1293.23,1285.66,1287.24,754098.0
1665705600,1287.24,1292.95,1283.1,1289.76,912304.0
1665709200,1289.78,1334.45,1289.78,1329.03,4676996.0
1665712800,1329.03,1337.0,1324.28,1332.36,2359633.0
1665716400,1332.35,1343.12,1327.68,1329.69,1674220.0
1665720000,1329.7,1332.26,1326.21,1327.32,936009.0
1665723600,1327.32,1330.44,1320.25,1326.38,1285298.0
1665727200,1326.31,1329.9,1324.06,1325.9,565969.0
1665730800,1325.9,1328.53,1316.32,1321.76,1623510.0
1665734400,1321.77,1325.4,1318.01,1321.8,1036674.0
1665738000,1321.8,1329.54,1316.5,1327.5,1123373.0
1665741600,1327.51,1334.39,1325.38,1330.24,1506820.0
1665745200,1330.24,1336.4,1325.7,1325.85,1066854.0
1665748800,1325.9,1343.46,1322.0,1338.53,2469297.0
1665752400,1338.5,1338.87,1328.1,1330.89,1994630.0
1665756000,1330.85,1330.99,1311.0,1320.42,4546200.0
1665759600,1320.41,1324.61,1306.03,1310.51,2332402.0
1665763200,1310.53,1313.45,1297.11,1304.66,2837907.0
1665766800,1304.66,1309.2,1300.36,1308.82,867926.0
1665770400,1308.72,1308.72,1293.38,1300.04,1222536.0
1665774000,1300.03,1306.51,1295.0,1298.62,944951.0
1665777600,1298.63,1304.29,1296.14,1300.87,432473.0
1665781200,1300.87,1302.67,1288.46,1291.93,696367.0
1665784800,1291.93,1296.4,1289.99,1295.82,531851.0
1665788400,1295.82,1298.87,1294.73,1295.99,319273.0
1665792000,1295.98,1300.5,1295.4,1295.83,440311.0
1665795600,1295.84,1300.98,1293.39,1297.79,529599.0
1665799200,1297.8,1300.65,1294.58,1299.0,531341.0
1665802800,1298.99,1301.62,1297.26,1300.1,321881.0
1665806400,1300.09,1301.0,1297.5,1298.5,256908.0
1665810000,1298.49,1298.87,1292.58,1295.45,575022.0
1665813600,1295.45,1296.47,1291.23,1293.72,451340.0
1665817200,1293.72,1295.42,1290.5,1294.94,490486.0
1665820800,1294.93,1295.14,1277.01,1280.54,2109387.0
1665824400,1280.55,1285.2,1278.5,1280.59,1256050.0
1665828000,1280.58,1288.25,1277.2,1285.06,1104952.0
1665831600,1285.06,1288.0,1283.73,1287.58,398877.0
1665835200,1287.59,1288.88,1284.87,1285.21,480545.0
1665838800,1285.19,1290.99,1279.27,1288.8,1112195.0
1665842400,1288.79,1291.98,1285.39,1288.71,828774.0
1665846000,1288.71,1289.29,1284.52,1286.19,452177.0
1665849600,1286.19,1290.3,1282.45,1285.33,535723.0
1665853200,1285.34,1287.15,1281.42,1282.97,390856.0
1665856800,1282.97,1285.67,1282.12,1283.16,283440.0
1665860400,1283.16,1283.64,1278.03,1282.77,410899.0
1665864000,1282.76,1284.12,1279.1,1281.4,329590.0
1665867600,1281.4,1281.41,1269.22,1275.62,835251.0
1665871200,1275.62,1276.81,1270.46,1270.99,510305.0
1665874800,1271.0,1280.0,1263.2,1274.92,1535072.0
1665878400,1274.92,1282.05,1274.63,1281.7,591259.0
1665882000,1281.75,1287.0,1278.71,1282.64,587779.0
1665885600,1282.61,1285.99,1280.3,1281.94,431322.0
1665889200,1281.93,1283.88,1280.77,1283.59,252688.0
1665892800,1283.58,1287.0,1282.6,1284.58,531586.0
1665896400,1284.58,1289.2,1282.53,1284.65,576247.0
1665900000,1284.65,1284.86,1281.07,1284.37,379065.0
1665903600,1284.37,1284.99,1281.68,1283.17,255487.0
1665907200,1283.23,1290.53,1283.23,1288.49,884957.0
1665910800,1288.5,1288.75,1284.4,1285.87,472679.0
1665914400,1285.87,1286.67,1278.0,1281.84,852304.0
1665918000,1281.83,1285.16,1280.86,1284.04,396888.0
1665921600,1284.05,1285.01,1279.0,1282.26,749745.0
1665925200,1282.26,1285.95,1281.51,1284.75,460877.0
1665928800,1284.75,1285.8,1280.0,1283.1,667256.0
1665932400,1283.11,1288.0,1282.94,1286.15,704411.0
1665936000,1286.15,1287.78,1283.07,1284.41,418851.0
1665939600,1284.41,1287.47,1283.28,1284.26,380553.0
1665943200,1284.25,1284.51,1281.07,1282.85,291612.0
1665946800,1282.97,1308.88,1282.47,1307.99,1924894.0
1665950400,1308.0,1316.09,1305.0,1310.27,1412094.0
1665954000,1310.27,1315.0,1290.51,1293.4,1180884.0
1665957600,1293.39,1315.0,1291.13,1308.5,1601923.0
1665961200,1308.51,1309.89,1302.36,1305.84,792096.0
1665964800,1306.0,1308.44,1298.03,1303.32,923397.0
1665968400,1303.32,1305.75,1295.73,1297.06,758048.0
1665972000,1297.07,1302.0,1296.43,1299.93,680981.0
1665975600,1299.93,1302.8,1295.61,1301.84,686524.0
1665979200,1301.8,1305.98,1298.73,1304.81,762452.0
1665982800,1304.82,1309.55,1304.49,1308.49,738308.0
1665986400,1308.5,1311.99,1306.0,1306.76,929098.0
1665990000,1306.77,1314.86,1306.45,1311.99,1151792.0
1665993600,1311.99,1313.67,1307.38,1308.81,734445.0
1665997200,1308.81,1321.09,1308.36,1317.4,1593922.0
1666000800,1317.4,1323.4,1317.29,1319.21,1354567.0
1666004400,1319.21,1326.27,1314.71,1317.63,1508430.0
1666008000,1317.63,1322.85,1313.34,1319.44,966743.0
1666011600,1319.44,1337.67,1318.88,1331.09,3413295.0
1666015200,1331.1,1336.65,1323.01,1325.95,2155688.0
1666018800,1325.94,1333.0,1323.67,1329.0,1272435.0
1666022400,1328.99,1331.43,1318.54,1321.27,1386375.0
1666026000,1321.27,1323.6,1316.52,1320.94,804694.0
1666029600,1320.95,1322.55,1315.06,1320.65,659230.0
1666033200,1320.64,1325.96,1319.26,1325.89,582560.0
1666036800,1325.89,1331.58,1324.07,1329.81,662855.0
1666040400,1329.68,1333.99,1326.33,1330.55,434673.0
1666044000,1330.54,1339.09,1326.03,1331.02,1363616.0
1666047600,1331.03,1334.16,1328.94,1331.41,437024.0
1666051200,1331.41,1341.88,1328.96,1337.79,1362677.0
1666054800,1337.79,1339.54,1331.0,1332.57,809834.0
1666058400,1332.57,1334.85,1327.4,1327.8,772091.0
1666062000,1327.79,1337.59,1327.7,1333.41,997217.0
1666065600,1333.42,1337.9,1331.67,1335.3,778536.0
1666069200,1335.3,1335.88,1330.5,1331.99,541135.0
1666072800,1331.99,1340.35,1330.28,1335.99,1138436.0
1666076400,1335.99,1338.12,1331.2,1336.54,1175978.0
1666080000,1336.54,1337.1,1321.39,1322.86,1687517.0
1666083600,1322.87,1326.11,1318.18,1324.77,1735269.0
1666087200,1324.78,1329.55,1323.0,1325.39,989659.0
1666090800,1325.38,1329.38,1325.38,1325.82,569430.0
1666094400,1325.82,1333.53,1325.81,1331.08,1073154.0
1666098000,1331.09,1334.6,1320.0,1322.22,2503378.0
1666101600,1322.22,1325.36,1306.66,1308.78,3856920.0
1666105200,1308.78,1311.89,1298.03,1307.91,3435639.0
1666108800,1307.91,1312.56,1306.43,1310.25,1579984.0
1666112400,1310.26,1312.5,1306.2,1309.13,589387.0
1666116000,1309.1,1310.31,1290.6,1293.91,1937645.0
1666119600,1293.89,1300.85,1286.66,1300.84,1519481.0
1666123200,1300.83,1320.52,1298.5,1314.2,1893151.0
1666126800,1314.2,1315.57,1306.67,1310.49,584234.0
1666130400,1310.41,1314.6,1307.01,1312.69,496568.0
1666134000,1312.69,1315.94,1307.78,1310.61,679004.0
1666137600,1310.61,1313.38,1298.88,1301.31,1090407.0
1666141200,1301.3,1308.74,1298.2,1306.5,1026501.0
1666144800,1306.5,1307.93,1302.55,1306.16,600490.0
1666148400,1306.16,1307.36,1301.79,1305.11,431391.0
1666152000,1305.1,1305.54,1300.5,1303.55,539108.0
1666155600,1303.55,1306.48,1298.2,1301.69,885915.0
1666159200,1301.69,1303.6,1292.28,1294.56,1302777.0
1666162800,1294.56,1301.55,1293.0,1299.9,841822.0
1666166400,1299.91,1301.32,1294.18,1299.6,662225.0
1666170000,1299.6,1307.7,1299.26,1306.4,1160980.0
1666173600,1306.41,1307.99,1299.74,1300.93,912309.0
1666177200,1300.93,1301.64,1293.5,1300.44,1192547.0
1666180800,1300.45,1300.94,1295.0,1299.37,789301.0
1666184400,1299.38,1305.95,1291.0,1293.42,1855467.0
1666188000,1293.42,1302.55,1289.0,1296.58,1656774.0
1666191600,1296.56,1308.69,1296.02,1304.56,1194280.0
1666195200,1304.53,1305.58,1296.58,1298.27,873955.0
1666198800,1298.28,1298.88,1293.0,1295.87,789000.0
1666202400,1295.87,1298.7,1293.22,1296.35,345786.0
1666206000,1296.35,1298.49,1292.58,1297.12,450710.0
1666209600,1297.11,1299.09,1286.67,1294.57,917329.0
1666213200,1294.55,1296.4,1291.57,1294.58,334690.0
1666216800,1294.59,1294.79,1278.5,1286.64,1297583.0
1666220400,1286.63,1289.5,1280.6,1285.25,743838.0
1666224000,1285.24,1288.26,1270.0,1277.03,2379312.0
1666227600,1277.03,1281.75,1273.5,1279.84,1059670.0
1666231200,1279.84,1282.71,1277.54,1281.99,513954.0
1666234800,1281.98,1282.63,1276.83,1280.2,826598.0
1666238400,1280.2,1292.0,1279.86,1290.81,1474687.0
1666242000,1290.86,1296.16,1289.5,1292.3,1087671.0
1666245600,1292.39,1293.65,1288.47,1291.28,653290.0
1666249200,1291.22,1294.1,1288.5,1292.29,533091.0
1666252800,1292.3,1294.85,1290.3,1291.28,488972.0
1666256400,1291.32,1296.52,1289.51,1296.42,644091.0
1666260000,1296.41,1301.83,1293.0,1299.09,1384420.0
1666263600,1299.08,1302.49,1298.08,1299.54,769903.0
1666267200,1299.53,1303.99,1292.04,1292.12,1830546.0
1666270800,1292.12,1301.53,1290.6,1297.69,1870200.0
1666274400,1297.69,1311.0,1297.66,1306.05,2361913.0
1666278000,1306.06,1307.86,1298.73,1299.81,887848.0
1666281600,1299.81,1299.81,1287.09,1290.79,2163191.0
1666285200,1290.81,1290.81,1282.87,1285.0,1374442.0
1666288800,1284.99,1290.65,1277.6,1288.8,1939185.0
1666292400,1288.8,1290.98,1282.52,1284.83,693752.0
1666296000,1284.75,1286.89,1272.0,1282.85,1488833.0
1666299600,1282.93,1288.53,1279.03,1285.0,437061.0
1666303200,1285.01,1286.79,1279.41,1283.47,429205.0
1666306800,1283.33,1285.0,1278.42,1283.08,452850.0
1666310400,1283.09,1286.66,1278.88,1284.81,809026.0
1666314000,1284.81,1288.25,1282.43,1286.6,562494.0
1666317600,1286.53,1291.8,1285.99,1290.0,738704.0
1666321200,1290.0,1292.83,1286.69,1287.63,540310.0
1666324800,1287.64,1290.96,1284.53,1288.08,839999.0
1666328400,1288.09,1290.29,1286.54,1287.91,482439.0
1666332000,1287.91,1291.01,1284.71,1285.41,542238.0
1666335600,1285.41,1290.35,1282.55,1284.83,986475.0
1666339200,1284.83,1285.34,1274.13,1278.61,1968804.0
1666342800,1278.61,1282.37,1272.92,1280.51,1310094.0
1666346400,1280.5,1281.98,1277.5,1281.5,461872.0
1666350000,1281.49,1281.55,1274.81,1275.66,718074.0
1666353600,1275.65,1276.0,1252.0,1269.73,4908596.0
1666357200,1269.73,1285.94,1268.33,1285.49,4295170.0
1666360800,1285.5,1290.6,1275.0,1279.77,3090849.0
1666364400,1279.77,1297.79,1277.12,1297.49,2278799.0
1666368000,1297.5,1302.68,1295.14,1296.91,3042458.0
1666371600,1296.8,1304.31,1294.5,1298.56,1693605.0
1666375200,1298.5,1303.5,1295.0,1295.93,816684.0
1666378800,1295.93,1306.57,1295.12,1303.11,831255.0
1666382400,1303.11,1307.2,1300.28,1302.52,695484.0
1666386000,1302.52,1302.9,1297.23,1298.85,311777.0
1666389600,1298.86,1301.72,1298.02,1301.5,212259.0
1666393200,1301.56,1302.0,1298.42,1299.56,244636.0
1666396800,1299.63,1303.07,1298.42,1301.97,370351.0
1666400400,1301.96,1304.76,1298.66,1298.9,481359.0
1666404000,1298.9,1300.65,1294.75,1296.03,551203.0
1666407600,1296.03,1299.49,1294.11,1299.0,430366.0
1666411200,1299.0,1300.5,1297.0,1297.42,321172.0
1666414800,1297.42,1297.97,1295.0,1296.64,264103.0
1666418400,1296.64,1298.98,1296.31,1297.81,231237.0
1666422000,1297.82,1300.88,1297.81,1299.49,368508.0
1666425600,1299.49,1302.78,1299.48,1300.6,629902.0
1666429200,1300.6,1302.78,1299.55,1299.72,303226.0
1666432800,1299.72,1305.3,1299.33,1304.17,515681.0
1666436400,1304.16,1308.0,1303.1,1305.5,793175.0
1666440000,1305.49,1310.0,1302.53,1305.93,1041397.0
1666443600,1305.94,1316.0,1305.93,1310.24,2013471.0
1666447200,1310.24,1315.43,1310.23,1315.41,719944.0
1666450800,1315.41,1319.0,1312.75,1315.98,995449.0
1666454400,1315.99,1320.6,1312.8,1314.74,946447.0
1666458000,1314.73,1315.22,1310.59,1311.2,454511.0
1666461600,1311.21,1311.85,1306.18,1311.5,660312.0
1666465200,1311.5,1314.97,1310.51,1314.29,322705.0
1666468800,1314.28,1316.63,1312.1,1315.98,204320.0
1666472400,1315.96,1318.0,1311.83,1316.99,380216.0
1666476000,1316.99,1317.68,1313.5,1315.1,261124.0
1666479600,1315.05,1316.83,1312.44,1313.51,341497.0
1666483200,1313.5,1313.93,1309.21,1311.19,446929.0
1666486800,1311.19,1312.07,1306.66,1308.9,521116.0
1666490400,1308.9,1314.37,1308.42,1312.25,608913.0
1666494000,1312.25,1315.0,1311.18,1313.15,346019.0
1666497600,1313.15,1314.7,1308.57,1309.69,532622.0
1666501200,1309.69,1311.61,1308.0,1308.89,368564.0
1666504800,1308.89,1310.58,1306.95,1309.52,523066.0
1666508400,1309.4,1310.07,1307.63,1309.67,404454.0
1666512000,1309.67,1312.0,1308.8,1311.86,384944.0
1666515600,1311.86,1312.11,1308.62,1309.94,301495.0
1666519200,1309.94,1310.2,1307.5,1309.75,318867.0
1666522800,1309.75,1309.76,1301.0,1304.27,1430001.0
1666526400,1304.27,1309.89,1299.0,1307.25,1145662.0
1666530000,1307.16,1309.86,1305.59,1308.5,512821.0
1666533600,1308.51,1312.69,1308.4,1311.04,719339.0
1666537200,1311.04,1316.74,1311.04,1313.8,883402.0
1666540800,1313.8,1314.98,1311.01,1312.15,445906.0
1666544400,1312.15,1330.38,1310.9,1328.18,2258263.0
1666548000,1328.18,1334.92,1324.73,1329.29,1636897.0
1666551600,1329.3,1333.38,1329.29,1330.53,375578.0
1666555200,1330.54,1336.9,1328.54,1329.95,613311.0
1666558800,1329.95,1338.0,1329.23,1336.29,673444.0
1666562400,1336.3,1372.35,1336.12,1365.09,4969431.0
1666566000,1365.09,1368.0,1359.03,1363.79,1293245.0
1666569600,1363.78,1370.95,1358.01,1360.95,1632456.0
1666573200,1360.94,1362.64,1352.25,1354.9,1324747.0
1666576800,1354.82,1358.75,1351.11,1352.51,679286.0
1666580400,1352.51,1354.37,1344.0,1348.2,1512897.0
1666584000,1348.19,1348.45,1340.7,1348.17,1197551.0
1666587600,1348.17,1348.17,1339.0,1343.4,1139396.0
1666591200,1343.4,1346.76,1336.6,1338.91,1064819.0
1666594800,1338.91,1344.99,1333.0,1337.29,2034247.0
1666598400,1337.29,1339.46,1332.14,1337.93,996966.0
1666602000,1337.94,1347.09,1336.03,1345.55,1186314.0
1666605600,1345.56,1352.79,1344.19,1349.89,1579514.0
1666609200,1349.89,1354.28,1346.04,1353.03,1012663.0
1666612800,1353.03,1353.73,1342.3,1349.04,1291982.0
1666616400,1349.04,1351.54,1340.1,1347.99,2439492.0
1666620000,1347.99,1348.12,1323.0,1334.13,4329965.0
1666623600,1334.13,1342.0,1332.3,1340.98,1542378.0
1666627200,1341.05,1342.99,1334.33,1335.06,962583.0
1666630800,1335.03,1337.44,1330.56,1334.6,691541.0
1666634400,1334.6,1342.67,1334.25,1341.73,646520.0
1666638000,1341.84,1353.0,1341.71,1344.72,1282404.0
1666641600,1344.72,1352.2,1343.33,1350.77,716878.0
1666645200,1350.77,1360.0,1345.53,1348.8,1153305.0
1666648800,1348.8,1349.73,1340.31,1346.49,442296.0
1666652400,1346.48,1347.36,1342.35,1343.5,364982.0
1666656000,1343.44,1345.68,1339.1,1342.28,702909.0
1666659600,1342.27,1342.86,1334.6,1340.01,914778.0
1666663200,1340.08,1342.18,1337.5,1341.17,431979.0
1666666800,1341.18,1349.79,1341.0,1347.69,1030742.0
1666670400,1347.69,1351.65,1345.0,1346.57,636988.0
1666674000,1346.57,1349.99,1343.61,1349.95,714362.0
1666677600,1349.95,1351.97,1346.78,1347.54,795359.0
1666681200,1347.54,1349.64,1345.0,1347.2,621864.0
1666684800,1347.2,1349.5,1342.1,1344.15,680079.0
1666688400,1344.15,1347.78,1342.39,1344.07,707839.0
1666692000,1344.07,1346.0,1339.1,1345.5,897711.0
1666695600,1345.5,1349.9,1343.0,1347.12,684064.0
1666699200,1347.13,1357.28,1346.24,1353.79,1453979.0
1666702800,1353.77,1388.0,1353.68,1381.39,6993466.0
1666706400,1381.36,1388.0,1376.11,1380.98,2981447.0
1666710000,1380.97,1418.0,1380.83,1407.85,7990008.0
1666713600,1407.86,1433.31,1404.14,1427.94,4337287.0
1666717200,1427.94,1544.56,1427.64,1482.24,10625555.0
1666720800,1482.23,1527.0,1474.03,1495.28,4849518.0
1666724400,1495.28,1508.49,1483.16,1493.26,2256945.0
1666728000,1493.67,1495.75,1452.76,1473.89,3810360.0
1666731600,1474.08,1493.12,1465.1,1482.1,1046181.0
1666735200,1482.35,1482.98,1446.6,1458.23,1617459.0
1666738800,1458.22,1465.0,1456.18,1460.3,919074.0
1666742400,1460.3,1474.7,1457.22,1471.96,1670389.0
1666746000,1471.96,1487.4,1460.1,1480.36,1706920.0
1666749600,1480.37,1492.3,1476.14,1485.4,1473369.0
1666753200,1485.47,1499.83,1479.29,1486.39,1692520.0
1666756800,1486.4,1489.35,1475.5,1480.27,1453374.0
1666760400,1480.27,1485.0,1477.32,1484.19,846626.0
1666764000,1484.19,1500.0,1482.0,1497.27,2444856.0
1666767600,1497.28,1523.99,1492.0,1514.92,4100093.0
1666771200,1514.92,1559.32,1508.45,1536.85,6221905.0
1666774800,1536.86,1540.63,1528.05,1530.73,1871468.0
1666778400,1530.73,1542.21,1523.0,1537.93,1393295.0
1666782000,1537.84,1550.0,1526.0,1528.76,1681534.0
1666785600,1528.75,1529.63,1511.0,1524.79,2552611.0
1666789200,1524.79,1542.91,1509.36,1529.51,3702612.0
1666792800,1529.51,1596.0,1529.51,1575.12,10019898.0
1666796400,1575.12,1581.94,1560.0,1567.83,2555574.0
1666800000,1567.88,1571.76,1543.78,1547.58,2782799.0
1666803600,1547.58,1563.64,1541.13,1562.14,1988923.0
1666807200,1562.15,1572.82,1551.0,1553.74,1548363.0
1666810800,1553.99,1568.36,1547.19,1564.63,956464.0
1666814400,1564.63,1580.0,1544.04,1553.14,2271564.0
1666818000,1553.14,1557.01,1548.15,1550.65,365814.0
1666821600,1550.68,1577.88,1542.16,1568.49,1864153.0
1666825200,1568.5,1585.51,1561.77,1566.17,1562246.0
1666828800,1565.99,1578.46,1556.25,1560.24,1288202.0
1666832400,1560.25,1569.8,1556.32,1561.47,903253.0
1666836000,1561.46,1570.69,1547.0,1548.91,1261061.0
1666839600,1548.91,1558.24,1532.0,1555.19,2514161.0
1666843200,1555.18,1569.97,1549.63,1561.68,1021005.0
1666846800,1561.69,1572.0,1560.12,1562.78,967652.0
1666850400,1562.79,1567.85,1552.55,1553.9,1115883.0
1666854000,1553.82,1562.45,1551.0,1557.0,992292.0
1666857600,1556.93,1560.1,1548.0,1554.0,1226290.0
1666861200,1554.0,1554.01,1541.8,1549.6,1235378.0
1666864800,1549.6,1550.39,1533.78,1541.51,1454113.0
1666868400,1541.51,1560.43,1540.76,1551.14,1942456.0
1666872000,1551.14,1580.0,1535.0,1571.01,5951853.0
1666875600,1571.0,1577.72,1533.01,1543.66,4101077.0
1666879200,1543.66,1567.0,1539.72,1547.51,3278170.0
1666882800,1547.48,1559.18,1542.0,1544.18,1731224.0
1666886400,1544.17,1551.37,1539.34,1549.38,1242792.0
1666890000,1549.38,1561.98,1546.24,1551.79,1058454.0
1666893600,1551.79,1558.0,1549.19,1555.94,408608.0
1666897200,1555.94,1565.9,1555.89,1562.28,663062.0
1666900800,1562.38,1563.59,1506.72,1527.23,5231463.0
1666904400,1527.23,1529.44,1514.39,1524.14,983409.0
1666908000,1524.1,1528.44,1509.51,1517.35,1347687.0
1666911600,1517.43,1519.46,1502.0,1514.26,1615260.0
1666915200,1514.27,1523.67,1500.0,1519.46,2149548.0
1666918800,1519.45,1525.87,1514.01,1524.99,947672.0
1666922400,1525.0,1525.0,1495.0,1501.53,2554290.0
1666926000,1501.53,1509.49,1499.08,1508.12,1156629.0
1666929600,1508.12,1510.66,1505.43,1508.28,657112.0
1666933200,1508.28,1516.89,1501.69,1516.06,1201093.0
1666936800,1516.04,1520.0,1509.46,1511.18,767754.0
1666940400,1511.2,1512.8,1488.0,1494.02,3293381.0
1666944000,1494.09,1504.83,1484.0,1502.35,2416423.0
1666947600,1502.36,1509.22,1497.3,1506.75,1051175.0
1666951200,1506.75,1510.0,1493.05,1500.82,1310264.0
1666954800,1500.83,1504.31,1493.6,1498.15,846458.0
1666958400,1498.15,1518.65,1475.22,1511.07,4508541.0
1666962000,1511.07,1553.29,1509.14,1540.17,5112798.0
1666965600,1540.17,1544.67,1520.05,1532.37,3781885.0
1666969200,1532.37,1539.0,1527.23,1537.71,1284308.0
1666972800,1537.73,1574.0,1533.0,1567.37,4624907.0
1666976400,1567.37,1568.25,1552.0,1552.83,1773715.0
1666980000,1552.83,1558.5,1548.2,1557.31,1052331.0
1666983600,1557.3,1559.3,1546.5,1557.56,758147.0
1666987200,1557.56,1579.0,1557.16,1559.9,1437695.0
1666990800,1559.9,1564.94,1551.94,1555.64,439243.0
1666994400,1555.64,1562.57,1551.81,1558.73,412615.0
1666998000,1558.73,1558.91,1553.19,1554.58,352561.0
1667001600,1554.57,1557.6,1547.21,1553.51,766646.0
1667005200,1553.51,1556.52,1552.04,1553.37,359610.0
1667008800,1553.39,1578.47,1552.44,1572.07,1935777.0
1667012400,1572.07,1595.27,1569.07,1589.54,2986422.0
1667016000,1589.55,1591.82,1577.5,1581.35,1035565.0
1667019600,1581.34,1609.2,1575.0,1580.73,2589013.0
1667023200,1580.72,1590.7,1580.04,1583.44,822758.0
1667026800,1583.44,1595.8,1580.78,1594.71,1144428.0
1667030400,1594.7,1641.0,1590.3,1628.99,5945057.0
1667034000,1628.99,1636.96,1625.0,1632.01,1365976.0
1667037600,1632.01,1654.27,1620.0,1622.54,3923636.0
1667041200,1622.53,1625.67,1610.01,1615.4,2063665.0
1667044800,1615.41,1630.0,1613.35,1625.87,1613987.0
1667048400,1625.87,1627.35,1608.09,1624.41,1873285.0
1667052000,1624.41,1644.88,1615.5,1618.73,3150673.0
1667055600,1618.72,1642.23,1615.81,1633.03,2488535.0
1667059200,1633.04,1649.0,1626.66,1632.61,2249049.0
1667062800,1632.61,1665.0,1620.64,1627.16,3382086.0
1667066400,1627.16,1636.77,1618.86,1629.97,1820806.0
1667070000,1629.97,1630.6,1617.24,1623.31,802428.0
1667073600,1623.32,1632.51,1620.27,1626.47,699348.0
1667077200,1626.48,1632.15,1624.8,1625.63,274914.0
1667080800,1625.56,1628.43,1603.0,1610.84,1226986.0
1667084400,1610.83,1622.0,1606.95,1619.65,627447.0
1667088000,1619.73,1624.83,1606.58,1608.51,864464.0
1667091600,1608.52,1616.63,1606.17,1615.85,731269.0
1667095200,1615.85,1620.73,1609.89,1616.99,751701.0
1667098800,1616.99,1624.66,1616.78,1622.55,702161.0
1667102400,1622.39,1624.94,1618.29,1618.29,384584.0
1667106000,1618.29,1628.17,1618.0,1625.55,669257.0
1667109600,1625.54,1639.35,1621.6,1634.28,1420222.0
1667113200,1634.28,1640.85,1626.01,1629.07,1019740.0
1667116800,1629.07,1630.0,1612.16,1616.2,1392792.0
1667120400,1616.19,1620.92,1593.0,1598.04,2383209.0
1667124000,1598.03,1603.26,1591.55,1597.0,1625953.0
1667127600,1597.01,1609.34,1592.5,1605.08,1144626.0
1667131200,1605.07,1607.73,1585.01,1599.51,1643290.0
1667134800,1599.51,1601.48,1576.0,1586.05,2140697.0
1667138400,1586.04,1599.5,1583.17,1598.72,1042627.0
1667142000,1598.71,1599.67,1585.0,1587.45,947683.0
1667145600,1587.44,1597.0,1577.45,1582.71,1452425.0
1667149200,1582.66,1588.5,1576.0,1587.51,1062128.0
1667152800,1587.5,1592.5,1582.92,1589.72,533835.0
1667156400,1589.74,1593.98,1585.27,1587.23,390215.0
1667160000,1587.22,1597.9,1586.5,1594.34,433584.0
1667163600,1594.6,1598.75,1591.0,1595.54,264459.0
1667167200,1595.55,1596.33,1576.59,1586.99,991653.0
1667170800,1586.93,1592.9,1581.08,1590.7,655431.0
1667174400,1590.69,1597.0,1579.65,1583.47,1082417.0
1667178000,1583.46,1588.33,1565.0,1574.01,1715011.0
1667181600,1574.0,1577.8,1561.43,1573.87,1455451.0
1667185200,1573.86,1584.91,1573.01,1582.55,1112394.0
1667188800,1582.55,1592.0,1581.44,1589.18,948573.0
1667192400,1589.18,1596.5,1587.47,1589.13,1063985.0
1667196000,1589.13,1592.66,1579.0,1587.33,1211500.0
1667199600,1587.37,1592.43,1580.0,1591.41,717915.0
1667203200,1591.43,1591.99,1578.34,1582.58,1182729.0
1667206800,1582.58,1623.72,1579.43,1620.72,3100871.0
1667210400,1620.73,1631.0,1615.0,1623.0,2355631.0
1667214000,1622.86,1636.09,1620.13,1621.58,1847383.0
1667217600,1621.58,1625.0,1609.3,1617.75,1900736.0
1667221200,1617.67,1626.0,1555.45,1559.09,5164298.0
1667224800,1559.09,1574.96,1545.0,1556.89,5665830.0
1667228400,1556.89,1578.88,1551.03,1569.31,2741903.0
1667232000,1569.41,1585.0,1555.66,1563.77,3015969.0
1667235600,1563.75,1570.7,1557.78,1562.67,1094612.0
1667239200,1562.68,1577.15,1561.03,1571.27,737006.0
1667242800,1571.41,1571.85,1560.63,1563.71,585716.0
1667246400,1563.73,1570.38,1557.33,1564.43,526982.0
1667250000,1564.43,1566.84,1557.33,1557.61,314826.0
1667253600,1557.61,1571.43,1549.76,1565.87,1346186.0
1667257200,1565.83,1577.97,1564.49,1572.71,680668.0
1667260800,1572.68,1576.76,1568.61,1569.95,894995.0
1667264400,1569.95,1584.5,1569.53,1580.97,1015195.0
1667268000,1580.99,1601.5,1578.0,1598.3,1854041.0
1667271600,1598.29,1604.99,1583.5,1586.49,1722997.0
1667275200,1586.48,1594.05,1580.0,1589.53,1133351.0
1667278800,1589.54,1596.55,1584.9,1588.77,951174.0
1667282400,1588.78,1603.09,1586.8,1595.63,1395734.0
1667286000,1595.43,1599.72,1585.33,1591.01,1107613.0
1667289600,1591.01,1595.78,1585.98,1588.0,741906.0
1667293200,1587.93,1614.92,1586.0,1597.75,2319074.0
1667296800,1597.76,1610.64,1591.59,1606.57,1440843.0
1667300400,1606.58,1607.2,1581.55,1590.0,1965535.0
1667304000,1590.0,1598.81,1585.58,1596.95,1106318.0
1667307600,1596.89,1597.99,1570.82,1578.37,2639015.0
1667311200,1578.37,1580.32,1563.58,1569.44,2913820.0
1667314800,1569.43,1575.88,1567.01,1574.27,913846.0
1667318400,1574.27,1584.84,1568.0,1572.69,1561035.0
1667322000,1572.68,1578.4,1568.52,1578.39,510771.0
1667325600,1578.39,1586.53,1576.48,1583.94,633897.0
1667329200,1583.93,1586.84,1575.67,1576.61,473992.0
1667332800,1576.7,1578.92,1572.74,1575.67,262636.0
1667336400,1575.67,1581.58,1568.71,1572.36,240799.0
1667340000,1572.4,1580.0,1569.07,1578.68,567803.0
1667343600,1578.68,1583.2,1576.63,1578.66,510966.0
1667347200,1578.8,1593.0,1572.3,1587.48,1242206.0
1667350800,1587.48,1591.68,1585.24,1586.04,541116.0
1667354400,1586.04,1592.83,1578.3,1589.41,1082349.0
1667358000,1589.42,1595.87,1588.33,1590.51,917387.0
1667361600,1590.51,1595.45,1587.52,1590.24,789772.0
1667365200,1590.26,1601.1,1585.51,1586.28,1308501.0
1667368800,1586.27,1588.76,1583.07,1587.61,586751.0
1667372400,1587.61,1589.36,1553.94,1564.43,3147823.0
1667376000,1564.43,1574.5,1560.73,1574.41,1038656.0
1667379600,1574.41,1579.27,1558.0,1558.95,1707871.0
1667383200,1559.08,1559.33,1535.28,1548.42,3248710.0
1667386800,1548.42,1558.5,1548.4,1555.77,1252897.0
1667390400,1555.77,1560.01,1545.0,1553.7,1461974.0
1667394000,1553.56,1557.99,1547.17,1553.0,1118459.0
1667397600,1553.14,1567.95,1551.9,1559.94,1438642.0
1667401200,1559.94,1561.43,1555.5,1558.51,493160.0
1667404800,1558.5,1576.6,1550.0,1571.06,1650993.0
1667408400,1571.06,1572.74,1547.04,1560.89,1829872.0
1667412000,1560.88,1621.67,1522.0,1563.28,15095695.0
1667415600,1563.25,1588.91,1525.01,1536.27,5787285.0
1667419200,1536.24,1538.0,1502.77,1511.44,3138374.0
1667422800,1511.44,1514.52,1502.0,1514.33,938767.0
1667426400,1514.32,1516.23,1506.36,1511.42,758474.0
1667430000,1511.41,1524.1,1508.0,1518.09,784577.0
1667433600,1518.08,1537.0,1515.15,1531.25,1281427.0
1667437200,1531.26,1547.84,1529.02,1542.99,1495651.0
1667440800,1542.99,1549.98,1541.67,1543.32,966101.0
1667444400,1543.33,1556.57,1543.33,1547.32,1131759.0
1667448000,1547.33,1558.71,1547.33,1552.99,1053588.0
1667451600,1552.99,1554.12,1548.36,1551.45,613221.0
1667455200,1551.46,1552.41,1545.8,1547.25,568587.0
1667458800,1547.25,1555.32,1541.63,1544.02,1011043.0
1667462400,1544.08,1549.0,1537.6,1544.01,970829.0
1667466000,1544.01,1557.43,1543.64,1552.69,953464.0
1667469600,1552.68,1555.42,1542.57,1544.31,677613.0
1667473200,1544.32,1544.82,1522.94,1532.26,2182268.0
1667476800,1532.25,1539.44,1521.59,1530.21,1747997.0
1667480400,1530.45,1541.0,1525.0,1526.11,1819560.0
1667484000,1526.11,1556.76,1525.24,1551.73,3288675.0
1667487600,1551.72,1554.91,1536.53,1543.02,1531444.0
1667491200,1543.03,1549.49,1539.1,1546.84,811397.0
1667494800,1546.85,1547.79,1540.58,1541.0,412905.0
1667498400,1541.0,1547.44,1538.3,1545.27,371383.0
1667502000,1545.15,1548.54,1541.0,1544.34,328360.0
1667505600,1544.36,1544.76,1538.72,1540.97,346272.0
1667509200,1540.97,1544.22,1539.47,1543.47,122975.0
1667512800,1543.47,1543.99,1524.0,1531.21,1345654.0
1667516400,1531.26,1534.19,1525.56,1530.9,628510.0
1667520000,1530.89,1540.91,1528.35,1538.75,847520.0
1667523600,1538.76,1543.89,1536.2,1538.56,535086.0
1667527200,1538.57,1544.78,1537.71,1541.05,551216.0
1667530800,1541.05,1549.69,1537.67,1548.65,722384.0
1667534400,1548.65,1551.64,1546.23,1550.93,730219.0
1667538000,1550.94,1566.25,1547.54,1561.68,1615383.0
1667541600,1561.69,1588.63,1560.52,1581.96,3151078.0
1667545200,1581.97,1587.43,1574.13,1586.99,1497357.0
1667548800,1587.0,1588.65,1578.4,1579.06,1045901.0
1667552400,1579.06,1585.68,1577.43,1579.67,804489.0
1667556000,1579.67,1600.0,1575.38,1595.0,1422804.0
1667559600,1595.01,1595.04,1576.36,1577.24,1364302.0
1667563200,1577.25,1611.97,1553.8,1609.97,6693236.0
1667566800,1609.87,1625.0,1606.0,1616.31,4604697.0
1667570400,1616.49,1680.0,1613.41,1660.77,6972904.0
1667574000,1660.77,1663.94,1624.3,1625.76,3682928.0
1667577600,1625.76,1630.96,1607.88,1622.3,3891600.0
1667581200,1622.11,1629.17,1612.4,1622.79,1353865.0
1667584800,1622.78,1647.83,1617.67,1637.3,1579258.0
1667588400,1637.43,1648.8,1634.3,1647.97,1064317.0
1667592000,1647.97,1650.0,1639.48,1645.48,703263.0
1667595600,1645.48,1651.95,1640.0,1648.54,361308.0
1667599200,1648.55,1654.0,1643.44,1649.43,681345.0
1667602800,1649.44,1652.67,1641.9,1644.82,455273.0
1667606400,1644.95,1668.18,1635.31,1658.08,1780366.0
1667610000,1658.09,1659.44,1649.0,1653.73,708512.0
1667613600,1653.81,1655.47,1646.68,1649.07,477331.0
1667617200,1649.08,1655.66,1643.1,1647.0,959388.0
1667620800,1646.99,1650.94,1643.58,1643.58,471573.0
1667624400,1643.58,1650.24,1643.5,1646.62,352420.0
1667628000,1646.62,1660.0,1645.12,1653.36,841289.0
1667631600,1653.37,1654.68,1649.31,1651.34,470957.0
1667635200,1651.34,1652.13,1637.22,1643.34,1327761.0
1667638800,1643.34,1645.49,1636.0,1641.02,632040.0
1667642400,1641.02,1643.1,1638.3,1641.73,337290.0
1667646000,1641.72,1651.0,1641.05,1649.53,789676.0
1667649600,1649.5,1650.46,1640.05,1641.09,689631.0
1667653200,1641.17,1643.58,1632.0,1635.39,973901.0
1667656800,1635.38,1640.0,1623.41,1629.43,1316242.0
1667660400,1629.43,1641.78,1628.0,1635.94,869717.0
1667664000,1635.95,1642.93,1635.15,1637.25,592121.0
1667667600,1637.2,1638.84,1631.79,1636.67,497401.0
1667671200,1636.72,1638.31,1625.0,1630.32,506590.0
1667674800,1630.36,1633.99,1628.34,1633.44,259945.0
1667678400,1633.44,1634.64,1628.45,1631.61,201389.0
1667682000,1631.61,1633.87,1629.29,1632.47,131790.0
1667685600,1632.53,1635.4,1629.16,1632.4,220661.0
1667689200,1632.4,1635.33,1621.0,1627.1,649711.0
1667692800,1627.11,1634.18,1623.0,1629.82,769356.0
1667696400,1629.82,1633.52,1613.19,1614.33,1035118.0
1667700000,1614.34,1620.91,1612.0,1616.88,899319.0
1667703600,1616.88,1622.88,1611.26,1621.59,844833.0
1667707200,1621.58,1622.75,1617.57,1619.49,304277.0
1667710800,1619.52,1620.81,1614.34,1616.1,441120.0
1667714400,1616.1,1618.64,1614.67,1617.27,303304.0
1667718000,1617.3,1624.0,1614.7,1622.69,572943.0
1667721600,1622.69,1640.01,1620.99,1631.66,1568999.0
1667725200,1631.67,1635.34,1627.38,1628.21,639380.0
1667728800,1628.21,1631.48,1626.11,1629.11,416453.0
1667732400,1629.11,1629.9,1607.39,1620.39,1896904.0
1667736000,1620.4,1625.35,1616.0,1618.2,651901.0
1667739600,1618.2,1623.38,1615.22,1621.65,469603.0
1667743200,1621.64,1631.88,1617.43,1626.22,845739.0
1667746800,1626.23,1635.0,1622.94,1623.67,767179.0
1667750400,1623.66,1625.85,1609.0,1622.0,1902242.0
1667754000,1621.9,1623.01,1612.51,1616.07,667882.0
1667757600,1615.91,1616.08,1603.0,1610.58,1020196.0
1667761200,1610.57,1613.45,1604.6,1610.46,446682.0
1667764800,1610.46,1612.39,1605.0,1612.22,374047.0
1667768400,1612.21,1613.9,1603.08,1604.06,363656.0
1667772000,1603.81,1608.2,1590.08,1601.75,1299578.0
1667775600,1601.74,1603.37,1562.0,1568.29,3074503.0
1667779200,1568.3,1581.38,1564.2,1573.5,1736065.0
1667782800,1573.5,1585.49,1567.71,1582.32,1355040.0
1667786400,1582.32,1595.29,1581.66,1592.7,1304029.0
1667790000,1592.71,1592.98,1583.55,1587.64,823720.0
1667793600,1587.65,1587.99,1575.76,1587.82,805852.0
1667797200,1587.83,1594.8,1584.71,1587.82,953678.0
1667800800,1587.82,1589.8,1574.54,1575.68,1139029.0
1667804400,1575.68,1576.23,1545.0,1549.85,3473073.0
1667808000,1549.84,1569.76,1546.0,1567.94,1899448.0
1667811600,1567.95,1576.89,1564.0,1564.0,1459232.0
1667815200,1564.0,1584.56,1563.81,1578.64,1441216.0
1667818800,1578.64,1582.28,1575.52,1580.51,557482.0
1667822400,1580.51,1586.01,1576.11,1585.04,930584.0
1667826000,1585.04,1589.8,1575.25,1579.07,1244496.0
1667829600,1579.2,1584.7,1566.79,1572.59,1787662.0
1667833200,1572.59,1593.38,1572.25,1592.06,1532903.0
1667836800,1592.07,1597.84,1577.8,1578.02,1743474.0
1667840400,1578.02,1585.97,1577.0,1585.38,574101.0
1667844000,1585.46,1595.0,1585.26,1588.69,780694.0
1667847600,1588.7,1609.0,1588.33,1600.76,1336231.0
1667851200,1600.76,1607.8,1598.46,1601.28,591036.0
1667854800,1601.27,1604.28,1573.38,1575.35,1269568.0
1667858400,1575.45,1575.46,1546.0,1559.37,2619641.0
1667862000,1559.36,1569.9,1559.0,1567.74,1177446.0
1667865600,1567.74,1574.51,1558.7,1561.77,1067718.0
1667869200,1561.78,1576.86,1559.52,1571.54,810508.0
1667872800,1571.54,1574.9,1536.0,1538.26,2082647.0
1667876400,1538.23,1545.86,1502.5,1507.06,5852731.0
1667880000,1507.06,1514.0,1455.0,1465.18,8308236.0
1667883600,1465.18,1475.86,1430.0,1470.44,5868750.0
1667887200,1470.44,1489.99,1466.3,1484.81,2259575.0
1667890800,1484.79,1497.85,1476.53,1491.44,1985715.0
1667894400,1491.44,1492.78,1481.22,1486.15,1384377.0
1667898000,1486.14,1494.25,1478.0,1489.64,1083730.0
1667901600,1489.63,1489.93,1476.0,1479.51,971548.0
1667905200,1479.51,1486.46,1468.0,1477.1,1546281.0
1667908800,1477.1,1487.67,1471.18,1479.17,1159456.0
1667912400,1479.17,1480.0,1456.12,1462.68,1693874.0
1667916000,1462.69,1474.98,1425.0,1444.99,6206392.0
1667919600,1444.99,1462.99,1426.03,1462.55,3953492.0
1667923200,1462.55,1580.0,1454.41,1545.88,14564728.0
1667926800,1545.8,1555.0,1441.0,1446.83,8801085.0
1667930400,1447.01,1468.2,1339.32,1345.59,15655130.0
1667934000,1345.59,1358.83,1202.0,1313.69,16474899.0
1667937600,1313.68,1335.78,1279.0,1310.04,5575264.0
1667941200,1309.99,1339.86,1299.24,1335.66,2364797.0
1667944800,1335.66,1338.33,1308.02,1318.14,1224345.0
1667948400,1318.14,1344.04,1313.21,1334.01,1654102.0
1667952000,1334.01,1337.12,1315.02,1317.03,1906864.0
1667955600,1317.04,1330.6,1311.0,1317.0,1866262.0
1667959200,1317.0,1328.59,1292.14,1294.45,2191573.0
1667962800,1294.44,1315.0,1283.19,1312.57,2861272.0
1667966400,1312.58,1319.0,1300.57,1304.13,1684725.0
1667970000,1304.12,1316.66,1285.82,1303.06,2445094.0
1667973600,1303.07,1308.97,1293.16,1294.55,1698045.0
1667977200,1294.54,1299.4,1266.0,1274.62,2984064.0
1667980800,1274.54,1277.12,1250.0,1263.91,4766381.0
1667984400,1263.92,1264.37,1193.2,1216.0,8643856.0
1667988000,1216.02,1228.47,1133.8,1194.0,12429563.0
1667991600,1194.1,1225.73,1176.74,1219.73,4750169.0
1667995200,1219.77,1249.0,1212.3,1227.45,6140165.0
1667998800,1227.45,1235.0,1192.0,1214.68,5623988.0
1668002400,1214.68,1246.42,1188.19,1225.98,5430831.0
1668006000,1225.99,1243.0,1146.0,1163.39,9046209.0
1668009600,1163.33,1200.0,1148.0,1174.19,6776047.0
1668013200,1174.38,1186.75,1152.54,1168.29,3589432.0
1668016800,1168.21,1178.17,1140.45,1163.91,4510709.0
1668020400,1164.2,1205.53,1162.18,1195.04,2878337.0
1668024000,1195.03,1199.4,1147.03,1164.64,3856969.0
1668027600,1164.64,1166.03,1100.67,1105.92,5877700.0
1668031200,1106.1,1133.78,1100.0,1117.58,1908560.0
1668034800,1117.57,1123.91,1071.34,1102.05,5762315.0
1668038400,1102.05,1146.0,1084.18,1143.69,4279985.0
1668042000,1143.57,1163.55,1128.84,1137.19,2871004.0
1668045600,1137.18,1150.0,1126.42,1149.68,1322806.0
1668049200,1149.79,1186.0,1144.65,1172.96,3394026.0
1668052800,1172.88,1182.26,1158.36,1174.99,1822481.0
1668056400,1174.98,1200.0,1174.68,1186.99,2508691.0
1668060000,1187.0,1195.0,1175.0,1176.16,1895956.0
1668063600,1176.17,1206.04,1172.0,1190.59,2816388.0
1668067200,1190.29,1219.78,1175.0,1215.57,3985776.0
1668070800,1215.68,1219.0,1205.1,1212.74,646909.0
1668074400,1212.74,1212.74,1175.0,1180.94,2358105.0
1668078000,1180.93,1195.58,1176.32,1187.02,1582429.0
1668081600,1187.02,1234.77,1185.61,1214.82,3613591.0
1668085200,1215.0,1326.67,1196.05,1299.23,10042166.0
1668088800,1299.22,1328.32,1275.01,1322.53,4731271.0
1668092400,1322.53,1344.0,1304.12,1319.9,4967551.0
1668096000,1320.1,1349.17,1305.0,1318.61,4413205.0
1668099600,1318.59,1322.15,1245.0,1257.15,5776191.0
1668103200,1257.01,1286.91,1249.66,1272.05,2741109.0
1668106800,1272.04,1297.24,1264.69,1290.72,1835136.0
1668110400,1290.72,1338.98,1282.49,1333.2,2128044.0
1668114000,1333.09,1343.27,1312.71,1324.06,1589675.0
1668117600,1324.06,1328.99,1306.57,1323.15,771561.0
1668121200,1323.16,1326.78,1285.27,1298.48,1518160.0
1668124800,1298.47,1305.57,1282.03,1296.81,1621196.0
1668128400,1296.8,1309.39,1253.0,1262.7,2694438.0
1668132000,1262.78,1272.15,1239.01,1252.69,2631777.0
1668135600,1252.49,1255.91,1221.0,1239.64,3202715.0
1668139200,1239.7,1249.8,1227.12,1236.08,1600567.0
1668142800,1236.08,1278.0,1233.09,1266.81,2992786.0
1668146400,1266.75,1276.43,1249.64,1265.42,2425766.0
1668150000,1265.42,1291.0,1255.0,1278.95,2420843.0
1668153600,1278.9,1295.0,1267.57,1280.51,2164104.0
1668157200,1280.33,1288.81,1271.17,1278.41,1549832.0
1668160800,1278.4,1282.57,1262.59,1277.56,1611442.0
1668164400,1277.56,1293.08,1268.0,1275.13,2149329.0
1668168000,1275.13,1292.99,1267.01,1289.61,1572907.0
1668171600,1289.6,1310.0,1278.66,1282.64,3185844.0
1668175200,1282.77,1302.88,1200.0,1261.3,13024693.0
1668178800,1261.44,1281.32,1240.8,1259.7,4125431.0
1668182400,1259.57,1264.92,1233.0,1250.44,2693391.0
1668186000,1250.43,1279.0,1246.97,1274.13,1702878.0
1668189600,1274.12,1287.0,1260.78,1264.0,1728418.0
1668193200,1264.08,1279.0,1246.84,1274.74,1576411.0
1668196800,1274.74,1276.37,1237.01,1246.07,1262462.0
1668200400,1246.1,1277.13,1245.56,1270.13,883616.0
1668204000,1270.11,1285.0,1267.43,1280.07,650079.0
1668207600,1280.08,1295.0,1270.39,1288.28,1022248.0
1668211200,1288.5,1291.74,1268.04,1275.7,939552.0
1668214800,1275.7,1279.77,1263.92,1272.7,843586.0
1668218400,1272.69,1289.71,1269.16,1275.71,992102.0
1668222000,1275.7,1278.72,1253.0,1259.37,1575863.0
1668225600,1259.23,1269.29,1251.01,1257.63,1422896.0
1668229200,1257.63,1258.75,1238.81,1247.58,2233163.0
1668232800,1247.58,1268.0,1243.3,1261.15,1481207.0
1668236400,1261.38,1276.87,1260.34,1265.72,1604568.0
1668240000,1265.82,1270.64,1249.18,1261.28,1730568.0
1668243600,1261.28,1268.0,1255.41,1261.53,970365.0
1668247200,1261.82,1277.0,1256.35,1259.7,1346998.0
1668250800,1259.69,1265.48,1252.0,1260.84,892284.0
1668254400,1260.67,1269.0,1252.8,1268.01,1084536.0
1668258000,1268.01,1269.28,1257.33,1265.23,770138.0
1668261600,1265.24,1285.88,1259.29,1275.49,1651257.0
1668265200,1275.49,1282.29,1270.0,1274.09,936372.0
1668268800,1274.16,1278.3,1267.0,1271.34,817918.0
1668272400,1271.33,1275.85,1267.45,1272.45,456957.0
1668276000,1272.54,1273.43,1262.03,1268.31,467158.0
1668279600,1268.51,1270.83,1264.2,1268.3,304091.0
1668283200,1268.05,1268.68,1264.27,1265.74,206871.0
1668286800,1265.59,1266.71,1251.05,1258.18,660757.0
1668290400,1258.18,1264.68,1255.65,1260.72,282989.0
1668294000,1260.73,1260.91,1246.38,1257.43,719597.0
1668297600,1257.44,1267.43,1253.72,1260.14,634721.0
1668301200,1260.13,1268.8,1259.06,1263.77,560808.0
1668304800,1263.85,1267.82,1260.34,1267.42,440831.0
1668308400,1267.42,1273.6,1264.18,1271.26,856489.0
1668312000,1271.26,1273.93,1264.0,1265.69,524193.0
1668315600,1265.69,1268.02,1263.88,1263.88,319877.0
1668319200,1263.88,1265.96,1248.0,1248.56,1482134.0
1668322800,1248.57,1256.33,1232.0,1251.19,2772319.0
1668326400,1251.18,1253.75,1220.0,1231.37,1690074.0
1668330000,1231.4,1234.17,1213.09,1227.31,2638698.0
1668333600,1227.23,1236.43,1222.05,1230.37,1009601.0
1668337200,1230.37,1248.56,1227.2,1240.43,1592756.0
1668340800,1240.45,1243.92,1234.86,1237.14,710686.0
1668344400,1237.13,1249.57,1233.42,1241.71,1061533.0
1668348000,1241.71,1245.86,1236.52,1239.17,713190.0
1668351600,1239.19,1240.9,1223.25,1232.15,1495375.0
1668355200,1232.14,1238.47,1226.4,1234.09,938724.0
1668358800,1234.0,1234.38,1220.1,1228.63,960454.0
1668362400,1228.63,1232.72,1215.28,1226.19,884392.0
1668366000,1226.19,1233.02,1222.6,1228.69,677562.0
1668369600,1228.69,1232.46,1217.0,1219.48,530219.0
1668373200,1219.48,1238.97,1199.03,1217.68,2300785.0
1668376800,1217.66,1230.28,1215.6,1228.0,616236.0
1668380400,1227.99,1228.8,1216.86,1221.39,632586.0
1668384000,1221.49,1230.91,1190.01,1205.52,2463799.0
1668387600,1205.53,1211.84,1181.0,1189.78,2787091.0
1668391200,1189.78,1197.34,1170.0,1193.25,2451086.0
1668394800,1193.33,1198.7,1187.34,1192.72,1071013.0
1668398400,1192.74,1193.59,1175.0,1184.91,1710407.0
1668402000,1184.91,1189.33,1175.11,1181.39,1212336.0
1668405600,1181.38,1243.19,1177.68,1236.37,4963985.0
1668409200,1236.17,1260.0,1225.0,1258.11,4600021.0
1668412800,1258.11,1274.7,1255.0,1260.09,2992425.0
1668416400,1260.22,1263.78,1250.92,1256.48,1519228.0
1668420000,1256.54,1263.3,1252.0,1259.7,881871.0
1668423600,1259.69,1270.0,1251.69,1252.12,1153655.0
1668427200,1252.11,1267.65,1243.0,1263.92,1972615.0
1668430800,1263.92,1290.9,1240.0,1258.79,6613253.0
1668434400,1258.8,1264.05,1234.33,1252.54,3221681.0
1668438000,1252.18,1255.79,1235.5,1245.57,1710047.0
1668441600,1245.56,1250.95,1226.18,1231.68,2339797.0
1668445200,1231.68,1244.74,1227.8,1241.3,1100589.0
1668448800,1241.3,1246.76,1236.0,1242.76,594050.0
1668452400,1242.77,1243.65,1210.0,1216.98,2397693.0
1668456000,1216.88,1223.72,1210.0,1216.23,1142783.0
1668459600,1216.31,1229.38,1214.13,1228.08,689823.0
1668463200,1228.07,1229.79,1213.7,1220.56,729501.0
1668466800,1220.7,1251.92,1220.41,1244.15,1628620.0
1668470400,1244.17,1255.0,1239.2,1241.48,1176348.0
1668474000,1241.47,1263.42,1235.21,1258.07,1461342.0
1668477600,1258.07,1266.58,1256.02,1258.76,1105369.0
1668481200,1258.78,1266.33,1253.38,1256.01,807399.0
1668484800,1256.03,1259.88,1251.3,1257.58,554355.0
1668488400,1257.59,1263.62,1246.6,1247.99,1153936.0
1668492000,1247.98,1256.78,1247.12,1255.63,701196.0
1668495600,1255.62,1273.0,1254.19,1265.2,1991640.0
1668499200,1265.13,1279.33,1262.32,1273.19,1645967.0
1668502800,1273.21,1276.98,1255.1,1259.62,2165406.0
1668506400,1259.62,1267.0,1253.72,1266.97,967367.0
1668510000,1266.96,1272.96,1255.1,1260.11,1424344.0
1668513600,1260.11,1267.99,1257.37,1266.7,930334.0
1668517200,1266.82,1290.0,1265.53,1277.32,3598989.0
1668520800,1277.31,1278.0,1258.17,1266.8,2150800.0
1668524400,1266.8,1275.0,1261.16,1264.22,1701626.0
1668528000,1264.21,1270.29,1259.1,1267.85,1224554.0
1668531600,1267.68,1273.93,1262.7,1266.46,866818.0
1668535200,1266.46,1267.44,1233.04,1243.04,2716980.0
1668538800,1243.05,1258.7,1235.01,1256.89,1457925.0
1668542400,1256.92,1266.0,1247.44,1253.51,926945.0
1668546000,1253.5,1255.88,1242.02,1248.11,607876.0
1668549600,1248.12,1250.88,1243.67,1246.75,356362.0
1668553200,1246.75,1255.0,1244.85,1254.3,584917.0
1668556800,1254.29,1257.81,1248.01,1252.39,796199.0
1668560400,1252.39,1261.47,1252.23,1261.3,725263.0
1668564000,1261.31,1268.49,1256.99,1260.0,880109.0
1668567600,1260.01,1266.27,1259.14,1264.65,525218.0
1668571200,1264.65,1265.0,1257.5,1258.44,472403.0
1668574800,1258.44,1259.71,1253.93,1258.41,698921.0
1668578400,1258.34,1261.56,1244.0,1249.57,1939912.0
1668582000,1249.57,1252.23,1245.3,1246.19,915233.0
1668585600,1246.19,1254.42,1226.3,1237.8,3121136.0
1668589200,1237.8,1240.64,1224.0,1231.86,958301.0
1668592800,1231.83,1236.34,1226.31,1231.66,1139241.0
1668596400,1231.69,1233.82,1212.0,1223.06,1672283.0
1668600000,1223.07,1225.98,1214.01,1223.37,1923192.0
1668603600,1223.38,1234.64,1211.0,1214.55,3223074.0
1668607200,1214.61,1217.25,1201.82,1207.71,3071318.0
1668610800,1207.8,1213.85,1185.42,1192.83,2881222.0
1668614400,1192.93,1215.0,1187.48,1208.37,2220159.0
1668618000,1208.32,1224.0,1206.45,1215.28,1580193.0
1668621600,1215.31,1218.65,1209.35,1211.1,536436.0
1668625200,1211.1,1211.42,1197.68,1208.69,851958.0
1668628800,1208.68,1214.2,1204.48,1212.79,392527.0
1668632400,1212.7,1216.56,1206.09,1207.34,320685.0
1668636000,1207.32,1220.0,1200.35,1216.48,540849.0
1668639600,1216.41,1222.0,1210.19,1215.95,805358.0
1668643200,1216.0,1228.0,1214.45,1223.44,1096028.0
1668646800,1223.45,1228.98,1217.77,1219.59,903766.0
1668650400,1219.58,1220.54,1208.09,1208.65,901789.0
1668654000,1208.66,1212.95,1202.12,1204.58,1011484.0
1668657600,1204.58,1206.71,1193.3,1204.27,1526292.0
1668661200,1204.27,1212.3,1204.06,1211.45,799021.0
1668664800,1211.45,1216.59,1199.43,1202.44,1464070.0
1668668400,1202.43,1209.77,1195.66,1205.46,1741735.0
1668672000,1205.45,1208.89,1200.3,1203.93,825139.0
1668675600,1203.93,1204.79,1181.1,1191.74,2588811.0
1668679200,1191.81,1196.0,1188.54,1192.24,1051177.0
1668682800,1192.15,1205.32,1191.86,1204.55,1317549.0
1668686400,1204.55,1205.39,1196.81,1204.08,881601.0
1668690000,1204.07,1204.36,1183.5,1190.23,3007373.0
1668693600,1190.23,1197.96,1185.9,1192.68,1317802.0
1668697200,1192.82,1219.87,1185.69,1193.0,4470741.0
1668700800,1193.0,1215.0,1189.01,1211.22,2588788.0
1668704400,1211.22,1217.3,1203.27,1211.44,1395397.0
1668708000,1211.43,1215.12,1207.79,1212.26,680836.0
1668711600,1212.41,1213.47,1200.37,1202.68,484505.0
1668715200,1202.57,1205.74,1199.17,1201.43,486909.0
1668718800,1201.43,1210.0,1201.43,1206.5,399401.0
1668722400,1206.65,1210.0,1202.18,1206.6,422918.0
1668726000,1206.59,1208.12,1195.61,1200.31,888030.0
1668729600,1200.32,1217.63,1199.12,1216.2,1644929.0
1668733200,1216.21,1218.0,1210.4,1213.86,889996.0
1668736800,1213.85,1235.0,1209.18,1226.42,2066260.0
1668740400,1226.42,1229.8,1219.47,1219.91,1169862.0
1668744000,1219.92,1221.59,1215.06,1219.42,997398.0
1668747600,1219.42,1224.49,1216.42,1217.69,610709.0
1668751200,1217.63,1219.97,1212.58,1219.0,773299.0
1668754800,1219.0,1221.25,1213.7,1215.0,669577.0
1668758400,1215.01,1215.85,1201.0,1213.27,1378945.0
1668762000,1213.26,1216.99,1211.4,1215.5,634159.0
1668765600,1215.49,1225.4,1214.24,1218.84,1586639.0
1668769200,1218.84,1221.64,1214.04,1216.99,655892.0
1668772800,1216.99,1220.99,1216.4,1217.66,577979.0
1668776400,1217.66,1229.0,1216.0,1219.01,1499069.0
1668780000,1219.17,1222.77,1210.44,1214.42,1548620.0
1668783600,1214.41,1215.38,1206.4,1211.43,1185535.0
1668787200,1211.42,1214.82,1202.64,1207.75,1105611.0
1668790800,1207.7,1208.88,1200.35,1204.42,1162085.0
1668794400,1204.42,1207.68,1202.33,1206.15,340542.0
1668798000,1206.14,1212.49,1203.67,1210.25,490048.0
1668801600,1210.27,1214.68,1208.66,1210.56,431703.0
1668805200,1210.43,1213.77,1209.19,1209.48,198812.0
1668808800,1209.44,1212.71,1207.0,1210.79,230674.0
1668812400,1210.78,1215.99,1206.15,1213.03,536305.0
1668816000,1213.02,1213.97,1209.66,1210.23,320956.0
1668819600,1210.22,1212.48,1208.03,1210.33,366505.0
1668823200,1210.33,1210.34,1200.7,1207.18,909781.0
1668826800,1207.18,1209.9,1206.35,1208.64,383120.0
1668830400,1208.63,1209.72,1205.82,1208.36,452340.0
1668834000,1208.36,1209.43,1195.0,1205.28,1331461.0
1668837600,1205.28,1207.85,1202.29,1207.48,558667.0
1668841200,1207.48,1209.16,1206.51,1206.51,457714.0
1668844800,1206.51,1212.51,1203.79,1210.0,798892.0
1668848400,1210.0,1210.99,1207.99,1208.82,404052.0
1668852000,1208.81,1210.21,1206.4,1208.79,315358.0
1668855600,1208.79,1211.5,1207.36,1211.48,328690.0
1668859200,1211.48,1212.42,1207.52,1207.96,362615.0
1668862800,1207.96,1209.97,1205.34,1207.89,376243.0
1668866400,1207.92,1209.41,1206.85,1208.0,244005.0
1668870000,1207.99,1211.0,1207.0,1209.65,448863.0
1668873600,1209.66,1211.5,1207.72,1209.68,341720.0
1668877200,1209.69,1210.52,1206.86,1208.0,337348.0
1668880800,1208.0,1210.45,1207.34,1207.82,186676.0
1668884400,1207.81,1210.42,1207.7,1208.5,192808.0
1668888000,1208.5,1211.0,1208.5,1209.22,162416.0
1668891600,1209.21,1212.39,1209.09,1211.67,228378.0
1668895200,1211.66,1234.3,1211.66,1224.19,2148503.0
1668898800,1224.2,1227.69,1216.55,1217.83,740621.0
1668902400,1217.83,1223.0,1216.86,1222.0,580136.0
1668906000,1222.01,1226.53,1217.41,1218.59,818098.0
1668909600,1218.6,1221.86,1217.13,1218.85,438045.0
1668913200,1218.85,1219.56,1215.0,1219.12,476889.0
1668916800,1219.11,1220.86,1218.51,1219.4,301233.0
1668920400,1219.41,1219.79,1217.27,1218.75,281159.0
1668924000,1218.74,1220.03,1217.43,1219.97,239124.0
1668927600,1219.96,1223.47,1218.15,1220.18,484053.0
1668931200,1220.17,1220.72,1203.6,1208.59,1789134.0
1668934800,1208.58,1211.3,1206.81,1208.12,575754.0
1668938400,1208.12,1209.04,1190.0,1196.93,1966532.0
1668942000,1196.93,1197.45,1156.0,1167.67,5274324.0
1668945600,1167.67,1173.89,1152.0,1166.92,2852180.0
1668949200,1166.93,1180.0,1165.12,1176.67,1517703.0
1668952800,1176.67,1181.45,1171.46,1172.84,952309.0
1668956400,1172.85,1179.69,1172.0,1177.22,659547.0
1668960000,1177.22,1180.0,1170.0,1175.12,684545.0
1668963600,1175.12,1177.92,1171.73,1172.87,348481.0
1668967200,1172.88,1178.53,1171.58,1178.06,325855.0
1668970800,1178.07,1190.9,1175.55,1185.39,895799.0
1668974400,1185.4,1186.66,1172.27,1177.46,797915.0
1668978000,1177.46,1177.46,1131.86,1142.69,2705011.0
1668981600,1142.69,1154.14,1134.12,1142.94,1830303.0
1668985200,1143.0,1146.66,1132.31,1142.35,1211468.0
1668988800,1142.34,1144.31,1123.79,1140.98,2117552.0
1668992400,1140.89,1143.84,1127.43,1131.91,942750.0
1668996000,1131.9,1133.8,1111.0,1122.98,3371442.0
1668999600,1122.98,1127.34,1110.21,1125.23,1974381.0
1669003200,1125.22,1140.0,1124.33,1128.95,2414851.0
1669006800,1128.95,1137.0,1128.15,1135.84,711816.0
1669010400,1135.84,1138.66,1126.75,1128.13,980319.0
1669014000,1128.13,1132.62,1116.57,1123.5,1735047.0
1669017600,1123.57,1128.0,1117.04,1120.77,1168042.0
1669021200,1120.78,1127.59,1105.19,1121.18,3980665.0
1669024800,1121.17,1129.47,1115.37,1127.09,1389253.0
1669028400,1127.09,1131.49,1122.04,1125.02,1121885.0
1669032000,1125.02,1129.0,1115.46,1127.7,1448692.0
1669035600,1127.7,1148.0,1126.0,1135.24,3051193.0
1669039200,1135.17,1143.31,1133.23,1134.53,1486978.0
1669042800,1134.54,1137.52,1129.0,1130.9,1265740.0
1669046400,1130.93,1133.84,1101.53,1117.0,5111711.0
1669050000,1117.0,1122.0,1103.2,1106.56,2037979.0
1669053600,1106.56,1109.76,1091.0,1100.64,3115419.0
1669057200,1100.63,1106.71,1078.2,1091.03,3486907.0
1669060800,1091.0,1114.19,1089.13,1104.74,2537167.0
1669064400,1104.8,1108.71,1081.91,1094.71,1947200.0
1669068000,1094.52,1124.0,1093.55,1107.78,2299297.0
1669071600,1107.78,1116.58,1106.42,1107.25,612378.0
1669075200,1107.26,1117.5,1100.49,1106.87,1317716.0
1669078800,1106.88,1110.1,1098.43,1102.11,875082.0
1669082400,1102.1,1111.52,1096.81,1109.38,1304947.0
1669086000,1109.39,1112.53,1102.5,1104.59,1083875.0
1669089600,1104.72,1107.71,1099.56,1102.31,742109.0
1669093200,1102.31,1105.9,1096.17,1099.47,1155025.0
1669096800,1099.46,1100.93,1084.13,1085.84,2599328.0
1669100400,1085.84,1095.46,1080.0,1093.82,1993497.0
1669104000,1093.82,1095.56,1072.45,1088.46,2771712.0
1669107600,1088.42,1093.33,1079.0,1081.68,1575320.0
1669111200,1081.67,1095.3,1077.2,1092.87,1519933.0
1669114800,1092.88,1094.48,1082.33,1085.73,1093194.0
1669118400,1085.66,1102.95,1078.88,1098.18,2939881.0
1669122000,1098.19,1136.38,1097.14,1133.03,5725849.0
1669125600,1133.04,1142.86,1118.07,1121.93,3543820.0
1669129200,1121.92,1142.68,1121.69,1135.17,2809743.0
1669132800,1135.18,1142.0,1126.58,1127.56,1516783.0
1669136400,1127.54,1129.8,1114.19,1117.19,1429548.0
1669140000,1117.18,1127.77,1115.56,1126.22,1459051.0
1669143600,1126.42,1138.0,1123.92,1127.37,1349551.0
1669147200,1127.5,1133.41,1126.26,1127.46,509102.0
1669150800,1127.44,1131.98,1122.45,1130.66,555636.0
1669154400,1130.61,1140.67,1125.74,1137.19,630005.0
1669158000,1137.25,1141.98,1132.66,1139.13,865828.0
1669161600,1139.13,1148.99,1133.46,1134.15,1578535.0
1669165200,1134.15,1136.52,1127.11,1132.01,899769.0
1669168800,1132.0,1167.08,1131.66,1163.19,4333917.0
1669172400,1163.18,1171.76,1158.37,1170.83,2033083.0
1669176000,1170.77,1171.7,1160.74,1164.05,1059621.0
1669179600,1164.06,1165.99,1157.0,1158.21,1033101.0
1669183200,1158.2,1164.49,1157.5,1162.09,745778.0
1669186800,1162.1,1169.89,1158.28,1166.65,1384994.0
1669190400,1166.74,1175.0,1160.03,1164.02,1763525.0
1669194000,1164.03,1171.2,1162.03,1166.51,918176.0
1669197600,1166.52,1184.9,1161.6,1174.12,2466882.0
1669201200,1174.17,1178.82,1170.11,1174.54,1441612.0
1669204800,1174.54,1177.88,1164.18,1164.72,1691150.0
1669208400,1164.7,1169.3,1155.8,1157.8,1822498.0
1669212000,1157.8,1168.81,1153.21,1166.2,1957045.0
1669215600,1166.12,1172.5,1159.42,1161.47,1369348.0
1669219200,1161.5,1164.17,1150.74,1152.9,1193774.0
1669222800,1152.88,1156.3,1150.72,1154.39,940726.0
1669226400,1154.36,1176.6,1153.22,1170.63,1654515.0
1669230000,1170.63,1189.9,1163.8,1169.08,3563091.0
1669233600,1169.07,1175.87,1162.17,1175.43,797075.0
1669237200,1175.42,1177.25,1169.35,1170.17,429349.0
1669240800,1170.11,1175.0,1168.59,1174.39,409970.0
1669244400,1174.43,1191.63,1173.01,1184.37,1944279.0
1669248000,1184.38,1189.0,1179.82,1181.72,1319286.0
1669251600,1181.62,1208.0,1180.58,1201.42,2914479.0
1669255200,1201.43,1209.89,1199.02,1199.81,2215513.0
1669258800,1199.8,1205.6,1196.79,1201.06,1086716.0
1669262400,1201.05,1204.99,1198.0,1202.21,743012.0
1669266000,1202.22,1204.86,1198.57,1200.34,835604.0
1669269600,1200.34,1217.6,1198.28,1213.26,1841777.0
1669273200,1213.26,1217.0,1205.0,1205.65,2000664.0
1669276800,1205.64,1207.77,1193.95,1200.1,2358909.0
1669280400,1200.11,1203.58,1195.57,1201.97,1132984.0
1669284000,1201.97,1204.92,1191.41,1197.23,1978000.0
1669287600,1197.23,1198.42,1193.38,1196.5,631033.0
1669291200,1196.49,1203.16,1192.11,1195.01,1345663.0
1669294800,1195.0,1204.71,1193.2,1200.62,969770.0
1669298400,1200.75,1201.14,1185.63,1193.97,1790401.0
1669302000,1193.94,1199.0,1190.0,1195.66,830153.0
1669305600,1195.65,1207.28,1192.4,1200.87,2002884.0
1669309200,1200.88,1208.88,1198.22,1199.95,1186953.0
1669312800,1199.94,1204.99,1197.7,1203.62,558159.0
1669316400,1203.63,1206.66,1200.33,1202.72,334801.0
1669320000,1202.71,1205.54,1196.3,1197.8,584068.0
1669323600,1197.8,1199.88,1193.25,1196.34,384017.0
1669327200,1196.33,1204.7,1195.89,1203.0,315239.0
1669330800,1203.01,1205.81,1199.49,1203.07,702058.0
1669334400,1203.06,1204.7,1191.02,1194.34,1230266.0
1669338000,1194.34,1197.4,1191.5,1192.71,659884.0
1669341600,1192.72,1193.16,1180.0,1187.49,2030055.0
1669345200,1187.5,1190.0,1185.26,1186.78,541370.0
1669348800,1186.78,1188.6,1168.13,1176.02,2518785.0
1669352400,1176.03,1178.14,1172.85,1173.55,1089156.0
1669356000,1173.63,1183.5,1172.5,1182.12,1206261.0
1669359600,1182.18,1187.0,1179.72,1184.81,894702.0
1669363200,1184.82,1186.94,1178.68,1180.99,1064068.0
1669366800,1181.0,1184.44,1177.0,1179.46,956727.0
1669370400,1179.45,1189.7,1175.41,1185.56,1628655.0
1669374000,1185.55,1199.85,1184.84,1192.85,2136529.0
1669377600,1192.79,1199.85,1190.2,1190.94,1303559.0
1669381200,1190.93,1193.05,1186.56,1189.81,908995.0
1669384800,1189.81,1193.96,1180.57,1192.95,1813533.0
1669388400,1192.95,1195.78,1186.51,1189.49,997162.0
1669392000,1189.49,1190.24,1182.39,1187.29,885280.0
1669395600,1187.28,1194.5,1186.94,1191.22,611198.0
1669399200,1191.32,1194.0,1188.77,1190.93,388209.0
1669402800,1190.86,1199.0,1190.43,1196.71,925676.0
1669406400,1196.72,1209.53,1195.58,1199.68,1110486.0
1669410000,1199.69,1202.0,1198.23,1199.15,316173.0
1669413600,1199.16,1202.3,1195.48,1198.8,336595.0
1669417200,1198.83,1203.58,1195.15,1198.75,650730.0
1669420800,1198.75,1210.0,1196.15,1206.06,1304367.0
1669424400,1206.07,1228.92,1205.57,1218.79,3197658.0
1669428000,1218.8,1224.74,1216.28,1217.73,1114382.0
1669431600,1217.74,1218.75,1214.03,1215.7,684456.0
1669435200,1215.72,1224.83,1213.53,1222.11,1109149.0
1669438800,1222.11,1224.92,1219.1,1219.84,778280.0
1669442400,1219.84,1219.99,1214.9,1216.8,717813.0
1669446000,1216.81,1221.22,1212.23,1218.69,770432.0
1669449600,1218.68,1220.75,1214.51,1216.12,502333.0
1669453200,1216.13,1223.0,1216.07,1219.99,744626.0
1669456800,1220.0,1228.0,1219.0,1219.93,1121720.0
1669460400,1219.93,1223.43,1217.1,1221.72,884563.0
1669464000,1221.72,1222.45,1217.68,1219.49,480375.0
1669467600,1219.5,1223.0,1218.25,1220.27,478551.0
1669471200,1220.27,1235.8,1208.88,1214.31,3303892.0
1669474800,1214.31,1216.76,1205.71,1211.13,1775943.0
1669478400,1211.14,1214.25,1208.51,1209.48,714851.0
1669482000,1209.48,1215.0,1207.22,1212.57,519601.0
1669485600,1212.56,1213.52,1206.01,1208.41,392348.0
1669489200,1208.32,1208.97,1201.22,1207.71,834021.0
1669492800,1207.66,1209.24,1207.26,1208.26,232129.0
1669496400,1208.26,1213.33,1208.23,1210.15,301829.0
1669500000,1210.16,1210.72,1196.0,1201.1,668245.0
1669503600,1201.11,1207.58,1199.43,1205.66,597675.0
1669507200,1205.67,1209.84,1204.19,1205.88,434498.0
1669510800,1205.89,1213.76,1205.56,1210.93,650199.0
1669514400,1210.93,1216.5,1210.86,1214.75,726021.0
1669518000,1214.75,1218.97,1213.18,1215.4,591013.0
1669521600,1215.4,1222.88,1214.21,1218.01,1469636.0
1669525200,1218.01,1220.48,1214.38,1216.35,618762.0
1669528800,1216.31,1221.93,1215.67,1216.03,728242.0
1669532400,1216.02,1218.99,1216.0,1216.64,367952.0
1669536000,1216.64,1220.47,1210.31,1211.91,1274898.0
1669539600,1211.9,1214.32,1209.58,1210.66,791458.0
1669543200,1210.67,1221.55,1209.6,1213.02,1570983.0
1669546800,1213.03,1217.22,1211.66,1215.87,641569.0
1669550400,1215.87,1219.49,1213.1,1214.44,580065.0
1669554000,1214.43,1215.25,1210.35,1212.75,553624.0
1669557600,1212.75,1216.44,1210.52,1212.97,484514.0
1669561200,1212.98,1219.94,1207.0,1217.96,1164502.0
1669564800,1217.96,1220.89,1213.02,1213.44,951126.0
1669568400,1213.44,1216.3,1211.51,1215.42,499020.0
1669572000,1215.51,1218.29,1215.24,1217.39,245931.0
1669575600,1217.52,1217.81,1211.0,1213.0,312065.0
1669579200,1212.99,1214.78,1211.61,1213.74,183004.0
1669582800,1213.74,1218.69,1213.47,1215.5,319313.0
1669586400,1215.5,1217.95,1214.37,1216.22,240113.0
1669590000,1216.18,1216.18,1187.0,1193.9,2969559.0
1669593600,1193.91,1199.41,1191.89,1194.8,990289.0
1669597200,1194.8,1196.95,1160.42,1164.02,5615262.0
1669600800,1164.06,1170.8,1157.94,1164.0,2229271.0
1669604400,1164.03,1173.0,1163.14,1172.42,981853.0
1669608000,1172.41,1178.88,1170.39,1174.03,1326494.0
1669611600,1174.02,1174.45,1165.87,1167.37,969377.0
1669615200,1167.36,1174.99,1166.88,1174.98,651954.0
1669618800,1174.99,1175.27,1170.46,1173.83,576299.0
1669622400,1173.82,1176.0,1170.8,1174.57,660551.0
1669626000,1174.65,1176.68,1168.86,1171.63,1039362.0
1669629600,1171.62,1171.62,1163.31,1167.77,1215289.0
1669633200,1167.76,1173.0,1167.28,1170.1,603331.0
1669636800,1170.11,1173.99,1167.3,1170.01,706843.0
1669640400,1170.01,1172.41,1167.02,1170.19,498393.0
1669644000,1170.18,1182.78,1162.08,1166.41,2440164.0
1669647600,1166.41,1169.32,1155.0,1163.59,3288757.0
1669651200,1163.69,1184.51,1150.68,1176.61,4553547.0
1669654800,1176.63,1184.79,1171.03,1172.14,1975152.0
1669658400,1172.13,1174.92,1167.56,1168.16,750181.0
1669662000,1168.15,1174.49,1165.07,1171.76,586235.0
1669665600,1171.77,1175.76,1169.96,1174.95,279617.0
1669669200,1174.78,1175.31,1168.55,1172.77,298615.0
1669672800,1172.76,1173.6,1170.1,1170.69,197243.0
1669676400,1170.72,1171.99,1166.6,1167.85,450928.0
1669680000,1167.84,1170.31,1156.99,1167.06,1355015.0
1669683600,1167.06,1182.82,1165.38,1177.04,1392474.0
1669687200,1177.03,1190.2,1176.64,1182.23,1626059.0
1669690800,1182.23,1187.49,1181.14,1184.6,679139.0
1669694400,1184.6,1203.38,1183.91,1197.31,3813703.0
1669698000,1197.32,1215.0,1197.32,1207.83,3225158.0
1669701600,1207.84,1212.0,1203.09,1204.53,1090798.0
1669705200,1204.54,1213.9,1204.54,1207.23,1249809.0
1669708800,1207.22,1224.81,1205.22,1215.03,3226420.0
1669712400,1215.01,1219.33,1210.84,1217.65,1041917.0
1669716000,1217.65,1220.04,1213.0,1214.28,953060.0
1669719600,1214.28,1222.85,1213.33,1217.11,1415410.0
1669723200,1217.22,1218.83,1214.0,1215.9,665577.0
1669726800,1215.9,1215.98,1206.43,1209.62,1588530.0
1669730400,1209.58,1216.5,1202.5,1205.44,2141882.0
1669734000,1205.45,1218.1,1203.04,1208.86,1865318.0
1669737600,1208.87,1213.11,1202.8,1209.42,1370570.0
1669741200,1209.43,1211.84,1205.02,1209.06,585835.0
1669744800,1209.07,1216.6,1206.83,1215.25,791783.0
1669748400,1215.26,1220.84,1214.08,1215.64,794485.0
1669752000,1215.58,1227.93,1215.48,1222.22,1320313.0
1669755600,1222.23,1225.13,1218.59,1219.14,512059.0
1669759200,1219.36,1224.09,1216.63,1222.99,424497.0
1669762800,1223.0,1227.2,1214.72,1216.17,656612.0
1669766400,1216.23,1284.52,1212.0,1274.83,5830001.0
1669770000,1274.84,1281.22,1266.5,1273.01,2307299.0
1669773600,1273.01,1282.99,1269.0,1271.26,2148740.0
1669777200,1271.21,1273.59,1264.16,1265.41,1006243.0
1669780800,1265.41,1271.2,1265.27,1270.37,764268.0
1669784400,1270.37,1275.0,1268.01,1271.5,795157.0
1669788000,1271.43,1272.05,1267.17,1269.5,726229.0
1669791600,1269.51,1274.0,1268.0,1272.17,671626.0
1669795200,1272.18,1276.89,1265.55,1268.45,1251958.0
1669798800,1268.44,1269.44,1261.0,1266.49,897342.0
1669802400,1266.5,1267.94,1264.6,1264.72,386200.0
1669806000,1264.73,1268.5,1264.37,1266.8,460944.0
1669809600,1266.81,1268.77,1254.39,1258.7,1079380.0
1669813200,1258.69,1274.66,1257.29,1262.56,2310840.0
1669816800,1262.49,1268.29,1261.71,1266.88,873921.0
1669820400,1266.91,1267.3,1262.12,1266.86,640607.0
1669824000,1266.82,1279.82,1264.21,1273.2,1699863.0
1669827600,1273.2,1274.21,1261.12,1266.11,1350599.0
1669831200,1266.1,1287.0,1259.0,1278.14,3358801.0
1669834800,1278.13,1299.9,1277.68,1286.85,3089013.0
1669838400,1286.85,1295.28,1284.61,1294.98,843148.0
1669842000,1294.98,1298.66,1287.04,1296.51,1232322.0
1669845600,1296.51,1313.66,1291.67,1298.81,1001899.0
1669849200,1298.8,1306.53,1293.02,1294.7,1509777.0
1669852800,1294.71,1296.21,1286.23,1290.34,1199307.0
1669856400,1290.34,1290.6,1282.6,1285.95,928761.0
1669860000,1285.95,1289.46,1281.15,1286.94,794483.0
1669863600,1286.94,1291.34,1286.53,1287.9,634413.0
1669867200,1287.9,1289.64,1282.4,1283.92,553967.0
1669870800,1284.06,1287.02,1275.71,1282.58,1025985.0
1669874400,1282.59,1286.0,1282.0,1284.19,677406.0
1669878000,1284.19,1284.64,1278.03,1278.72,499912.0
1669881600,1278.71,1286.49,1277.09,1283.9,824392.0
1669885200,1283.94,1284.43,1278.19,1283.95,646817.0
1669888800,1283.95,1285.59,1279.71,1280.5,568963.0
1669892400,1280.49,1283.41,1277.46,1283.26,670862.0
1669896000,1283.26,1290.6,1283.03,1288.22,1294216.0
1669899600,1288.23,1300.0,1268.95,1278.8,4686941.0
1669903200,1278.8,1283.47,1271.0,1279.98,1861577.0
1669906800,1279.88,1285.0,1262.85,1271.53,3141881.0
1669910400,1271.53,1274.8,1265.5,1272.33,871930.0
1669914000,1272.33,1276.23,1268.62,1274.88,552964.0
1669917600,1274.87,1278.65,1271.33,1274.82,704662.0
1669921200,1274.81,1277.49,1272.3,1275.69,268118.0
1669924800,1275.71,1276.09,1271.75,1272.25,172810.0
1669928400,1272.13,1278.13,1267.0,1276.37,572775.0
1669932000,1276.36,1284.0,1274.52,1277.31,522164.0
1669935600,1277.32,1279.3,1272.48,1276.51,362866.0
1669939200,1276.51,1283.68,1273.67,1282.42,702063.0
1669942800,1282.42,1284.77,1266.0,1272.29,1404369.0
1669946400,1272.31,1274.29,1265.02,1271.82,968502.0
1669950000,1271.83,1274.68,1270.51,1271.23,355665.0
1669953600,1271.23,1274.0,1267.88,1272.42,574476.0
1669957200,1272.42,1275.5,1270.76,1273.16,405590.0
1669960800,1273.15,1276.96,1270.78,1271.29,430790.0
1669964400,1271.3,1278.17,1270.78,1275.33,613834.0
1669968000,1275.34,1279.98,1273.18,1277.19,574389.0
1669971600,1277.19,1282.0,1276.09,1277.99,551593.0
1669975200,1278.05,1281.22,1277.55,1281.2,461226.0
1669978800,1281.19,1295.0,1278.88,1289.07,2376432.0
1669982400,1289.07,1294.83,1286.54,1290.9,1084050.0
1669986000,1290.86,1298.0,1268.0,1276.82,5581772.0
1669989600,1276.82,1284.5,1272.29,1279.89,1527779.0
1669993200,1279.88,1287.2,1277.77,1278.87,895761.0
1669996800,1278.87,1279.65,1274.05,1278.47,650938.0
1670000400,1278.47,1283.65,1277.73,1279.75,610395.0
1670004000,1279.68,1284.8,1278.7,1282.15,299647.0
1670007600,1282.16,1288.35,1279.59,1287.16,445817.0
1670011200,1287.16,1293.98,1286.15,1291.17,777536.0
1670014800,1291.18,1296.86,1289.16,1290.49,716941.0
1670018400,1290.49,1294.3,1289.74,1290.19,266459.0
1670022000,1290.19,1295.93,1289.51,1295.21,605159.0
1670025600,1295.21,1313.65,1287.22,1291.41,2191037.0
1670029200,1291.41,1291.91,1286.0,1288.62,532271.0
1670032800,1288.62,1289.85,1284.12,1287.06,522545.0
1670036400,1287.04,1287.07,1282.13,1285.76,396633.0
1670040000,1285.77,1289.0,1284.68,1286.57,433794.0
1670043600,1286.56,1290.0,1286.37,1288.05,389852.0
1670047200,1288.06,1288.5,1280.87,1284.94,928886.0
1670050800,1284.93,1285.52,1273.5,1276.28,1555158.0
1670054400,1276.28,1277.43,1267.12,1269.88,1613002.0
1670058000,1269.88,1274.88,1265.61,1273.98,1071305.0
1670061600,1273.97,1273.98,1269.71,1271.56,424794.0
1670065200,1271.56,1271.82,1260.0,1269.67,1557954.0
1670068800,1269.63,1272.55,1268.21,1272.55,534405.0
1670072400,1272.54,1273.56,1270.0,1271.19,534778.0
1670076000,1271.19,1272.1,1266.07,1269.2,684605.0
1670079600,1269.2,1276.34,1268.42,1271.26,870753.0
1670083200,1271.26,1271.84,1267.3,1267.84,425918.0
1670086800,1267.84,1271.25,1264.24,1270.9,987677.0
1670090400,1270.91,1271.97,1267.82,1270.05,207285.0
1670094000,1270.06,1270.79,1262.0,1266.04,582054.0
1670097600,1266.04,1266.78,1261.14,1264.71,309273.0
1670101200,1264.53,1264.72,1250.18,1261.31,1227420.0
1670104800,1261.3,1261.65,1236.0,1242.18,2255727.0
1670108400,1242.17,1243.5,1237.0,1240.7,1157801.0
1670112000,1240.65,1253.65,1240.16,1251.4,1168107.0
1670115600,1251.4,1264.84,1248.07,1256.5,1777554.0
1670119200,1256.5,1261.0,1253.8,1259.63,641472.0
1670122800,1259.62,1259.97,1255.07,1257.0,382964.0
1670126400,1257.0,1266.66,1256.99,1262.57,851332.0
1670130000,1262.57,1267.79,1258.55,1260.26,756532.0
1670133600,1260.27,1261.59,1256.25,1257.71,419135.0
1670137200,1257.62,1258.59,1253.88,1257.29,470888.0
1670140800,1257.29,1264.22,1253.0,1258.82,899495.0
1670144400,1258.82,1262.37,1256.83,1257.34,372326.0
1670148000,1257.26,1260.2,1255.83,1258.47,327626.0
1670151600,1258.47,1259.0,1251.52,1255.28,711115.0
1670155200,1255.35,1258.11,1250.0,1257.36,617839.0
1670158800,1257.42,1257.69,1251.13,1255.01,392688.0
1670162400,1255.01,1262.31,1251.0,1259.99,917861.0
1670166000,1260.0,1263.0,1256.89,1259.96,768803.0
1670169600,1259.97,1267.04,1257.42,1259.57,977778.0
1670173200,1259.59,1271.0,1256.5,1268.9,663561.0
1670176800,1268.9,1279.49,1266.87,1273.45,2171552.0
1670180400,1273.46,1283.73,1270.0,1278.64,1144650.0
1670184000,1278.64,1283.46,1276.48,1277.77,410900.0
1670187600,1277.81,1278.36,1274.21,1276.47,328577.0
1670191200,1276.44,1277.08,1272.21,1275.62,277747.0
1670194800,1275.67,1287.57,1275.25,1279.37,1273479.0
1670198400,1279.37,1294.68,1276.62,1288.86,1859797.0
1670202000,1288.86,1292.24,1286.13,1290.61,759478.0
1670205600,1290.66,1298.37,1289.0,1292.09,1227828.0
1670209200,1292.1,1297.44,1290.0,1290.9,856675.0
1670212800,1290.89,1304.5,1289.77,1301.01,1618031.0
1670216400,1301.0,1304.81,1295.01,1297.44,1161819.0
1670220000,1297.45,1298.19,1294.13,1295.73,566047.0
1670223600,1295.73,1300.5,1293.52,1297.12,684251.0
1670227200,1297.13,1305.7,1295.37,1301.65,1560330.0
1670230800,1301.65,1302.0,1293.64,1294.41,958655.0
1670234400,1294.41,1298.36,1291.59,1295.85,496315.0
1670238000,1295.84,1297.2,1293.3,1295.57,331005.0
1670241600,1295.56,1295.57,1287.0,1290.49,1207501.0
1670245200,1290.49,1292.88,1282.01,1286.11,1061415.0
1670248800,1286.11,1288.67,1281.21,1285.31,907594.0
1670252400,1285.31,1285.31,1260.0,1266.86,4703248.0
1670256000,1266.83,1269.44,1255.0,1259.62,1922035.0
1670259600,1259.61,1265.82,1252.19,1264.69,1173229.0
1670263200,1264.69,1270.82,1261.13,1262.22,841414.0
1670266800,1262.2,1263.71,1246.59,1253.75,1778774.0
1670270400,1253.74,1257.52,1251.8,1256.77,561561.0
1670274000,1256.77,1259.8,1255.84,1259.58,344141.0
1670277600,1259.59,1260.99,1256.5,1259.5,269968.0
1670281200,1259.51,1260.97,1254.72,1259.51,455860.0
1670284800,1259.51,1267.26,1259.49,1266.74,866707.0
1670288400,1266.76,1269.96,1263.13,1263.4,765811.0
1670292000,1263.41,1267.33,1263.28,1265.18,366141.0
1670295600,1265.19,1268.78,1260.7,1261.75,699187.0
1670299200,1261.75,1262.8,1257.0,1261.5,740524.0
1670302800,1261.5,1261.65,1255.77,1257.0,531078.0
1670306400,1257.01,1262.71,1254.33,1260.91,644306.0
1670310000,1260.92,1263.41,1258.14,1260.72,406280.0
1670313600,1260.71,1265.3,1255.48,1262.78,1191405.0
1670317200,1262.78,1263.21,1255.2,1256.14,751956.0
1670320800,1256.14,1258.65,1248.07,1252.67,1711127.0
1670324400,1252.67,1257.6,1241.0,1256.3,1842442.0
1670328000,1256.31,1260.3,1254.76,1257.65,684256.0
1670331600,1257.65,1262.25,1253.18,1254.18,951210.0
1670335200,1254.18,1259.49,1249.29,1251.21,1395360.0
1670338800,1251.21,1257.3,1245.01,1254.39,1976949.0
1670342400,1254.4,1259.4,1253.16,1255.12,815177.0
1670346000,1255.07,1256.95,1249.0,1251.95,678103.0
1670349600,1251.95,1253.9,1245.2,1249.51,939537.0
1670353200,1249.5,1251.16,1242.24,1250.5,978776.0
1670356800,1250.49,1255.79,1247.57,1253.46,555747.0
1670360400,1253.46,1256.9,1252.08,1255.77,304716.0
1670364000,1255.85,1256.35,1252.06,1253.01,202187.0
1670367600,1253.01,1275.0,1252.77,1271.42,2387784.0
1670371200,1271.43,1279.0,1266.8,1269.02,1420523.0
1670374800,1269.03,1270.6,1262.75,1265.36,958099.0
1670378400,1265.36,1268.46,1263.4,1265.32,672169.0
1670382000,1265.31,1265.31,1258.83,1262.29,803877.0
1670385600,1262.29,1265.0,1260.8,1263.46,526455.0
1670389200,1263.54,1263.75,1258.18,1260.43,674621.0
1670392800,1260.43,1260.79,1247.62,1250.15,1870471.0
1670396400,1250.14,1251.33,1218.5,1224.4,5191934.0
1670400000,1224.36,1230.7,1216.8,1228.81,2221550.0
1670403600,1228.8,1230.77,1226.68,1230.67,575040.0
1670407200,1230.67,1230.67,1225.6,1229.98,571603.0
1670410800,1229.99,1230.2,1222.86,1224.81,650218.0
1670414400,1224.81,1227.33,1221.0,1224.72,950708.0
1670418000,1224.76,1235.54,1224.2,1232.85,1581987.0
1670421600,1232.85,1239.8,1231.36,1233.08,1306780.0
1670425200,1233.08,1235.91,1227.21,1233.56,1277845.0
1670428800,1233.56,1235.49,1227.16,1229.61,836298.0
1670432400,1229.61,1233.51,1228.0,1231.19,426531.0
1670436000,1231.19,1238.27,1229.03,1229.18,624783.0
1670439600,1229.19,1234.0,1228.02,1232.09,408538.0
1670443200,1232.08,1235.4,1229.42,1231.6,224109.0
1670446800,1231.67,1233.52,1229.04,1232.55,233136.0
1670450400,1232.48,1232.48,1222.0,1230.46,654963.0
1670454000,1230.45,1235.0,1229.11,1231.3,483130.0
1670457600,1231.29,1236.97,1226.65,1227.39,738110.0
1670461200,1227.38,1230.39,1222.0,1227.38,921633.0
1670464800,1227.39,1239.0,1226.27,1233.1,1202749.0
1670468400,1233.09,1235.94,1230.71,1231.62,495916.0
1670472000,1231.62,1232.85,1226.2,1227.8,629773.0
1670475600,1227.85,1229.59,1225.61,1228.76,560324.0
1670479200,1228.77,1230.0,1224.4,1228.65,587434.0
1670482800,1228.76,1235.88,1228.32,1232.39,996597.0
1670486400,1232.39,1235.0,1231.18,1233.62,407131.0
1670490000,1233.63,1234.68,1228.63,1229.86,652306.0
1670493600,1229.85,1235.81,1229.84,1233.16,508043.0
1670497200,1233.16,1248.0,1228.17,1240.37,2089561.0
1670500800,1240.38,1245.43,1237.55,1239.16,1369957.0
1670504400,1239.17,1244.87,1236.0,1244.58,1227440.0
1670508000,1244.57,1249.03,1240.38,1247.36,1566642.0
1670511600,1247.38,1255.0,1245.08,1249.45,2209110.0
1670515200,1249.46,1253.0,1248.41,1251.0,728998.0
1670518800,1251.0,1257.49,1249.27,1254.54,932793.0
1670522400,1254.54,1295.0,1252.17,1287.79,5405078.0
1670526000,1287.79,1292.36,1280.0,1284.33,1926213.0
1670529600,1284.33,1286.47,1276.08,1279.41,887935.0
1670533200,1279.4,1280.79,1276.75,1278.9,348940.0
1670536800,1278.91,1287.35,1278.91,1284.57,481470.0
1670540400,1284.58,1286.83,1280.02,1280.32,613339.0
1670544000,1280.32,1280.9,1273.12,1277.11,979701.0
1670547600,1277.11,1289.39,1276.13,1281.13,1399587.0
1670551200,1281.14,1284.23,1278.8,1281.0,622816.0
1670554800,1280.98,1286.0,1280.94,1283.62,617297.0
1670558400,1283.63,1285.59,1281.1,1283.51,534599.0
1670562000,1283.49,1283.72,1280.0,1280.75,319609.0
1670565600,1280.75,1281.02,1277.0,1279.5,682156.0
1670569200,1279.49,1283.4,1279.29,1282.0,526344.0
1670572800,1282.01,1282.49,1278.97,1280.53,428859.0
1670576400,1280.53,1288.3,1279.58,1285.11,763561.0
1670580000,1285.1,1293.66,1281.6,1285.12,1837685.0
1670583600,1285.13,1291.27,1283.2,1287.73,877086.0
1670587200,1287.73,1299.0,1279.0,1285.7,2996480.0
1670590800,1285.7,1286.93,1262.21,1275.0,3866051.0
1670594400,1275.0,1275.95,1265.27,1272.95,1785179.0
1670598000,1272.99,1277.91,1271.14,1277.68,1019564.0
1670601600,1277.68,1278.44,1274.2,1275.12,566308.0
1670605200,1275.12,1275.97,1272.0,1274.24,459061.0
1670608800,1274.24,1274.24,1266.01,1269.09,912586.0
1670612400,1269.1,1269.51,1263.27,1269.09,652398.0
1670616000,1269.09,1269.5,1260.0,1262.31,731833.0
1670619600,1262.3,1263.4,1255.0,1259.84,1177891.0
1670623200,1259.83,1264.24,1259.61,1264.24,359434.0
1670626800,1264.25,1265.66,1261.27,1263.1,380484.0
1670630400,1263.07,1267.43,1261.71,1264.35,550014.0
1670634000,1264.35,1268.7,1264.32,1265.79,476738.0
1670637600,1265.79,1266.42,1262.35,1263.88,366274.0
1670641200,1263.88,1265.67,1261.86,1265.13,298578.0
1670644800,1265.14,1266.27,1263.37,1264.12,277043.0
1670648400,1264.13,1265.2,1262.94,1263.07,217090.0
1670652000,1263.07,1266.18,1262.01,1264.92,418992.0
1670655600,1264.9,1266.89,1264.4,1264.41,334451.0
1670659200,1264.41,1266.3,1262.8,1263.43,319772.0
1670662800,1263.42,1266.0,1259.14,1265.28,803853.0
1670666400,1265.31,1266.8,1264.32,1265.33,353028.0
1670670000,1265.31,1267.69,1264.72,1266.09,298804.0
1670673600,1266.09,1267.76,1265.0,1266.59,237159.0
1670677200,1266.59,1272.67,1263.34,1267.85,992430.0
1670680800,1267.83,1274.59,1266.36,1271.85,1056347.0
1670684400,1271.84,1279.8,1271.09,1278.16,1434414.0
1670688000,1278.16,1284.54,1273.07,1274.13,1460785.0
1670691600,1274.14,1275.95,1266.07,1267.39,960411.0
1670695200,1267.38,1272.89,1267.06,1272.21,468509.0
1670698800,1272.28,1274.32,1270.0,1271.98,380834.0
1670702400,1271.93,1274.06,1270.51,1273.41,242780.0
1670706000,1273.45,1273.66,1267.62,1267.96,335199.0
1670709600,1267.95,1270.5,1267.17,1269.23,287949.0
1670713200,1269.23,1271.19,1262.0,1266.79,914608.0
1670716800,1266.79,1269.41,1265.5,1268.33,407257.0
1670720400,1268.33,1271.68,1267.8,1271.42,454826.0
1670724000,1271.41,1272.0,1269.53,1269.75,198118.0
1670727600,1269.75,1273.07,1268.68,1272.23,390429.0
1670731200,1272.24,1273.77,1271.8,1273.43,253884.0
1670734800,1273.43,1278.0,1272.38,1275.74,814821.0
1670738400,1275.74,1277.88,1273.19,1273.29,413374.0
1670742000,1273.29,1277.07,1272.91,1276.01,325954.0
1670745600,1276.01,1277.06,1272.42,1273.8,333620.0
1670749200,1273.8,1274.08,1270.41,1271.99,376461.0
1670752800,1271.98,1273.8,1270.8,1272.91,295002.0
1670756400,1272.92,1273.86,1270.95,1273.43,283827.0
1670760000,1273.44,1274.89,1271.45,1274.36,289899.0
1670763600,1274.37,1276.03,1270.5,1272.63,573446.0
1670767200,1272.62,1272.84,1268.62,1272.7,716428.0
1670770800,1272.67,1274.26,1271.5,1273.45,304293.0
1670774400,1273.45,1275.1,1270.71,1273.61,390190.0
1670778000,1273.61,1275.87,1273.01,1274.32,215837.0
1670781600,1274.35,1280.8,1273.17,1279.53,526076.0
1670785200,1279.52,1285.0,1271.16,1274.43,1354574.0
1670788800,1274.43,1274.54,1262.83,1265.67,1486114.0
1670792400,1265.67,1269.33,1263.01,1265.1,438398.0
1670796000,1265.1,1267.0,1255.3,1262.19,943890.0
1670799600,1262.19,1267.87,1260.18,1263.17,657102.0
1670803200,1263.18,1263.3,1250.69,1254.46,2223804.0
1670806800,1254.45,1258.1,1252.0,1257.12,750565.0
1670810400,1257.12,1257.61,1240.0,1244.43,2239033.0
1670814000,1244.43,1245.9,1239.29,1243.49,1236465.0
1670817600,1243.48,1246.29,1240.0,1246.2,780480.0
1670821200,1246.19,1247.62,1244.01,1247.22,403318.0
1670824800,1247.22,1247.34,1245.0,1246.48,306279.0
1670828400,1246.48,1247.61,1244.1,1245.75,344889.0
1670832000,1245.74,1248.49,1241.67,1247.65,710783.0
1670835600,1247.65,1254.88,1247.41,1252.11,1033140.0
1670839200,1252.1,1257.09,1250.78,1254.92,864047.0
1670842800,1254.91,1255.26,1252.79,1254.23,420069.0
1670846400,1254.23,1256.33,1243.39,1247.88,1782140.0
1670850000,1247.88,1252.47,1246.37,1246.91,686428.0
1670853600,1246.9,1254.98,1246.41,1250.86,1054628.0
1670857200,1250.86,1252.75,1248.25,1248.96,479591.0
1670860800,1248.97,1254.0,1248.43,1251.23,583520.0
1670864400,1251.31,1254.99,1250.57,1253.89,336053.0
1670868000,1253.9,1256.19,1252.0,1254.68,391014.0
1670871600,1254.63,1255.98,1251.2,1254.39,334917.0
1670875200,1254.36,1267.6,1253.68,1266.66,1124935.0
1670878800,1266.64,1279.48,1266.24,1275.0,2697631.0
1670882400,1275.01,1276.78,1271.0,1272.45,621757.0
1670886000,1272.41,1277.51,1271.55,1275.32,810948.0
1670889600,1275.4,1278.5,1268.54,1270.26,895072.0
1670893200,1270.26,1271.53,1265.5,1267.49,731174.0
1670896800,1267.5,1271.17,1266.15,1271.09,554047.0
1670900400,1271.09,1272.0,1268.36,1269.57,524592.0
1670904000,1269.56,1274.5,1267.35,1272.22,796412.0
1670907600,1272.21,1273.54,1270.39,1271.89,405113.0
1670911200,1271.89,1273.99,1266.0,1267.36,951472.0
1670914800,1267.36,1268.25,1254.38,1265.92,3056264.0
1670918400,1265.92,1269.94,1263.7,1264.8,999363.0
1670922000,1264.84,1283.98,1264.4,1277.71,1441830.0
1670925600,1277.71,1288.96,1274.0,1279.53,3229730.0
1670929200,1279.53,1290.0,1279.48,1286.79,1906689.0
1670932800,1286.8,1300.43,1286.15,1290.05,2542766.0
1670936400,1290.05,1348.0,1287.2,1338.0,10552021.0
1670940000,1338.01,1343.93,1332.08,1333.03,2569878.0
1670943600,1333.02,1336.84,1322.24,1324.35,2567689.0
1670947200,1324.36,1328.49,1317.0,1321.95,1533351.0
1670950800,1321.96,1325.18,1305.52,1308.77,2559132.0
1670954400,1308.77,1320.39,1307.32,1317.12,1337123.0
1670958000,1317.11,1321.92,1315.1,1317.36,706695.0
1670961600,1317.35,1321.47,1312.5,1318.66,618049.0
1670965200,1318.73,1323.0,1317.07,1320.57,437466.0
1670968800,1320.58,1322.33,1315.85,1320.84,432669.0
1670972400,1320.84,1324.75,1319.4,1321.54,607449.0
1670976000,1321.54,1326.99,1317.8,1325.07,1372699.0
1670979600,1325.18,1327.19,1320.0,1321.32,544954.0
1670983200,1321.33,1321.92,1317.5,1319.98,730034.0
1670986800,1319.98,1325.0,1319.89,1320.0,636251.0
1670990400,1320.0,1321.09,1318.51,1319.29,392528.0
1670994000,1319.3,1321.77,1316.0,1321.01,581907.0
1670997600,1321.02,1322.84,1319.08,1321.96,491059.0
1671001200,1321.97,1324.66,1321.5,1322.44,660972.0
1671004800,1322.45,1326.95,1321.39,1324.37,709693.0
1671008400,1324.37,1324.81,1319.39,1322.18,590043.0
1671012000,1322.18,1324.7,1320.62,1323.79,353982.0
1671015600,1323.79,1329.42,1323.26,1326.95,1397663.0
1671019200,1326.95,1333.66,1326.01,1332.91,2227760.0
1671022800,1332.9,1334.4,1325.13,1328.28,1343917.0
1671026400,1328.28,1343.0,1326.71,1341.2,3198862.0
1671030000,1341.21,1344.5,1335.9,1338.17,1994328.0
1671033600,1338.22,1341.76,1334.57,1336.25,1349019.0
1671037200,1336.24,1338.59,1333.26,1334.63,658242.0
1671040800,1334.62,1354.21,1312.0,1332.78,4183220.0
1671044400,1332.78,1344.35,1301.0,1307.66,7242119.0
1671048000,1307.55,1318.98,1301.65,1309.03,2910806.0
1671051600,1309.02,1314.0,1308.12,1311.61,553321.0
1671055200,1311.63,1315.69,1309.0,1312.61,489630.0
1671058800,1312.6,1312.6,1307.33,1308.52,608238.0
1671062400,1308.53,1311.96,1304.35,1305.39,842692.0
1671066000,1305.39,1309.79,1282.0,1286.83,2811860.0
1671069600,1286.83,1292.79,1282.36,1292.33,1428384.0
1671073200,1292.33,1294.69,1290.95,1292.67,660522.0
1671076800,1292.67,1292.72,1289.0,1292.72,612339.0
1671080400,1292.72,1293.21,1290.04,1290.56,429543.0
1671084000,1290.52,1292.21,1289.21,1289.59,470340.0
1671087600,1289.59,1291.13,1286.1,1287.0,622699.0
1671091200,1287.0,1289.19,1283.5,1283.65,1007249.0
1671094800,1283.65,1288.68,1282.5,1288.55,825790.0
1671098400,1288.54,1288.8,1285.15,1287.08,384908.0
1671102000,1287.08,1291.75,1284.5,1291.12,702462.0
1671105600,1291.12,1291.22,1285.5,1286.72,570156.0
1671109200,1286.71,1286.76,1268.8,1276.15,3886101.0
1671112800,1276.14,1277.88,1262.0,1270.23,1886070.0
1671116400,1270.23,1274.4,1265.62,1270.84,1466766.0
1671120000,1270.83,1271.9,1266.02,1270.4,920205.0
1671123600,1270.39,1273.62,1269.02,1270.38,600375.0
1671127200,1270.38,1272.79,1264.56,1272.79,669723.0
1671130800,1272.78,1276.0,1270.89,1275.0,565844.0
1671134400,1274.99,1275.32,1271.1,1271.44,277942.0
1671138000,1271.21,1272.51,1259.0,1264.74,1003753.0
1671141600,1264.74,1265.48,1260.27,1264.22,674551.0
1671145200,1264.22,1267.72,1259.35,1267.19,761058.0
1671148800,1267.2,1273.89,1266.37,1273.7,874405.0
1671152400,1273.71,1274.01,1268.3,1268.38,612712.0
1671156000,1268.39,1273.5,1268.38,1269.87,435402.0
1671159600,1269.87,1272.5,1269.73,1271.77,303865.0
1671163200,1271.77,1271.97,1269.35,1269.36,239259.0
1671166800,1269.36,1271.28,1267.45,1271.24,431470.0
1671170400,1271.23,1271.28,1266.69,1270.86,442298.0
1671174000,1270.85,1279.8,1270.62,1277.29,1793561.0
1671177600,1277.29,1279.12,1237.0,1244.65,4044477.0
1671181200,1244.65,1244.66,1188.0,1212.57,7238821.0
1671184800,1212.57,1213.25,1205.04,1209.58,1380154.0
1671188400,1209.58,1214.0,1208.2,1212.55,778042.0
1671192000,1212.54,1213.8,1209.24,1213.32,744380.0
1671195600,1213.31,1213.31,1206.1,1208.05,1156778.0
1671199200,1208.06,1219.0,1190.27,1214.43,3658593.0
1671202800,1214.44,1214.44,1196.42,1203.79,2428644.0
1671206400,1203.79,1204.83,1183.03,1189.01,4447523.0
1671210000,1189.04,1196.3,1188.44,1193.87,1241546.0
1671213600,1193.88,1199.66,1192.79,1196.2,645716.0
1671217200,1196.2,1205.0,1193.33,1203.19,866760.0
1671220800,1203.2,1212.88,1199.17,1204.79,1192220.0
1671224400,1204.9,1205.7,1193.68,1195.68,871175.0
1671228000,1195.64,1198.5,1170.0,1178.72,2269757.0
1671231600,1178.72,1181.31,1155.63,1166.86,5139964.0
1671235200,1166.86,1175.67,1164.07,1172.93,1544240.0
1671238800,1172.92,1175.5,1167.6,1169.52,949664.0
1671242400,1169.51,1174.15,1161.68,1173.44,1749550.0
1671246000,1173.43,1179.0,1171.01,1175.0,1188077.0
1671249600,1175.0,1182.0,1173.25,1179.69,1116479.0
1671253200,1179.81,1180.4,1176.0,1176.64,684584.0
1671256800,1176.65,1185.58,1173.0,1180.52,1762255.0
1671260400,1180.52,1183.5,1177.43,1183.03,639133.0
1671264000,1183.05,1184.32,1179.21,1180.31,612538.0
1671267600,1180.31,1182.29,1175.01,1176.95,884582.0
1671271200,1176.95,1187.0,1173.96,1184.19,995495.0
1671274800,1184.19,1189.0,1177.32,1180.21,1096315.0
1671278400,1180.2,1182.8,1177.26,1179.7,610189.0
1671282000,1179.71,1180.54,1175.25,1177.97,767559.0
1671285600,1177.86,1183.0,1176.0,1177.25,726011.0
1671289200,1177.13,1182.24,1174.5,1180.09,720275.0
1671292800,1180.06,1180.18,1176.0,1178.45,512293.0
1671296400,1178.45,1179.32,1170.16,1174.16,1099391.0
1671300000,1174.15,1179.28,1172.89,1177.02,836033.0
1671303600,1177.01,1179.93,1175.5,1176.72,251813.0
1671307200,1176.64,1179.0,1175.01,1177.47,245188.0
1671310800,1177.46,1181.62,1176.44,1178.32,389521.0
1671314400,1178.33,1187.93,1176.06,1185.99,570874.0
1671318000,1186.0,1190.0,1181.82,1186.77,1253718.0
1671321600,1186.77,1188.94,1182.26,1184.77,543979.0
1671325200,1184.67,1185.0,1180.13,1181.71,435369.0
1671328800,1181.64,1186.59,1181.5,1186.16,367830.0
1671332400,1186.18,1187.39,1184.96,1187.06,156956.0
1671336000,1187.06,1196.0,1186.42,1190.39,882789.0
1671339600,1190.39,1191.7,1186.0,1186.55,302879.0
1671343200,1186.55,1186.7,1184.55,1185.07,86881.0
1671346800,1185.08,1187.33,1184.94,1186.63,26744.0
1671350400,1186.63,1188.53,1184.43,1186.3,44853.0
1671354000,1186.3,1186.3,1186.3,1186.3,0.0
1671357600,1186.3,1186.3,1186.3,1186.3,0.0
1671361200,1186.3,1186.3,1186.3,1186.3,0.0
1671364800,1186.3,1186.3,1186.3,1186.3,0.0
1671368400,1186.3,1186.3,1186.3,1186.3,0.0
1671372000,1186.3,1186.3,1186.3,1186.3,0.0
1671375600,1186.3,1186.3,1186.3,1186.3,0.0
1671379200,1186.3,1186.3,1186.3,1186.3,0.0
1671382800,1186.3,1186.3,1186.3,1186.3,0.0
1671386400,1186.3,1186.3,1174.54,1179.93,471820.0
1671390000,1179.93,1184.0,1177.04,1183.45,644353.0
1671393600,1183.44,1186.45,1182.6,1185.33,338689.0
1671397200,1185.4,1186.99,1180.0,1181.76,307444.0
1671400800,1181.76,1195.0,1181.32,1187.27,673774.0
1671404400,1187.27,1193.6,1180.36,1182.6,682398.0
1671408000,1182.6,1194.92,1181.02,1189.03,932595.0
1671411600,1189.03,1194.0,1186.13,1189.88,536455.0
1671415200,1189.89,1190.11,1181.5,1183.47,841062.0
1671418800,1183.47,1184.47,1173.22,1178.91,1623359.0
1671422400,1178.9,1184.6,1178.01,1182.01,747683.0
1671426000,1182.05,1183.06,1177.06,1178.88,734248.0
1671429600,1178.87,1182.5,1178.02,1181.76,470404.0
1671433200,1181.76,1182.35,1177.51,1180.01,459920.0
1671436800,1179.82,1183.83,1179.08,1183.24,589076.0
1671440400,1183.24,1185.89,1182.25,1183.9,660832.0
1671444000,1183.9,1188.43,1182.75,1186.4,651077.0
1671447600,1186.4,1186.75,1182.11,1183.34,441519.0
1671451200,1183.34,1188.39,1182.32,1186.35,604139.0
1671454800,1186.35,1188.17,1182.21,1182.75,585689.0
1671458400,1182.73,1189.98,1177.2,1186.67,2137100.0
1671462000,1186.67,1188.0,1179.2,1180.0,1207845.0
1671465600,1180.01,1182.63,1170.0,1175.84,2111071.0
1671469200,1175.83,1177.07,1164.62,1173.56,1804003.0
1671472800,1173.57,1178.0,1166.98,1168.71,851705.0
1671476400,1168.7,1174.85,1167.13,1170.94,587572.0
1671480000,1170.94,1177.38,1168.24,1176.63,548666.0
1671483600,1176.63,1181.74,1175.32,1176.19,530765.0
1671487200,1176.19,1176.42,1150.0,1162.78,1986829.0
1671490800,1162.78,1169.96,1161.58,1168.03,1182960.0
1671494400,1168.02,1175.46,1163.18,1172.19,1194461.0
1671498000,1172.19,1192.84,1171.59,1185.59,2932807.0
1671501600,1185.74,1198.0,1183.15,1192.55,2192398.0
1671505200,1192.56,1199.18,1188.0,1191.98,1412207.0
1671508800,1191.99,1218.0,1190.01,1207.89,3540558.0
1671512400,1207.88,1211.0,1203.61,1208.27,1568913.0
1671516000,1208.23,1214.0,1205.12,1212.43,1080224.0
1671519600,1212.43,1213.21,1205.51,1208.11,785883.0
1671523200,1208.19,1212.28,1205.81,1210.91,883529.0
1671526800,1210.92,1211.9,1207.77,1210.74,642942.0
1671530400,1210.74,1211.17,1207.69,1208.32,491951.0
1671534000,1208.32,1221.42,1207.6,1212.42,1662438.0
1671537600,1212.43,1217.95,1212.09,1213.66,974141.0
1671541200,1213.65,1215.3,1209.0,1210.49,805688.0
1671544800,1210.49,1225.0,1203.76,1218.34,3245912.0
1671548400,1218.34,1234.0,1213.19,1217.31,4250121.0
1671552000,1217.32,1218.82,1205.01,1211.7,2497824.0
1671555600,1211.7,1213.88,1208.5,1212.5,513646.0
1671559200,1212.49,1217.98,1209.0,1214.49,731143.0
1671562800,1214.62,1218.99,1214.02,1216.71,448270.0
1671566400,1216.72,1219.79,1211.18,1212.7,582571.0
1671570000,1212.69,1216.7,1211.33,1216.15,337597.0
1671573600,1216.16,1217.41,1213.5,1215.57,219472.0
1671577200,1215.57,1221.08,1215.57,1217.0,550664.0
1671580800,1217.0,1218.85,1206.48,1208.78,1374556.0
1671584400,1208.77,1213.35,1207.33,1212.24,484431.0
1671588000,1212.29,1213.28,1209.02,1210.73,378475.0
1671591600,1210.72,1211.0,1205.8,1210.49,570709.0
1671595200,1210.38,1210.9,1205.75,1206.82,713451.0
1671598800,1206.81,1212.88,1203.28,1210.61,1108362.0
1671602400,1210.6,1212.88,1209.64,1211.43,352975.0
1671606000,1211.43,1213.99,1210.57,1210.72,376703.0
1671609600,1210.76,1219.35,1207.54,1215.15,1310555.0
1671613200,1215.15,1217.4,1213.13,1215.11,639669.0
1671616800,1215.11,1219.45,1214.32,1216.74,517021.0
1671620400,1216.74,1218.32,1213.69,1216.66,471474.0
1671624000,1216.66,1217.26,1213.0,1213.21,570178.0
1671627600,1213.21,1216.36,1208.94,1215.0,926333.0
1671631200,1215.03,1222.8,1206.0,1211.0,2167536.0
1671634800,1211.13,1216.23,1208.47,1215.33,1125879.0
1671638400,1215.33,1215.88,1208.21,1208.49,617820.0
1671642000,1208.48,1211.98,1207.0,1211.8,590128.0
1671645600,1211.81,1212.8,1208.85,1209.74,206654.0
1671649200,1209.75,1211.92,1206.36,1208.74,350521.0
1671652800,1208.74,1210.36,1207.14,1210.1,271499.0
1671656400,1210.09,1212.48,1209.11,1212.23,283428.0
1671660000,1212.24,1212.34,1209.78,1210.01,194168.0
1671663600,1210.01,1215.53,1208.42,1213.85,416735.0
1671667200,1213.85,1218.0,1211.73,1217.78,717840.0
1671670800,1217.78,1218.58,1212.42,1212.77,486117.0
1671674400,1212.77,1214.92,1211.76,1214.57,266173.0
1671678000,1214.57,1215.68,1213.16,1214.46,202249.0
1671681600,1214.47,1214.99,1210.99,1211.85,354246.0
1671685200,1211.85,1212.64,1209.6,1211.2,628985.0
1671688800,1211.2,1212.16,1209.83,1210.87,327697.0
1671692400,1210.8,1214.0,1209.27,1213.82,444100.0
1671696000,1213.82,1219.0,1212.22,1215.16,1317026.0
1671699600,1215.15,1221.71,1213.75,1218.76,1262499.0
1671703200,1218.77,1220.91,1216.46,1216.77,432182.0
1671706800,1216.77,1219.65,1214.55,1217.39,539392.0
1671710400,1217.39,1218.61,1215.0,1215.41,429688.0
1671714000,1215.44,1216.41,1208.01,1210.55,1815182.0
1671717600,1210.54,1211.79,1189.18,1192.95,3829210.0
1671721200,1192.94,1193.25,1183.82,1186.67,3200054.0
1671724800,1186.64,1191.0,1185.11,1190.6,1069675.0
1671728400,1190.6,1191.18,1183.0,1187.31,1154207.0
1671732000,1187.3,1191.43,1185.5,1189.26,695479.0
1671735600,1189.27,1194.99,1188.47,1194.86,682366.0
1671739200,1194.87,1240.0,1193.94,1217.44,4378381.0
1671742800,1217.41,1218.79,1214.03,1215.23,519253.0
1671746400,1215.23,1219.88,1213.33,1216.3,407895.0
1671750000,1216.22,1218.81,1215.11,1218.06,396412.0
1671753600,1218.07,1219.5,1215.0,1215.39,448406.0
1671757200,1215.4,1217.73,1214.82,1217.24,329429.0
1671760800,1217.33,1229.0,1215.8,1224.66,1191849.0
1671764400,1224.66,1229.75,1222.5,1224.0,1230866.0
1671768000,1223.99,1224.56,1221.1,1223.56,460243.0
1671771600,1223.56,1225.37,1220.22,1221.35,487543.0
1671775200,1221.43,1222.94,1219.55,1221.34,417486.0
1671778800,1221.34,1222.9,1220.82,1221.7,252095.0
1671782400,1221.69,1222.16,1215.0,1218.25,857749.0
1671786000,1218.25,1219.89,1216.7,1219.09,429947.0
1671789600,1219.1,1226.4,1218.46,1223.93,1019296.0
1671793200,1223.92,1225.0,1221.74,1222.93,436511.0
1671796800,1222.92,1224.77,1221.02,1224.57,360007.0
1671800400,1224.57,1232.74,1210.0,1220.72,4037059.0
1671804000,1220.71,1222.4,1212.4,1215.38,1846402.0
1671807600,1215.38,1224.74,1214.03,1219.26,1324167.0
1671811200,1219.27,1220.0,1216.0,1217.85,494996.0
1671814800,1217.84,1220.67,1216.63,1219.22,292711.0
1671818400,1219.01,1221.59,1217.31,1218.72,210255.0
1671822000,1218.85,1221.0,1217.87,1220.4,125773.0
1671825600,1220.34,1221.41,1217.16,1219.75,205305.0
1671829200,1219.77,1222.62,1218.1,1221.61,237864.0
1671832800,1221.61,1221.66,1217.0,1218.47,259274.0
1671836400,1218.47,1220.96,1218.21,1220.01,187115.0
1671840000,1220.02,1221.0,1219.0,1219.01,215224.0
1671843600,1219.0,1219.58,1216.0,1216.23,365307.0
1671847200,1216.23,1217.98,1215.37,1217.16,277269.0
1671850800,1217.15,1219.48,1217.0,1219.28,333445.0
1671854400,1219.28,1219.48,1217.21,1217.72,236172.0
1671858000,1217.72,1217.83,1215.0,1216.86,378033.0
1671861600,1216.86,1217.1,1214.7,1217.01,263660.0
1671865200,1217.01,1220.5,1216.85,1220.01,525848.0
1671868800,1220.01,1220.5,1217.6,1217.78,254636.0
1671872400,1217.78,1219.0,1216.36,1218.25,295427.0
1671876000,1218.25,1218.97,1217.76,1217.99,120138.0
1671879600,1217.99,1219.86,1217.98,1218.97,225571.0
1671883200,1218.98,1219.1,1217.55,1217.58,132220.0
1671886800,1217.54,1219.14,1217.5,1217.63,130774.0
1671890400,1217.63,1219.18,1217.35,1217.99,168222.0
1671894000,1218.0,1219.18,1217.75,1218.91,137409.0
1671897600,1218.92,1219.18,1217.45,1218.75,155620.0
1671901200,1218.75,1220.0,1218.49,1219.65,157596.0
1671904800,1219.66,1222.0,1219.52,1221.78,259262.0
1671908400,1221.79,1228.0,1221.58,1223.53,707636.0
1671912000,1223.54,1223.85,1221.53,1221.63,169916.0
1671915600,1221.63,1222.76,1218.24,1218.95,244540.0
1671919200,1218.95,1220.35,1218.0,1218.84,167450.0
1671922800,1218.84,1222.22,1218.32,1220.68,171221.0
1671926400,1220.69,1221.85,1219.58,1221.78,142639.0
1671930000,1221.79,1224.4,1221.49,1221.5,296337.0
1671933600,1221.5,1222.07,1219.67,1220.22,198575.0
1671937200,1220.21,1222.39,1220.12,1221.0,104723.0
1671940800,1221.01,1221.11,1218.53,1219.0,235143.0
1671944400,1219.0,1219.65,1215.45,1219.23,629885.0
1671948000,1219.24,1219.5,1218.1,1219.26,139424.0
1671951600,1219.25,1221.0,1218.08,1219.96,135599.0
1671955200,1219.96,1220.5,1219.43,1219.81,147422.0
1671958800,1219.82,1222.0,1219.81,1220.81,241327.0
1671962400,1220.81,1220.95,1217.77,1218.89,225236.0
1671966000,1218.88,1219.69,1217.43,1217.75,245634.0
1671969600,1217.71,1219.3,1217.0,1218.66,164394.0
1671973200,1218.67,1219.42,1217.32,1218.61,176224.0
1671976800,1218.6,1218.7,1190.0,1214.36,3744029.0
1671980400,1214.36,1218.0,1209.37,1211.19,1318547.0
1671984000,1211.18,1212.9,1207.0,1211.69,580972.0
1671987600,1211.68,1212.33,1209.1,1209.49,204530.0
1671991200,1209.48,1210.8,1208.01,1209.3,226328.0
1671994800,1209.29,1210.0,1193.41,1209.87,1447422.0
1671998400,1209.87,1209.87,1204.11,1206.47,325847.0
1672002000,1206.47,1227.0,1205.84,1219.02,1431388.0
1672005600,1219.07,1222.94,1215.91,1217.37,512823.0
1672009200,1217.4,1219.59,1215.88,1218.64,394650.0
1672012800,1218.63,1219.72,1216.47,1218.48,318842.0
1672016400,1218.48,1222.6,1217.5,1221.36,485837.0
1672020000,1221.36,1224.6,1219.48,1221.8,559234.0
1672023600,1221.81,1222.83,1219.18,1220.86,327991.0
1672027200,1220.87,1223.07,1219.43,1220.15,371949.0
1672030800,1220.15,1222.22,1219.6,1219.7,284187.0
1672034400,1219.72,1220.54,1217.52,1219.0,280224.0
1672038000,1219.0,1221.0,1218.64,1220.6,195287.0
1672041600,1220.61,1220.85,1218.12,1219.45,246202.0
1672045200,1219.45,1221.3,1218.67,1219.28,218362.0
1672048800,1219.29,1223.4,1219.0,1219.1,495437.0
1672052400,1219.09,1221.67,1218.66,1220.64,316022.0
1672056000,1220.64,1220.96,1219.5,1219.83,169368.0
1672059600,1219.82,1219.97,1210.93,1215.98,1081209.0
1672063200,1215.99,1217.65,1214.4,1217.18,387515.0
1672066800,1217.17,1217.17,1213.49,1215.5,357235.0
1672070400,1215.63,1217.5,1213.76,1216.49,300986.0
1672074000,1216.48,1216.6,1214.0,1215.08,260094.0
1672077600,1215.07,1215.6,1212.75,1214.01,208021.0
1672081200,1214.0,1220.89,1213.81,1217.53,395354.0
1672084800,1217.54,1218.5,1216.27,1217.4,90398.0
1672088400,1217.46,1219.29,1215.5,1216.71,152740.0
1672092000,1216.71,1219.1,1216.04,1218.29,141991.0
1672095600,1218.29,1231.35,1216.33,1227.74,1439065.0
1672099200,1227.78,1233.78,1221.67,1224.61,1586406.0
1672102800,1224.61,1226.0,1221.45,1223.1,414225.0
1672106400,1223.09,1225.1,1222.91,1224.17,316365.0
1672110000,1224.18,1224.47,1221.6,1223.65,245124.0
1672113600,1223.65,1224.49,1222.5,1224.22,188917.0
1672117200,1224.22,1224.58,1222.33,1222.69,201985.0
1672120800,1222.69,1224.4,1221.71,1224.19,275733.0
1672124400,1224.2,1224.2,1220.27,1222.21,416384.0
1672128000,1222.21,1222.35,1211.66,1217.21,1049110.0
1672131600,1217.21,1223.0,1216.39,1222.57,703214.0
1672135200,1222.56,1223.77,1220.15,1221.43,469012.0
1672138800,1221.44,1221.73,1217.14,1219.5,394293.0
1672142400,1219.5,1219.81,1216.01,1217.46,479582.0
1672146000,1217.45,1219.56,1214.75,1217.99,527179.0
1672149600,1217.98,1219.11,1205.09,1210.33,2027780.0
1672153200,1210.34,1218.14,1206.85,1211.6,1580757.0
1672156800,1211.59,1212.96,1208.73,1210.5,554903.0
1672160400,1210.55,1212.16,1200.0,1207.31,1246396.0
1672164000,1207.3,1208.55,1205.02,1206.73,541986.0
1672167600,1206.73,1211.36,1205.22,1211.18,442268.0
1672171200,1211.18,1212.34,1208.84,1209.61,213006.0
1672174800,1209.56,1212.43,1208.6,1211.49,138639.0
1672178400,1211.49,1215.0,1210.92,1211.14,289025.0
1672182000,1211.14,1213.8,1210.73,1211.56,260013.0
1672185600,1211.57,1213.3,1206.13,1208.49,467604.0
1672189200,1208.48,1216.0,1204.4,1209.3,898970.0
1672192800,1209.3,1211.04,1206.0,1206.19,463731.0
1672196400,1206.18,1206.84,1184.16,1197.3,3875717.0
1672200000,1197.31,1199.36,1196.0,1197.07,559018.0
1672203600,1197.07,1197.99,1188.0,1191.19,1416912.0
1672207200,1191.19,1194.52,1189.73,1194.16,694897.0
1672210800,1194.16,1196.32,1193.67,1194.23,447871.0
1672214400,1194.24,1197.4,1193.41,1194.47,434008.0
1672218000,1194.48,1198.0,1193.56,1195.82,340356.0
1672221600,1195.8,1198.26,1194.6,1196.46,400252.0
1672225200,1196.46,1197.88,1195.0,1195.91,265431.0
1672228800,1195.9,1196.88,1192.61,1193.9,412309.0
1672232400,1193.89,1196.78,1192.0,1194.8,479608.0
1672236000,1194.8,1209.83,1190.58,1204.49,2753836.0
1672239600,1204.5,1207.98,1185.4,1189.32,2685321.0
1672243200,1189.31,1194.07,1187.8,1192.82,768231.0
1672246800,1192.92,1197.65,1191.3,1196.44,491530.0
1672250400,1196.43,1201.61,1196.29,1196.72,704706.0
1672254000,1196.8,1198.25,1192.4,1193.29,344778.0
1672257600,1193.29,1195.38,1191.45,1194.7,224221.0
1672261200,1194.76,1194.97,1180.0,1187.72,1600198.0
1672264800,1187.71,1189.43,1184.22,1186.19,375497.0
1672268400,1186.19,1191.89,1185.07,1190.62,528881.0
1672272000,1190.63,1195.64,1188.91,1194.28,741092.0
1672275600,1194.29,1195.0,1190.76,1191.49,401756.0
1672279200,1191.5,1192.35,1186.76,1191.68,742573.0
1672282800,1191.67,1194.85,1190.16,1194.75,389833.0
1672286400,1194.76,1198.0,1193.04,1195.29,818465.0
1672290000,1195.29,1195.93,1192.6,1195.0,367786.0
1672293600,1195.0,1195.25,1192.66,1193.37,232646.0
1672297200,1193.36,1194.88,1191.62,1194.8,369645.0
1672300800,1194.8,1195.55,1190.16,1192.11,651215.0
1672304400,1192.11,1203.67,1191.93,1199.02,1837916.0
1672308000,1199.02,1201.0,1197.16,1199.75,475405.0
1672311600,1199.76,1202.97,1198.81,1199.05,439557.0
1672315200,1199.05,1201.72,1198.1,1199.69,370254.0
1672318800,1199.68,1207.39,1198.37,1200.64,1259705.0
1672322400,1200.63,1205.5,1199.66,1202.03,916833.0
1672326000,1202.04,1206.43,1200.69,1201.16,662412.0
1672329600,1201.17,1203.2,1198.4,1201.06,733850.0
1672333200,1201.05,1201.79,1195.0,1198.17,496637.0
1672336800,1198.17,1200.73,1195.91,1200.66,297679.0
1672340400,1200.66,1202.35,1196.2,1198.9,442369.0
1672344000,1198.9,1199.53,1191.61,1196.54,708978.0
1672347600,1196.53,1197.15,1194.1,1195.16,202220.0
1672351200,1195.16,1203.29,1194.22,1198.01,390963.0
1672354800,1198.01,1204.67,1197.14,1200.5,665895.0
1672358400,1200.48,1202.39,1198.57,1200.05,340612.0
1672362000,1200.05,1200.7,1195.0,1196.24,455873.0
1672365600,1196.22,1200.52,1195.52,1197.87,539588.0
1672369200,1197.87,1199.63,1196.0,1197.53,331524.0
1672372800,1197.54,1198.35,1196.11,1198.14,264233.0
1672376400,1198.14,1198.32,1191.37,1194.35,780195.0
1672380000,1194.35,1195.99,1193.0,1193.85,515022.0
1672383600,1193.84,1194.48,1184.57,1188.32,1987742.0
1672387200,1188.31,1192.32,1187.72,1191.1,753082.0
1672390800,1191.1,1195.0,1190.82,1192.52,750033.0
1672394400,1192.53,1193.28,1190.2,1190.83,335092.0
1672398000,1190.84,1193.09,1190.04,1190.73,318813.0
1672401600,1190.72,1193.68,1188.33,1192.44,674861.0
1672405200,1192.44,1193.84,1190.16,1191.17,353540.0
1672408800,1191.16,1194.5,1181.24,1189.49,1926052.0
1672412400,1189.5,1198.99,1187.6,1195.18,1857553.0
1672416000,1195.17,1196.15,1192.93,1195.63,561773.0
1672419600,1195.64,1196.47,1194.0,1195.7,230649.0
1672423200,1195.69,1198.55,1194.12,1197.69,407520.0
1672426800,1197.7,1198.07,1194.71,1195.14,178070.0
1672430400,1195.13,1197.8,1195.05,1197.42,182878.0
1672434000,1197.42,1202.0,1197.41,1198.33,784515.0
1672437600,1198.33,1199.92,1197.29,1198.28,245358.0
1672441200,1198.29,1200.62,1197.69,1199.76,323590.0
1672444800,1199.75,1200.16,1196.76,1197.11,306853.0
1672448400,1197.11,1197.75,1195.77,1196.28,223678.0
1672452000,1196.29,1197.53,1195.49,1196.58,182096.0
1672455600,1196.58,1196.85,1193.67,1194.24,320068.0
1672459200,1194.24,1196.11,1194.11,1195.51,222849.0
1672462800,1195.51,1196.29,1191.88,1193.66,281848.0
1672466400,1193.65,1195.87,1193.11,1195.46,209079.0
1672470000,1195.46,1197.48,1195.0,1197.01,266760.0
1672473600,1197.02,1198.0,1195.39,1196.02,355346.0
1672477200,1196.02,1197.0,1195.74,1196.74,136643.0
1672480800,1196.75,1200.39,1196.65,1198.28,552905.0
1672484400,1198.29,1199.0,1196.58,1197.05,294965.0
1672488000,1197.05,1198.15,1195.46,1197.5,437823.0
1672491600,1197.5,1202.77,1197.0,1201.09,891372.0
1672495200,1201.1,1209.0,1200.2,1203.4,1769400.0
1672498800,1203.41,1205.8,1202.52,1202.93,343956.0
1672502400,1202.93,1204.35,1201.0,1203.04,365674.0
1672506000,1203.04,1203.3,1198.83,1201.13,541287.0
1672509600,1201.13,1201.35,1199.61,1199.97,100697.0
1672513200,1199.97,1206.5,1199.8,1203.15,359620.0
1672516800,1203.16,1204.31,1202.5,1202.73,110160.0
1672520400,1202.74,1203.43,1200.23,1200.62,99976.0
1672524000,1200.62,1201.8,1192.23,1196.8,695258.0
1672527600,1196.81,1197.78,1193.8,1196.44,537115.0
1672531200,1196.59,1197.09,1192.68,1194.05,548311.0
1672534800,1194.06,1196.66,1193.79,1196.22,234736.0
1672538400,1196.21,1197.29,1194.21,1195.96,246215.0
1672542000,1195.96,1195.96,1191.67,1194.4,640762.0
1672545600,1194.4,1194.41,1191.0,1193.42,434929.0
1672549200,1193.41,1195.0,1193.13,1194.69,245315.0
1672552800,1194.69,1195.5,1194.01,1194.58,193541.0
1672556400,1194.57,1195.74,1193.0,1194.86,327788.0
1672560000,1194.87,1195.99,1193.87,1194.04,203585.0
1672563600,1194.04,1196.79,1193.5,1196.55,282288.0
1672567200,1196.53,1197.12,1195.07,1196.89,204811.0
1672570800,1196.89,1197.42,1195.5,1196.15,188986.0
1672574400,1196.14,1198.25,1195.5,1197.0,322550.0
1672578000,1197.0,1197.16,1193.2,1195.02,385830.0
1672581600,1195.02,1195.7,1194.04,1194.28,143278.0
1672585200,1194.27,1196.5,1194.02,1196.34,159910.0
1672588800,1196.34,1198.52,1195.64,1197.3,437196.0
1672592400,1197.3,1204.0,1197.3,1200.63,863891.0
1672596000,1200.62,1202.92,1200.62,1200.87,267320.0
1672599600,1200.87,1204.78,1200.87,1201.77,396724.0
1672603200,1201.77,1204.73,1201.05,1201.32,180959.0
1672606800,1201.35,1202.89,1200.29,1202.47,131339.0
1672610400,1202.47,1202.9,1200.2,1201.0,113363.0
1672614000,1201.0,1202.56,1199.0,1200.45,229809.0
1672617600,1200.27,1200.86,1197.08,1198.22,348720.0
1672621200,1198.21,1198.28,1193.0,1194.84,919159.0
1672624800,1194.83,1197.22,1194.2,1196.68,243884.0
1672628400,1196.67,1203.67,1196.38,1201.68,713574.0
1672632000,1201.68,1202.86,1199.67,1201.48,614623.0
1672635600,1201.48,1202.5,1199.87,1201.95,318381.0
1672639200,1201.95,1203.8,1200.06,1201.18,412864.0
1672642800,1201.19,1221.75,1201.0,1212.96,3473992.0
1672646400,1212.94,1216.89,1212.5,1215.31,828374.0
1672650000,1215.32,1219.01,1215.16,1216.74,1025034.0
1672653600,1216.73,1225.42,1216.21,1217.5,1140629.0
1672657200,1217.5,1217.75,1214.01,1217.38,544646.0
1672660800,1217.38,1218.6,1216.27,1216.51,319678.0
1672664400,1216.51,1216.85,1214.01,1215.05,410721.0
1672668000,1215.06,1218.83,1214.69,1216.79,495531.0
1672671600,1216.78,1221.0,1215.56,1218.76,880687.0
1672675200,1218.76,1219.25,1215.51,1215.97,361477.0
1672678800,1215.96,1217.07,1215.38,1216.78,208796.0
1672682400,1216.79,1219.1,1216.46,1217.85,158803.0
1672686000,1217.92,1219.18,1217.09,1218.96,108128.0
1672689600,1218.96,1219.01,1216.28,1218.36,107474.0
1672693200,1218.36,1223.98,1218.03,1219.98,384460.0
1672696800,1219.87,1220.37,1210.75,1214.91,550278.0
1672700400,1214.9,1217.19,1212.59,1213.87,426651.0
1672704000,1213.87,1216.69,1212.68,1215.59,344042.0
1672707600,1215.58,1215.84,1211.22,1214.2,627727.0
1672711200,1214.2,1215.42,1213.03,1214.0,224828.0
1672714800,1214.01,1216.28,1212.92,1215.62,272026.0
1672718400,1215.62,1215.86,1213.38,1213.61,263978.0
1672722000,1213.61,1218.0,1213.46,1217.85,378635.0
1672725600,1217.85,1219.9,1216.24,1216.72,630590.0
1672729200,1216.73,1217.17,1215.55,1216.55,234586.0
1672732800,1216.53,1216.98,1214.01,1215.69,467025.0
1672736400,1215.7,1218.67,1215.7,1217.34,351188.0
1672740000,1217.37,1218.4,1215.56,1215.72,240244.0
1672743600,1215.71,1217.11,1214.3,1215.11,280280.0
1672747200,1215.11,1216.8,1214.66,1215.29,242693.0
1672750800,1215.29,1217.83,1215.21,1216.25,361544.0
1672754400,1216.26,1219.16,1205.0,1210.1,2263319.0
1672758000,1210.1,1212.24,1206.8,1211.86,1775789.0
1672761600,1211.87,1212.81,1207.41,1207.82,1059885.0
1672765200,1207.82,1210.18,1207.05,1209.11,452366.0
1672768800,1209.1,1209.63,1206.98,1208.18,283384.0
1672772400,1208.17,1210.87,1205.17,1209.7,575863.0
1672776000,1209.7,1212.66,1209.69,1210.87,336823.0
1672779600,1210.88,1212.39,1210.25,1211.45,156068.0
1672783200,1211.4,1212.8,1210.18,1212.58,148980.0
1672786800,1212.58,1217.0,1212.09,1214.6,632147.0
1672790400,1214.61,1215.0,1212.75,1213.56,247135.0
1672794000,1213.55,1230.0,1213.27,1223.9,2628263.0
1672797600,1223.91,1235.0,1223.9,1231.09,2268448.0
1672801200,1231.1,1260.0,1231.09,1250.41,5516785.0
1672804800,1250.41,1254.43,1248.34,1250.04,1770163.0
1672808400,1250.04,1250.85,1247.04,1247.93,589528.0
1672812000,1247.94,1251.53,1247.18,1250.26,600985.0
1672815600,1250.25,1252.87,1247.42,1251.51,1217109.0
1672819200,1251.51,1264.12,1247.9,1250.37,2240661.0
1672822800,1250.44,1251.79,1249.31,1249.69,372120.0
1672826400,1249.7,1249.84,1248.76,1249.7,322360.0
1672830000,1249.7,1253.79,1249.31,1251.29,479852.0
1672833600,1251.3,1256.52,1250.3,1250.76,746001.0
1672837200,1250.77,1253.64,1250.38,1253.19,338591.0
1672840800,1253.2,1255.39,1249.0,1251.21,1096866.0
1672844400,1251.21,1258.0,1241.55,1255.75,2638122.0
1672848000,1255.74,1258.0,1251.0,1254.03,969813.0
1672851600,1254.04,1274.0,1252.77,1260.69,2496919.0
1672855200,1260.7,1267.69,1257.65,1261.95,1056607.0
1672858800,1261.85,1265.49,1251.38,1254.4,1818010.0
1672862400,1254.43,1254.63,1245.19,1251.48,843271.0
1672866000,1251.47,1253.92,1250.74,1253.11,217856.0
1672869600,1253.18,1258.0,1252.49,1253.42,262242.0
1672873200,1253.42,1257.9,1253.11,1257.0,355743.0
1672876800,1257.0,1260.0,1253.12,1254.12,592034.0
1672880400,1254.11,1256.99,1252.56,1254.31,444145.0
1672884000,1254.3,1254.77,1252.68,1253.98,297046.0
1672887600,1253.98,1254.09,1251.92,1252.99,344830.0
1672891200,1253.0,1254.34,1252.43,1253.08,303725.0
1672894800,1253.08,1254.76,1252.62,1253.38,264963.0
1672898400,1253.38,1253.99,1248.8,1250.86,513602.0
1672902000,1250.87,1251.33,1247.58,1251.09,565065.0
1672905600,1251.15,1252.4,1248.33,1251.2,508206.0
1672909200,1251.19,1251.2,1245.43,1249.28,818568.0
1672912800,1249.28,1253.1,1248.88,1251.54,514704.0
1672916400,1251.54,1255.6,1250.8,1255.44,530362.0
1672920000,1255.44,1255.66,1251.63,1252.9,416011.0
1672923600,1252.9,1253.99,1247.0,1247.3,1086913.0
1672927200,1247.29,1250.76,1243.06,1248.56,1489570.0
1672930800,1248.55,1252.9,1247.95,1249.33,1008840.0
1672934400,1249.32,1250.6,1247.21,1248.94,354390.0
1672938000,1248.93,1250.26,1247.01,1247.5,208962.0
1672941600,1247.49,1251.93,1247.0,1251.53,313982.0
1672945200,1251.33,1254.84,1251.14,1253.47,399691.0
1672948800,1253.48,1254.35,1252.13,1253.54,214045.0
1672952400,1253.55,1254.02,1250.99,1252.44,221870.0
1672956000,1252.44,1253.0,1250.58,1250.87,91563.0
1672959600,1250.87,1253.1,1248.03,1251.28,475481.0
1672963200,1251.31,1258.64,1250.22,1255.43,705346.0
1672966800,1255.42,1255.77,1250.56,1251.06,473730.0
1672970400,1251.05,1252.19,1248.05,1252.04,595467.0
1672974000,1252.05,1253.51,1250.37,1250.87,355647.0
1672977600,1250.88,1252.15,1248.26,1251.34,408271.0
1672981200,1251.34,1251.35,1247.0,1249.72,434875.0
1672984800,1249.72,1249.72,1246.0,1248.22,433878.0
1672988400,1248.23,1248.66,1246.54,1248.22,332960.0
1672992000,1248.23,1250.3,1247.92,1249.41,276311.0
1672995600,1249.41,1249.41,1246.11,1248.5,418177.0
1672999200,1248.5,1249.0,1245.0,1245.9,382705.0
1673002800,1245.9,1247.17,1235.5,1243.8,1627281.0
1673006400,1243.79,1245.47,1242.0,1244.32,574400.0
1673010000,1244.32,1254.0,1233.56,1250.38,3669943.0
1673013600,1250.38,1252.88,1246.02,1248.2,1067384.0
1673017200,1248.2,1265.85,1248.2,1262.47,2624811.0
1673020800,1262.47,1269.47,1259.63,1263.98,1607583.0
1673024400,1263.97,1269.0,1261.54,1263.23,981766.0
1673028000,1263.24,1270.0,1263.24,1266.32,875374.0
1673031600,1266.33,1277.83,1264.69,1272.66,1775045.0
1673035200,1272.66,1276.22,1265.1,1265.43,975698.0
1673038800,1265.39,1267.64,1264.61,1265.66,371729.0
1673042400,1265.66,1270.26,1265.55,1268.97,271219.0
1673046000,1269.04,1271.0,1267.4,1268.41,378298.0
1673049600,1268.41,1270.53,1265.63,1270.31,430295.0
1673053200,1270.32,1270.63,1267.81,1268.18,273156.0
1673056800,1268.18,1268.64,1265.6,1266.1,291261.0
1673060400,1266.1,1266.78,1265.0,1266.36,200272.0
1673064000,1266.36,1266.36,1263.45,1264.56,237152.0
1673067600,1264.55,1264.58,1263.26,1264.33,235780.0
1673071200,1264.32,1264.7,1261.96,1264.69,434068.0
1673074800,1264.68,1266.89,1264.61,1266.46,270873.0
1673078400,1266.46,1266.79,1263.63,1264.5,411380.0
1673082000,1264.5,1266.12,1263.51,1264.93,254248.0
1673085600,1264.93,1265.25,1263.75,1263.82,154993.0
1673089200,1263.81,1264.15,1262.5,1263.45,238645.0
1673092800,1263.44,1263.92,1261.11,1263.35,405064.0
1673096400,1263.34,1265.21,1261.54,1262.52,267505.0
1673100000,1262.51,1265.26,1261.0,1264.77,444542.0
1673103600,1264.77,1264.99,1263.1,1264.67,139687.0
1673107200,1264.68,1264.68,1261.52,1262.3,177550.0
1673110800,1262.29,1263.42,1261.52,1262.01,174464.0
1673114400,1262.0,1264.3,1262.0,1263.71,197197.0
1673118000,1263.72,1265.69,1263.41,1264.89,197170.0
1673121600,1264.91,1265.24,1262.21,1263.82,172876.0
1673125200,1263.81,1266.62,1262.0,1263.79,354341.0
1673128800,1263.8,1264.61,1261.5,1262.6,245205.0
1673132400,1262.52,1264.15,1261.16,1263.8,156103.0
1673136000,1263.86,1264.5,1256.96,1261.05,716227.0
1673139600,1261.04,1262.3,1259.03,1262.08,331065.0
1673143200,1262.08,1262.73,1259.3,1261.84,233163.0
1673146800,1261.84,1263.18,1260.41,1262.95,261471.0
1673150400,1262.95,1263.1,1261.77,1262.0,129855.0
1673154000,1262.0,1263.7,1261.99,1263.7,132222.0
1673157600,1263.7,1264.0,1262.43,1263.99,189495.0
1673161200,1264.0,1264.48,1261.92,1263.32,226617.0
1673164800,1263.37,1263.7,1262.0,1263.15,180971.0
1673168400,1263.16,1266.0,1261.72,1263.08,561681.0
1673172000,1263.08,1263.99,1261.17,1262.76,283750.0
1673175600,1262.85,1263.25,1261.24,1261.5,174147.0
1673179200,1261.41,1262.47,1261.0,1261.94,161162.0
1673182800,1261.93,1263.7,1261.93,1263.22,131682.0
1673186400,1263.22,1266.31,1263.17,1266.15,476901.0
1673190000,1266.16,1276.01,1264.15,1274.36,1804582.0
1673193600,1274.36,1282.0,1261.66,1263.95,2625789.0
1673197200,1263.94,1267.88,1263.0,1264.58,735615.0
1673200800,1264.58,1265.72,1263.23,1265.32,151228.0
1673204400,1265.32,1266.49,1264.55,1264.83,145798.0
1673208000,1264.77,1271.89,1264.01,1270.63,718190.0
1673211600,1270.63,1273.53,1268.93,1269.64,501761.0
1673215200,1269.64,1271.54,1267.76,1269.37,373353.0
1673218800,1269.37,1298.0,1269.37,1290.07,3713461.0
1673222400,1290.08,1295.71,1284.88,1294.97,1955955.0
1673226000,1294.97,1303.23,1288.44,1293.62,2117286.0
1673229600,1293.61,1313.33,1290.92,1306.6,4235681.0
1673233200,1306.59,1313.73,1304.25,1309.98,1289185.0
1673236800,1309.99,1315.0,1308.22,1310.57,1438175.0
1673240400,1310.57,1313.49,1308.0,1308.2,726313.0
1673244000,1308.2,1311.48,1307.56,1308.8,513809.0
1673247600,1308.8,1312.93,1307.6,1311.48,803125.0
1673251200,1311.48,1320.0,1308.0,1309.75,1453827.0
1673254800,1309.75,1327.0,1309.22,1317.29,2591230.0
1673258400,1317.25,1328.33,1316.17,1322.38,1747470.0
1673262000,1322.39,1324.16,1317.31,1318.38,920343.0
1673265600,1318.39,1322.6,1315.39,1320.14,969928.0
1673269200,1320.13,1325.76,1316.19,1319.83,1232411.0
1673272800,1319.82,1330.67,1316.5,1325.85,1831204.0
1673276400,1325.85,1342.0,1322.5,1335.55,3898391.0
1673280000,1335.55,1344.49,1335.55,1337.49,2522100.0
1673283600,1337.5,1344.31,1335.8,1341.0,1199581.0
1673287200,1341.01,1344.28,1331.0,1335.38,1400897.0
1673290800,1335.39,1335.8,1330.0,1330.34,758243.0
1673294400,1330.3,1331.87,1316.98,1321.73,1847016.0
1673298000,1321.73,1325.73,1316.63,1319.03,828132.0
1673301600,1319.06,1324.85,1318.06,1321.32,469103.0
1673305200,1321.49,1323.65,1315.58,1320.4,827012.0
1673308800,1320.4,1327.9,1320.32,1327.69,709045.0
1673312400,1327.68,1329.91,1322.64,1324.86,884287.0
1673316000,1324.94,1328.71,1316.72,1321.47,1068462.0
1673319600,1321.47,1325.49,1319.49,1325.05,383623.0
1673323200,1325.05,1328.2,1322.72,1327.89,615645.0
1673326800,1327.88,1328.47,1323.48,1326.99,492800.0
1673330400,1327.13,1327.38,1322.6,1325.2,414294.0
1673334000,1325.21,1325.76,1322.37,1323.39,313301.0
1673337600,1323.42,1332.8,1321.6,1328.32,1149772.0
1673341200,1328.33,1332.0,1326.75,1329.65,610095.0
1673344800,1329.6,1334.8,1328.4,1333.3,730813.0
1673348400,1333.29,1333.72,1328.14,1329.21,624051.0
1673352000,1329.21,1330.15,1324.31,1325.4,797962.0
1673355600,1325.41,1329.4,1322.32,1328.37,887021.0
1673359200,1328.37,1337.47,1323.43,1331.77,2364656.0
1673362800,1331.78,1340.57,1328.17,1333.39,2515328.0
1673366400,1333.39,1334.5,1327.56,1330.02,850772.0
1673370000,1330.02,1332.82,1328.84,1332.1,371917.0
1673373600,1332.11,1342.0,1331.41,1340.76,1303812.0
1673377200,1340.78,1343.87,1337.6,1339.09,805683.0
1673380800,1339.1,1348.46,1335.14,1341.52,1313714.0
1673384400,1341.51,1342.99,1338.14,1338.5,394361.0
1673388000,1338.51,1339.36,1333.5,1333.89,389411.0
1673391600,1333.88,1337.98,1333.0,1335.16,554370.0
1673395200,1335.2,1340.39,1333.62,1337.29,582231.0
1673398800,1337.3,1341.47,1334.36,1337.74,671676.0
1673402400,1337.74,1338.4,1330.0,1330.03,787528.0
1673406000,1330.05,1332.2,1327.03,1331.27,886815.0
1673409600,1331.26,1332.6,1329.05,1330.86,318984.0
1673413200,1330.87,1334.6,1330.01,1330.76,476053.0
1673416800,1330.75,1334.0,1327.3,1333.52,699352.0
1673420400,1333.52,1335.84,1332.97,1335.28,392517.0
1673424000,1335.28,1335.55,1331.22,1334.59,448279.0
1673427600,1334.51,1337.37,1334.1,1334.83,406929.0
1673431200,1334.86,1337.66,1333.81,1335.64,343119.0
1673434800,1335.63,1337.25,1333.01,1335.99,444449.0
1673438400,1335.99,1335.99,1331.83,1332.19,578356.0
1673442000,1332.19,1335.76,1329.47,1333.1,804278.0
1673445600,1333.11,1334.61,1328.53,1332.6,840092.0
1673449200,1332.6,1335.0,1321.0,1323.0,1945890.0
1673452800,1322.99,1327.48,1321.7,1325.0,913051.0
1673456400,1325.0,1329.37,1324.47,1327.51,368391.0
1673460000,1327.5,1345.58,1327.37,1337.38,2640079.0
1673463600,1337.48,1344.47,1335.0,1342.75,863186.0
1673467200,1342.75,1345.0,1340.24,1341.23,545469.0
1673470800,1341.23,1344.69,1339.48,1342.61,397098.0
1673474400,1342.64,1361.36,1340.5,1349.0,2809306.0
1673478000,1349.01,1408.43,1349.0,1389.66,6102488.0
1673481600,1389.48,1422.37,1386.01,1416.09,4080902.0
1673485200,1416.09,1416.91,1397.6,1401.67,2783920.0
1673488800,1401.67,1409.64,1397.13,1400.0,1331985.0
1673492400,1400.04,1403.92,1399.25,1401.13,640820.0
1673496000,1401.13,1405.7,1400.5,1403.77,496250.0
1673499600,1403.78,1405.77,1393.62,1395.83,1060232.0
1673503200,1395.83,1402.71,1395.63,1399.4,726661.0
1673506800,1399.4,1402.91,1397.69,1398.9,682391.0
1673510400,1398.91,1400.8,1395.0,1400.79,736586.0
1673514000,1400.8,1403.0,1399.24,1400.04,616393.0
1673517600,1400.04,1402.8,1397.0,1399.73,562633.0
1673521200,1399.73,1400.14,1395.5,1398.12,560428.0
1673524800,1398.12,1400.64,1391.37,1399.95,1189335.0
1673528400,1399.95,1409.02,1355.0,1404.72,9386080.0
1673532000,1404.71,1408.0,1372.01,1381.15,4650162.0
1673535600,1381.14,1389.0,1379.42,1385.18,1549729.0
1673539200,1385.19,1388.47,1383.12,1386.71,666189.0
1673542800,1386.72,1435.0,1384.77,1428.66,5901811.0
1673546400,1428.66,1432.83,1412.45,1420.84,2870197.0
1673550000,1420.93,1440.92,1417.0,1425.82,1871156.0
1673553600,1425.91,1434.99,1422.66,1433.61,1224087.0
1673557200,1433.43,1439.99,1422.2,1425.87,1239964.0
1673560800,1425.87,1427.14,1416.55,1422.5,620912.0
1673564400,1422.49,1422.5,1413.5,1415.91,630712.0
1673568000,1415.99,1418.64,1403.0,1406.26,1467717.0
1673571600,1406.26,1409.39,1401.19,1407.64,847725.0
1673575200,1407.7,1410.0,1405.35,1409.27,581624.0
1673578800,1409.26,1415.53,1408.41,1414.94,864049.0
1673582400,1414.95,1415.97,1410.33,1410.62,510418.0
1673586000,1410.61,1413.5,1406.01,1406.89,576644.0
1673589600,1406.88,1412.7,1405.8,1411.35,391012.0
1673593200,1411.34,1412.13,1406.0,1408.42,465439.0
1673596800,1408.41,1410.65,1406.87,1409.0,362908.0
1673600400,1409.0,1412.88,1408.92,1410.01,625767.0
1673604000,1410.02,1419.33,1403.5,1416.06,1737256.0
1673607600,1416.06,1416.75,1407.32,1409.61,857809.0
1673611200,1409.61,1410.71,1401.84,1406.9,997347.0
1673614800,1406.89,1407.97,1403.38,1404.85,673976.0
1673618400,1404.89,1416.8,1402.71,1409.26,1530594.0
1673622000,1409.16,1424.61,1408.39,1421.55,2703468.0
1673625600,1421.43,1422.1,1406.72,1411.51,1621723.0
1673629200,1411.5,1425.0,1410.18,1416.88,1622015.0
1673632800,1416.88,1425.0,1415.51,1416.11,1076988.0
1673636400,1416.12,1420.73,1414.21,1420.0,458148.0
1673640000,1420.0,1431.79,1417.03,1426.71,1267483.0
1673643600,1426.92,1463.0,1420.23,1455.31,4366945.0
1673647200,1455.32,1465.0,1448.0,1453.48,2096833.0
1673650800,1453.48,1457.38,1442.02,1451.18,1130755.0
1673654400,1451.17,1647.33,1449.21,1543.25,13963672.0
1673658000,1542.95,1565.6,1537.27,1554.0,3223643.0
1673661600,1553.99,1563.0,1551.71,1559.95,1886123.0
1673665200,1559.94,1562.33,1549.09,1558.38,1214860.0
1673668800,1558.28,1559.94,1552.51,1554.75,790198.0
1673672400,1554.75,1555.86,1543.0,1548.8,1138211.0
1673676000,1548.8,1558.2,1548.8,1557.66,605417.0
1673679600,1557.52,1559.0,1551.24,1555.09,574885.0
1673683200,1554.98,1566.98,1553.71,1562.98,1133269.0
1673686800,1562.98,1563.72,1507.86,1523.88,5835330.0
1673690400,1523.89,1524.98,1505.2,1522.81,1818777.0
1673694000,1522.68,1536.06,1522.06,1529.96,1465227.0
1673697600,1529.95,1547.6,1520.0,1538.43,1821794.0
1673701200,1538.5,1540.46,1529.09,1534.17,985422.0
1673704800,1534.21,1547.0,1507.14,1522.96,2834513.0
1673708400,1522.96,1528.64,1516.17,1524.78,1122715.0
1673712000,1524.71,1534.18,1523.34,1530.0,1091312.0
1673715600,1530.0,1538.2,1526.78,1529.78,922717.0
1673719200,1529.79,1536.29,1525.7,1533.63,501734.0
1673722800,1533.62,1538.79,1526.51,1529.88,497412.0
1673726400,1529.88,1538.25,1527.39,1535.75,274549.0
1673730000,1535.85,1542.9,1531.25,1539.32,514341.0
1673733600,1539.32,1565.5,1538.0,1551.73,971847.0
1673737200,1551.74,1554.63,1544.81,1549.73,708960.0
1673740800,1549.73,1552.58,1516.0,1527.98,2452139.0
1673744400,1528.06,1530.54,1519.38,1529.0,834143.0
1673748000,1529.0,1531.9,1520.11,1522.75,558517.0
1673751600,1522.67,1527.47,1516.8,1525.95,672983.0
1673755200,1525.94,1529.74,1524.93,1527.0,339778.0
1673758800,1526.99,1530.37,1524.62,1528.57,381736.0
1673762400,1528.53,1529.5,1523.82,1525.73,249786.0
1673766000,1525.72,1529.6,1521.27,1529.52,463379.0
1673769600,1529.49,1531.96,1520.0,1523.7,877954.0
1673773200,1523.7,1534.5,1520.75,1533.7,842890.0
1673776800,1533.69,1534.05,1527.49,1532.04,544864.0
1673780400,1532.0,1535.88,1528.62,1533.75,485732.0
1673784000,1533.75,1539.39,1529.08,1532.54,712959.0
1673787600,1532.39,1541.57,1530.0,1531.72,919221.0
1673791200,1531.71,1543.18,1530.51,1539.66,766126.0
1673794800,1539.66,1560.8,1537.58,1556.31,2281475.0
1673798400,1556.31,1564.9,1543.26,1545.67,1813298.0
1673802000,1545.67,1568.0,1545.33,1551.85,1977092.0
1673805600,1551.85,1551.99,1532.16,1547.98,2226092.0
1673809200,1547.97,1557.87,1542.01,1550.14,716659.0
1673812800,1550.14,1554.89,1545.88,1554.13,352200.0
1673816400,1554.17,1554.87,1548.64,1552.13,205945.0
1673820000,1552.14,1561.67,1541.85,1558.05,684946.0
1673823600,1558.06,1562.0,1548.08,1552.99,544642.0
1673827200,1552.98,1561.0,1541.0,1557.68,1274637.0
1673830800,1557.7,1579.12,1554.0,1568.16,3145979.0
1673834400,1568.16,1585.0,1563.24,1572.69,1988871.0
1673838000,1572.89,1574.68,1563.77,1569.01,1029904.0
1673841600,1569.02,1573.84,1566.91,1572.69,593910.0
1673845200,1572.58,1576.75,1570.5,1575.46,629008.0
1673848800,1575.45,1578.15,1568.59,1570.79,931519.0
1673852400,1570.69,1571.14,1562.24,1566.18,809462.0
1673856000,1566.17,1566.95,1521.16,1538.15,4158391.0
1673859600,1538.26,1546.0,1537.0,1544.37,690906.0
1673863200,1544.38,1553.0,1544.09,1546.88,849774.0
1673866800,1546.94,1548.1,1539.76,1542.47,485679.0
1673870400,1542.48,1546.0,1537.6,1539.03,425470.0
1673874000,1539.03,1546.6,1538.76,1544.67,498083.0
1673877600,1544.69,1549.8,1531.2,1542.09,1302099.0
1673881200,1542.1,1554.05,1521.02,1549.68,3567858.0
1673884800,1549.6,1559.92,1545.57,1551.35,1512698.0
1673888400,1551.36,1562.3,1548.1,1561.08,1204649.0
1673892000,1561.08,1576.6,1557.01,1572.4,1263909.0
1673895600,1572.4,1610.0,1571.39,1591.49,3597526.0
1673899200,1591.5,1602.08,1583.78,1586.66,1123231.0
1673902800,1586.92,1587.86,1573.11,1579.55,1115288.0
1673906400,1579.55,1586.8,1577.43,1579.08,442763.0
1673910000,1578.97,1582.93,1571.71,1576.49,557728.0
1673913600,1576.48,1582.18,1553.52,1566.18,2146151.0
1673917200,1566.19,1569.64,1538.0,1555.63,2032051.0
1673920800,1555.63,1563.96,1552.4,1562.61,691101.0
1673924400,1562.61,1566.35,1557.82,1563.39,513235.0
1673928000,1563.4,1578.0,1561.5,1567.54,1183087.0
1673931600,1567.54,1571.29,1566.72,1569.97,375704.0
1673935200,1569.97,1570.74,1556.88,1559.57,634958.0
1673938800,1559.57,1568.29,1558.17,1563.7,784125.0
1673942400,1563.49,1570.36,1562.32,1568.89,709353.0
1673946000,1568.89,1572.29,1562.14,1564.61,636526.0
1673949600,1564.6,1565.15,1558.0,1561.65,610841.0
1673953200,1561.64,1570.0,1560.71,1569.06,553324.0
1673956800,1569.06,1576.56,1564.48,1570.0,1392424.0
1673960400,1570.0,1573.9,1564.16,1570.0,554686.0
1673964000,1570.01,1610.49,1565.25,1580.5,6889101.0
1673967600,1580.5,1587.99,1560.25,1571.19,2597411.0
1673971200,1571.18,1579.17,1564.54,1574.21,1202950.0
1673974800,1574.22,1581.94,1568.03,1579.33,632626.0
1673978400,1579.33,1599.38,1575.83,1596.03,1360277.0
1673982000,1596.0,1597.1,1585.7,1588.87,707138.0
1673985600,1588.83,1592.86,1577.45,1586.61,608649.0
1673989200,1586.95,1587.99,1575.76,1580.66,395643.0
1673992800,1580.65,1581.76,1571.88,1574.42,344325.0
1673996400,1574.42,1578.61,1563.17,1565.68,961412.0
1674000000,1565.7,1574.94,1563.06,1570.81,783399.0
1674003600,1570.97,1581.86,1570.01,1581.19,559270.0
1674007200,1581.19,1588.0,1570.5,1583.85,1394088.0
1674010800,1584.01,1592.88,1581.68,1581.78,1124159.0
1674014400,1581.73,1586.0,1578.66,1585.26,541709.0
1674018000,1585.26,1588.8,1583.1,1587.13,417168.0
1674021600,1587.13,1587.62,1580.0,1581.92,370673.0
1674025200,1581.93,1584.59,1579.02,1582.84,461381.0
1674028800,1582.85,1583.5,1571.49,1576.73,930458.0
1674032400,1576.73,1582.49,1570.5,1578.55,844401.0
1674036000,1578.56,1579.97,1572.01,1573.67,471494.0
1674039600,1573.67,1578.7,1573.1,1575.95,319231.0
1674043200,1576.04,1583.85,1576.04,1579.73,461696.0
1674046800,1579.7,1600.0,1575.0,1594.0,3439584.0
1674050400,1594.0,1610.0,1586.8,1593.41,4139892.0
1674054000,1593.41,1602.87,1530.19,1550.45,7239363.0
1674057600,1550.26,1550.44,1497.16,1538.27,10620607.0
1674061200,1538.28,1567.75,1535.7,1542.12,5519668.0
1674064800,1542.3,1555.74,1536.02,1542.24,1882924.0
1674068400,1542.24,1549.22,1538.13,1542.1,581569.0
1674072000,1542.11,1545.22,1516.38,1521.87,1707113.0
1674075600,1521.61,1533.25,1520.0,1529.11,530649.0
1674079200,1529.12,1532.6,1517.56,1531.75,612663.0
1674082800,1531.75,1533.99,1507.12,1511.32,1433340.0
1674086400,1511.72,1524.52,1509.94,1516.55,1059080.0
1674090000,1516.56,1524.45,1515.9,1518.18,520428.0
1674093600,1518.17,1526.43,1513.22,1524.86,694704.0
1674097200,1524.87,1528.0,1523.42,1524.95,459516.0
1674100800,1524.95,1532.67,1524.44,1528.01,677457.0
1674104400,1528.01,1531.7,1526.36,1528.22,312726.0
1674108000,1528.31,1531.48,1525.0,1530.39,552731.0
1674111600,1530.44,1532.42,1527.02,1528.14,325450.0
1674115200,1528.16,1531.68,1526.02,1527.04,445607.0
1674118800,1527.01,1529.0,1519.05,1527.84,723176.0
1674122400,1527.84,1529.37,1522.13,1525.92,356633.0
1674126000,1525.91,1526.0,1516.56,1520.05,842392.0
1674129600,1520.05,1523.99,1514.0,1520.21,719541.0
1674133200,1520.19,1529.17,1514.23,1525.86,1272613.0
1674136800,1525.85,1539.45,1520.44,1533.46,1927235.0
1674140400,1533.41,1548.47,1531.53,1533.22,2171401.0
1674144000,1533.23,1540.0,1530.65,1535.09,768335.0
1674147600,1535.1,1541.76,1522.12,1529.0,1011077.0
1674151200,1529.0,1543.42,1527.64,1538.71,951169.0
1674154800,1538.72,1555.0,1536.83,1551.43,1399438.0
1674158400,1551.44,1565.14,1551.44,1557.3,1382222.0
1674162000,1557.35,1560.74,1544.11,1544.59,717977.0
1674165600,1544.59,1552.0,1543.68,1551.14,552952.0
1674169200,1551.13,1556.05,1546.12,1550.94,450740.0
1674172800,1550.95,1554.83,1545.7,1548.0,584137.0
1674176400,1548.01,1558.0,1545.52,1556.32,797228.0
1674180000,1556.2,1564.23,1553.3,1553.42,923229.0
1674183600,1553.41,1556.16,1551.0,1554.18,357409.0
1674187200,1554.18,1557.0,1546.0,1547.01,786217.0
1674190800,1547.0,1551.51,1543.0,1547.46,821687.0
1674194400,1547.46,1550.0,1543.76,1545.65,523478.0
1674198000,1545.68,1553.61,1542.03,1550.51,828833.0
1674201600,1550.51,1552.22,1545.37,1551.61,614750.0
1674205200,1551.61,1556.02,1547.83,1552.06,536257.0
1674208800,1552.15,1553.14,1548.15,1552.26,424390.0
1674212400,1552.27,1553.88,1548.3,1549.15,283193.0
1674216000,1549.15,1560.97,1549.0,1557.63,963804.0
1674219600,1557.62,1562.0,1551.52,1553.7,1008374.0
1674223200,1553.7,1569.36,1551.01,1560.06,1691039.0
1674226800,1560.07,1569.84,1558.59,1562.9,1336074.0
1674230400,1562.89,1594.75,1560.91,1585.35,3721532.0
1674234000,1585.35,1598.14,1585.34,1591.89,1482735.0
1674237600,1591.9,1598.99,1583.24,1592.0,1627042.0
1674241200,1592.07,1602.19,1589.25,1600.81,1248011.0
1674244800,1600.8,1647.0,1600.8,1641.99,6108572.0
1674248400,1642.0,1652.6,1635.53,1637.37,1789176.0
1674252000,1637.37,1680.0,1636.01,1653.24,2459776.0
1674255600,1653.25,1663.09,1650.56,1658.64,986147.0
1674259200,1658.76,1679.38,1654.03,1655.24,2599016.0
1674262800,1655.25,1658.91,1652.44,1652.78,614774.0
1674266400,1652.79,1657.24,1642.12,1648.45,904431.0
1674270000,1648.59,1650.98,1645.0,1649.15,496168.0
1674273600,1649.15,1654.99,1647.65,1650.02,530914.0
1674277200,1650.03,1650.41,1645.74,1646.09,315754.0
1674280800,1646.1,1654.2,1645.01,1653.0,441370.0
1674284400,1653.0,1654.54,1649.21,1651.21,371302.0
1674288000,1651.2,1654.49,1646.3,1647.53,522031.0
1674291600,1647.53,1665.64,1645.2,1662.6,1552938.0
1674295200,1662.6,1680.0,1612.46,1642.08,6115676.0
1674298800,1641.86,1650.69,1632.47,1646.89,1133427.0
1674302400,1646.89,1660.0,1645.02,1658.31,1130735.0
1674306000,1658.31,1658.6,1645.21,1650.58,816088.0
1674309600,1650.47,1654.66,1646.57,1648.79,592148.0
1674313200,1648.78,1668.54,1643.09,1646.87,2378823.0
1674316800,1646.93,1661.19,1645.0,1657.49,1141524.0
1674320400,1657.5,1661.94,1647.01,1655.02,969012.0
1674324000,1654.91,1661.95,1649.39,1660.67,461035.0
1674327600,1660.67,1669.0,1657.19,1662.9,560283.0
1674331200,1662.77,1667.66,1653.82,1653.97,478521.0
1674334800,1653.97,1664.61,1651.4,1663.37,454316.0
1674338400,1663.25,1663.76,1625.0,1628.86,688927.0
1674342000,1628.86,1644.27,1622.42,1627.3,1573007.0
1674345600,1627.22,1637.17,1622.69,1633.0,771203.0
1674349200,1632.99,1634.14,1615.05,1625.06,1137714.0
1674352800,1625.05,1626.6,1603.12,1616.4,1185612.0
1674356400,1616.61,1624.0,1616.0,1623.29,498080.0
1674360000,1623.3,1629.69,1621.44,1626.59,414427.0
1674363600,1626.59,1632.25,1625.71,1628.03,470430.0
1674367200,1627.89,1631.74,1626.22,1628.68,301500.0
1674370800,1628.67,1630.35,1626.52,1626.76,243227.0
1674374400,1626.76,1631.97,1621.01,1631.74,584610.0
1674378000,1631.67,1632.0,1623.0,1625.22,457108.0
1674381600,1625.22,1628.29,1620.22,1625.83,418235.0
1674385200,1625.82,1628.88,1619.02,1624.78,531261.0
1674388800,1624.8,1635.51,1620.17,1634.0,694660.0
1674392400,1633.99,1638.0,1630.29,1632.09,709545.0
1674396000,1632.08,1646.88,1630.7,1642.41,861147.0
1674399600,1642.41,1650.49,1616.08,1635.25,2956241.0
1674403200,1635.25,1641.8,1629.23,1637.01,794445.0
1674406800,1637.02,1665.75,1635.0,1657.01,1526165.0
1674410400,1657.01,1660.4,1646.11,1647.16,695920.0
1674414000,1647.16,1648.85,1632.54,1635.11,688041.0
1674417600,1635.1,1636.36,1606.83,1614.74,1969839.0
1674421200,1614.9,1630.92,1608.0,1628.35,891415.0
1674424800,1628.44,1630.84,1622.31,1629.56,352371.0
1674428400,1629.54,1634.41,1624.08,1627.78,566664.0
1674432000,1627.73,1639.74,1626.19,1635.7,624820.0
1674435600,1635.7,1642.89,1635.7,1636.09,464483.0
1674439200,1636.33,1641.46,1636.2,1641.06,328282.0
1674442800,1641.06,1643.0,1628.19,1630.71,594731.0
1674446400,1630.72,1636.83,1629.0,1636.83,392166.0
1674450000,1636.83,1637.42,1631.18,1632.29,216781.0
1674453600,1632.28,1638.35,1630.88,1637.12,298621.0
1674457200,1637.11,1637.91,1627.39,1633.57,616425.0
1674460800,1633.56,1639.75,1631.0,1631.75,562732.0
1674464400,1631.74,1635.53,1630.89,1635.09,256461.0
1674468000,1635.1,1639.81,1633.42,1637.0,520734.0
1674471600,1637.0,1638.25,1633.34,1636.75,350691.0
1674475200,1636.75,1639.75,1629.54,1635.81,775569.0
1674478800,1635.81,1636.95,1613.0,1622.42,1678263.0
1674482400,1622.42,1650.0,1583.07,1598.96,4654957.0
1674486000,1598.89,1626.81,1593.83,1620.84,2863882.0
1674489600,1620.84,1625.81,1612.19,1620.04,835722.0
1674493200,1620.21,1629.71,1615.39,1629.6,662724.0
1674496800,1629.6,1641.18,1626.66,1628.92,1348628.0
1674500400,1628.94,1630.77,1608.58,1619.75,1081440.0
1674504000,1619.74,1635.61,1618.18,1635.22,556006.0
1674507600,1635.23,1636.0,1629.34,1631.88,298751.0
1674511200,1631.88,1635.84,1622.0,1627.59,250850.0
1674514800,1627.68,1630.66,1624.73,1626.35,249224.0
1674518400,1626.48,1634.47,1622.89,1631.73,545620.0
1674522000,1631.99,1639.52,1627.47,1638.25,593938.0
1674525600,1638.24,1641.88,1635.29,1635.41,687455.0
1674529200,1635.42,1639.71,1633.43,1639.18,320880.0
1674532800,1639.19,1640.96,1635.36,1636.59,314937.0
1674536400,1636.51,1639.82,1634.5,1638.4,298339.0
1674540000,1638.4,1638.85,1635.4,1637.05,224531.0
1674543600,1637.04,1637.68,1633.22,1636.28,319384.0
1674547200,1636.28,1637.36,1634.5,1634.79,213486.0
1674550800,1634.79,1635.2,1614.22,1618.16,2283837.0
1674554400,1618.16,1626.82,1617.16,1623.12,652771.0
1674558000,1623.12,1626.97,1621.49,1625.63,314385.0
1674561600,1625.63,1632.48,1621.81,1627.14,584871.0
1674565200,1627.14,1630.87,1612.04,1617.35,1060294.0
1674568800,1617.36,1623.29,1603.0,1613.47,2305455.0
1674572400,1613.47,1621.99,1607.23,1620.49,1059624.0
1674576000,1620.85,1622.42,1612.0,1614.73,583054.0
1674579600,1614.55,1618.35,1606.47,1617.0,900723.0
1674583200,1616.99,1625.42,1614.0,1620.26,610907.0
1674586800,1620.23,1624.92,1618.52,1622.55,227739.0
1674590400,1622.74,1624.68,1607.0,1615.41,694748.0
1674594000,1615.32,1621.99,1588.38,1598.87,1377541.0
1674597600,1598.85,1602.39,1525.0,1561.67,3767953.0
1674601200,1561.56,1565.0,1543.91,1556.02,2030627.0
1674604800,1556.02,1557.64,1541.4,1549.17,1509613.0
1674608400,1549.16,1550.88,1510.82,1535.41,3069532.0
1674612000,1535.42,1543.0,1534.5,1540.7,616219.0
1674615600,1540.69,1546.85,1539.85,1546.59,502888.0
1674619200,1546.54,1548.75,1545.08,1545.37,403416.0
1674622800,1545.37,1551.54,1544.61,1548.55,498006.0
1674626400,1548.55,1556.94,1545.74,1554.73,641592.0
1674630000,1554.58,1558.71,1552.49,1553.01,624041.0
1674633600,1553.01,1556.79,1549.24,1550.64,533905.0
1674637200,1550.63,1552.15,1540.96,1545.44,1047608.0
1674640800,1545.49,1548.59,1538.44,1547.32,868119.0
1674644400,1547.32,1549.78,1543.91,1545.98,313001.0
1674648000,1545.99,1563.85,1545.69,1560.29,1401702.0
1674651600,1560.29,1566.75,1552.88,1554.62,1165932.0
1674655200,1554.61,1555.77,1533.47,1536.77,2262175.0
1674658800,1536.76,1546.66,1524.05,1544.27,2538497.0
1674662400,1544.28,1552.76,1541.07,1548.85,1238818.0
1674666000,1548.91,1554.04,1544.68,1548.69,671745.0
1674669600,1548.6,1556.0,1547.74,1555.5,552542.0
1674673200,1555.57,1562.37,1553.71,1561.22,708877.0
1674676800,1561.3,1584.18,1561.3,1580.64,1883416.0
1674680400,1580.53,1626.4,1570.96,1618.67,2952544.0
1674684000,1618.65,1641.79,1574.0,1585.83,3803730.0
1674687600,1585.93,1617.6,1580.27,1611.55,2145238.0
1674691200,1611.65,1633.48,1610.16,1629.27,1808588.0
1674694800,1629.26,1630.1,1615.0,1616.9,1160397.0
1674698400,1616.89,1622.88,1610.1,1614.05,771182.0
1674702000,1614.05,1618.02,1613.24,1615.0,411726.0
1674705600,1615.0,1619.0,1612.6,1616.0,415018.0
1674709200,1616.0,1620.81,1614.42,1619.67,288901.0
1674712800,1619.67,1622.36,1593.29,1613.66,1836416.0
1674716400,1613.71,1613.88,1604.13,1605.04,587894.0
1674720000,1605.03,1610.47,1602.5,1608.25,527011.0
1674723600,1608.26,1610.84,1600.91,1606.62,741326.0
1674727200,1606.62,1608.36,1591.0,1603.61,1161009.0
1674730800,1603.6,1605.64,1599.25,1604.59,497516.0
1674734400,1604.68,1617.5,1602.8,1616.12,898918.0
1674738000,1616.1,1618.93,1593.0,1617.99,2182480.0
1674741600,1617.99,1621.0,1596.03,1605.69,2071688.0
1674745200,1605.68,1616.49,1582.3,1590.37,2214716.0
1674748800,1590.25,1595.57,1576.79,1593.83,1809964.0
1674752400,1593.73,1598.69,1590.35,1591.88,469087.0
1674756000,1591.88,1607.85,1589.37,1601.13,792224.0
1674759600,1601.03,1605.98,1596.04,1604.0,337213.0
1674763200,1603.7,1611.94,1601.58,1609.21,455329.0
1674766800,1609.22,1609.95,1593.52,1603.37,402019.0
1674770400,1603.37,1609.85,1600.04,1601.54,332727.0
1674774000,1601.58,1604.11,1597.03,1601.08,307827.0
1674777600,1601.27,1607.09,1586.01,1589.24,936910.0
1674781200,1589.23,1592.38,1552.0,1563.06,3254473.0
1674784800,1563.06,1573.0,1561.01,1570.39,708358.0
1674788400,1570.38,1571.99,1565.29,1565.88,438530.0
1674792000,1565.87,1569.99,1563.26,1564.98,465132.0
1674795600,1564.98,1590.9,1564.7,1583.25,1107849.0
1674799200,1583.25,1585.82,1577.7,1582.14,624246.0
1674802800,1582.15,1586.8,1578.0,1585.78,464884.0
1674806400,1585.78,1586.41,1577.64,1579.09,507225.0
1674810000,1579.09,1581.32,1575.55,1578.76,418645.0
1674813600,1578.75,1581.77,1572.12,1577.12,460654.0
1674817200,1577.18,1579.26,1573.5,1579.26,367652.0
1674820800,1579.25,1581.0,1572.0,1575.41,508918.0
1674824400,1575.4,1585.0,1560.0,1572.44,2107609.0
1674828000,1572.43,1590.79,1563.29,1580.0,1552617.0
1674831600,1580.0,1594.44,1574.0,1574.76,1824343.0
1674835200,1574.73,1591.0,1574.03,1589.1,876481.0
1674838800,1589.1,1612.0,1587.32,1605.5,1622232.0
1674842400,1605.5,1608.43,1598.23,1604.05,589402.0
1674846000,1604.04,1611.47,1602.05,1609.54,387600.0
1674849600,1609.62,1622.14,1592.0,1598.94,1769143.0
1674853200,1598.93,1606.0,1595.72,1599.3,324232.0
1674856800,1599.23,1600.24,1586.0,1592.99,417124.0
1674860400,1592.99,1599.52,1592.99,1597.38,213340.0
1674864000,1597.37,1606.65,1593.85,1604.07,578359.0
1674867600,1604.07,1604.95,1594.27,1595.86,429828.0
1674871200,1595.85,1598.99,1592.2,1595.62,345874.0
1674874800,1595.63,1600.38,1595.5,1598.93,224014.0
1674878400,1598.93,1602.3,1598.19,1599.38,333576.0
1674882000,1599.37,1603.72,1596.19,1600.3,415038.0
1674885600,1600.4,1600.74,1593.0,1597.3,397452.0
1674889200,1597.3,1597.6,1586.0,1593.31,603092.0
1674892800,1593.31,1594.24,1586.0,1587.27,380989.0
1674896400,1587.27,1593.77,1584.47,1592.38,473107.0
1674900000,1592.37,1592.37,1576.32,1584.77,990755.0
1674903600,1584.77,1587.74,1580.8,1586.53,463255.0
1674907200,1586.53,1586.53,1580.0,1583.25,547940.0
1674910800,1583.26,1583.38,1562.68,1573.57,2266348.0
1674914400,1573.56,1574.98,1570.26,1571.18,362988.0
1674918000,1571.08,1581.14,1567.48,1578.56,923034.0
1674921600,1578.5,1580.94,1576.3,1577.93,335251.0
1674925200,1577.92,1579.48,1569.42,1576.69,500533.0
1674928800,1576.69,1577.5,1570.55,1572.66,206674.0
1674932400,1572.73,1578.97,1572.07,1577.33,178944.0
1674936000,1577.38,1577.86,1560.0,1561.32,625114.0
1674939600,1561.17,1569.8,1555.0,1567.63,593489.0
1674943200,1567.63,1569.23,1561.0,1565.06,403795.0
1674946800,1565.07,1574.65,1562.32,1572.59,380351.0
1674950400,1572.59,1588.56,1567.0,1585.16,1092703.0
1674954000,1585.17,1620.0,1585.17,1603.6,3658627.0
1674957600,1603.6,1608.0,1582.52,1592.19,1923783.0
1674961200,1592.19,1595.59,1588.88,1594.5,465831.0
1674964800,1594.5,1599.64,1592.11,1598.24,444419.0
1674968400,1598.24,1599.52,1593.78,1597.3,384398.0
1674972000,1597.34,1597.79,1592.24,1594.13,302740.0
1674975600,1594.22,1595.24,1588.08,1592.41,423672.0
1674979200,1592.4,1595.0,1588.89,1590.59,295873.0
1674982800,1590.6,1605.0,1589.84,1600.98,1419080.0
1674986400,1600.98,1616.0,1600.79,1612.25,1891623.0
1674990000,1612.26,1620.0,1593.36,1609.34,1689628.0
1674993600,1609.17,1613.98,1603.1,1610.85,757657.0
1674997200,1610.86,1628.0,1609.53,1612.91,1794264.0
1675000800,1612.9,1616.42,1605.04,1615.4,1029382.0
1675004400,1615.4,1616.49,1609.73,1611.63,430260.0
1675008000,1611.62,1619.1,1605.67,1614.21,955735.0
1675011600,1614.21,1622.2,1611.53,1617.83,551726.0
1675015200,1617.82,1633.65,1613.73,1629.43,1185385.0
1675018800,1629.44,1663.84,1628.87,1655.2,2836855.0
1675022400,1655.21,1656.88,1626.7,1636.21,1665406.0
1675026000,1636.2,1648.92,1633.33,1643.96,698829.0
1675029600,1643.96,1646.6,1641.25,1644.13,242745.0
1675033200,1644.14,1655.38,1642.16,1645.44,843639.0
1675036800,1645.53,1648.0,1636.8,1646.74,815730.0
1675040400,1646.75,1648.0,1633.55,1639.24,825203.0
1675044000,1639.23,1639.5,1632.08,1636.41,489919.0
1675047600,1636.4,1639.2,1634.65,1638.69,306509.0
1675051200,1638.68,1641.97,1635.2,1636.68,511877.0
1675054800,1636.68,1636.93,1632.5,1636.75,488639.0
1675058400,1636.75,1637.31,1625.0,1630.02,628585.0
1675062000,1630.02,1632.66,1621.93,1627.65,593980.0
1675065600,1627.6,1630.87,1615.06,1620.8,1256304.0
1675069200,1620.8,1621.42,1581.7,1588.23,4823273.0
1675072800,1588.23,1595.68,1575.0,1586.27,1834144.0
1675076400,1586.27,1589.27,1578.0,1581.86,1252890.0
1675080000,1581.74,1585.6,1566.37,1577.97,2032492.0
1675083600,1577.97,1581.85,1576.58,1577.51,468767.0
1675087200,1577.5,1596.48,1575.39,1596.31,1432297.0
1675090800,1596.31,1596.99,1571.0,1584.81,1581029.0
1675094400,1584.81,1591.23,1578.08,1583.26,853148.0
1675098000,1583.26,1588.96,1579.53,1581.34,489925.0
1675101600,1581.33,1584.12,1573.95,1578.62,661182.0
1675105200,1578.62,1578.62,1529.53,1554.63,3262330.0
1675108800,1554.62,1554.9,1534.97,1553.49,915948.0
1675112400,1553.49,1561.44,1552.32,1557.02,506602.0
1675116000,1556.96,1568.99,1545.27,1564.16,752981.0
1675119600,1564.37,1568.39,1560.82,1566.16,535706.0
1675123200,1566.17,1576.76,1562.13,1570.51,890671.0
1675126800,1570.52,1575.59,1563.35,1570.09,713445.0
1675130400,1570.08,1575.65,1569.0,1569.07,501096.0
1675134000,1569.12,1570.89,1567.0,1569.09,327628.0
1675137600,1569.08,1573.0,1566.56,1572.73,302423.0
1675141200,1572.67,1573.0,1561.51,1562.19,470943.0
1675144800,1562.2,1569.87,1561.8,1565.88,424899.0
1675148400,1565.99,1581.69,1565.68,1579.94,941154.0
1675152000,1579.94,1583.99,1566.84,1572.1,1003034.0
1675155600,1572.11,1575.97,1570.6,1572.01,448067.0
1675159200,1572.0,1574.3,1565.61,1567.54,426132.0
1675162800,1567.54,1572.74,1566.67,1571.4,370899.0
1675166400,1571.4,1576.24,1571.0,1573.79,516174.0
1675170000,1573.79,1588.92,1572.48,1588.21,1898224.0
1675173600,1588.21,1589.86,1579.33,1583.0,1057276.0
1675177200,1583.01,1596.51,1581.6,1588.95,1188929.0
1675180800,1588.95,1606.0,1586.57,1593.49,1511405.0
1675184400,1593.5,1596.85,1589.2,1592.99,546242.0
1675188000,1592.98,1595.55,1590.1,1594.3,249806.0
1675191600,1594.27,1599.0,1588.12,1597.48,395939.0
1675195200,1597.48,1598.8,1583.6,1587.09,878249.0
1675198800,1587.0,1590.42,1563.28,1577.47,1682639.0
1675202400,1577.46,1602.0,1570.65,1590.64,928049.0
1675206000,1590.64,1591.42,1581.06,1585.4,666926.0
1675209600,1585.39,1590.43,1576.0,1583.26,719406.0
1675213200,1583.4,1593.54,1580.39,1588.83,595707.0
1675216800,1588.82,1590.0,1582.12,1585.96,335189.0
1675220400,1585.97,1586.48,1578.55,1584.87,377249.0
1675224000,1584.87,1585.99,1581.11,1583.0,257427.0
1675227600,1582.99,1586.2,1582.22,1583.12,239791.0
1675231200,1583.12,1583.65,1573.36,1575.06,722817.0
1675234800,1575.06,1579.14,1569.63,1575.52,753976.0
1675238400,1575.52,1576.85,1567.0,1570.8,900197.0
1675242000,1570.8,1575.91,1566.03,1573.34,560480.0
1675245600,1573.34,1577.0,1571.02,1575.23,425910.0
1675249200,1575.24,1584.0,1575.05,1580.68,692583.0
1675252800,1580.67,1583.26,1577.59,1578.65,395880.0
1675256400,1578.65,1587.86,1572.58,1581.49,1118022.0
1675260000,1581.5,1590.0,1575.64,1584.65,993300.0
1675263600,1584.65,1585.29,1572.04,1575.99,1208435.0
1675267200,1575.82,1580.35,1570.69,1575.95,687950.0
1675270800,1575.94,1580.34,1566.5,1571.7,678963.0
1675274400,1571.69,1587.01,1567.04,1581.31,1323546.0
1675278000,1581.32,1627.88,1555.0,1617.49,7966837.0
1675281600,1617.52,1640.0,1613.29,1632.46,2772276.0
1675285200,1632.53,1647.98,1632.23,1635.05,1564600.0
1675288800,1635.06,1649.0,1635.06,1637.95,798465.0
1675292400,1637.99,1647.94,1637.0,1641.62,682265.0
1675296000,1641.73,1700.0,1639.08,1692.03,4862134.0
1675299600,1692.03,1692.33,1674.69,1676.01,1705539.0
1675303200,1676.01,1679.0,1666.63,1670.66,1021359.0
1675306800,1670.66,1677.98,1670.44,1671.79,601078.0
1675310400,1671.79,1675.83,1669.17,1673.06,476908.0
1675314000,1673.06,1676.91,1670.01,1670.2,447195.0
1675317600,1670.2,1671.88,1660.11,1666.87,1024168.0
1675321200,1666.88,1671.0,1662.53,1665.28,589786.0
1675324800,1665.3,1672.0,1663.5,1670.02,533336.0
1675328400,1670.02,1674.98,1665.41,1674.52,534284.0
1675332000,1674.52,1675.38,1667.6,1669.27,396784.0
1675335600,1669.28,1673.22,1668.86,1671.87,273959.0
1675339200,1671.87,1677.7,1669.33,1676.52,544983.0
1675342800,1676.52,1676.94,1669.0,1672.33,846016.0
1675346400,1672.32,1692.37,1650.0,1656.48,4332849.0
1675350000,1656.47,1686.08,1652.56,1677.88,2756809.0
1675353600,1677.88,1684.99,1672.0,1672.05,1158112.0
1675357200,1672.06,1683.4,1671.46,1680.26,493739.0
1675360800,1680.27,1720.0,1680.27,1701.38,2843155.0
1675364400,1701.31,1703.42,1666.0,1675.0,1668703.0
1675368000,1675.01,1681.49,1669.91,1680.88,403069.0
1675371600,1680.88,1687.17,1633.0,1637.42,2314567.0
1675375200,1637.6,1662.37,1625.92,1656.27,1233436.0
1675378800,1656.26,1656.97,1638.24,1643.66,870387.0
1675382400,1643.77,1649.33,1630.58,1646.8,1020110.0
1675386000,1646.74,1651.0,1643.54,1644.88,517104.0
1675389600,1644.88,1647.86,1633.56,1639.05,825394.0
1675393200,1639.17,1642.8,1631.02,1642.41,700096.0
1675396800,1642.41,1644.61,1639.3,1640.61,366433.0
1675400400,1640.61,1645.35,1638.64,1643.87,365581.0
1675404000,1643.87,1645.8,1640.71,1641.37,406774.0
1675407600,1641.36,1648.18,1636.6,1638.45,928977.0
1675411200,1638.45,1642.91,1630.6,1641.55,939350.0
1675414800,1641.56,1644.0,1640.44,1641.86,405224.0
1675418400,1642.02,1645.07,1635.19,1644.34,605438.0
1675422000,1644.35,1651.0,1641.5,1648.75,602909.0
1675425600,1648.74,1655.0,1644.3,1651.39,777314.0
1675429200,1651.4,1653.45,1625.99,1636.84,4278284.0
1675432800,1636.84,1665.0,1627.01,1661.64,3343803.0
1675436400,1661.64,1673.67,1650.0,1663.14,3116883.0
1675440000,1663.15,1676.47,1656.71,1657.16,1647211.0
1675443600,1657.17,1675.0,1655.67,1660.7,1061992.0
1675447200,1660.7,1662.81,1651.01,1657.22,1053247.0
1675450800,1657.06,1660.38,1650.59,1653.24,499818.0
1675454400,1653.24,1663.0,1642.15,1656.05,1098299.0
1675458000,1656.13,1659.06,1651.96,1657.81,182504.0
1675461600,1657.8,1670.98,1656.59,1667.45,422412.0
1675465200,1667.42,1672.67,1661.89,1663.55,473276.0
1675468800,1663.55,1666.16,1657.57,1662.27,565415.0
1675472400,1662.07,1664.38,1655.2,1657.0,356120.0
1675476000,1657.0,1659.66,1648.77,1657.29,661532.0
1675479600,1657.33,1658.5,1651.32,1654.32,282411.0
1675483200,1654.31,1654.88,1650.35,1652.88,271082.0
1675486800,1652.88,1653.58,1645.68,1651.51,566169.0
1675490400,1651.51,1655.7,1645.5,1654.22,408416.0
1675494000,1654.22,1660.97,1653.68,1658.02,554529.0
1675497600,1658.17,1659.0,1652.1,1652.51,299067.0
1675501200,1652.5,1658.61,1651.52,1657.61,317784.0
1675504800,1657.6,1662.41,1656.76,1659.57,527289.0
1675508400,1659.57,1662.8,1658.19,1661.46,453438.0
1675512000,1661.45,1667.77,1659.72,1665.56,711311.0
1675515600,1665.57,1695.0,1665.57,1684.19,3701024.0
1675519200,1684.2,1684.88,1671.77,1681.45,1311494.0
1675522800,1681.44,1681.79,1675.1,1680.53,597965.0
1675526400,1680.53,1685.93,1672.19,1680.71,797753.0
1675530000,1680.71,1684.94,1676.82,1681.11,532177.0
1675533600,1681.0,1682.87,1672.5,1678.64,553329.0
1675537200,1678.65,1679.99,1674.55,1675.95,136176.0
1675540800,1675.89,1681.95,1673.41,1679.24,394650.0
1675544400,1679.25,1680.93,1675.0,1680.42,134052.0
1675548000,1680.41,1691.68,1676.76,1680.24,491795.0
1675551600,1680.25,1683.45,1658.0,1666.59,1242096.0
1675555200,1666.76,1671.09,1656.95,1663.66,1120159.0
1675558800,1663.66,1667.56,1660.54,1665.57,433944.0
1675562400,1665.57,1669.19,1661.25,1661.34,424600.0
1675566000,1661.33,1664.11,1657.13,1661.35,638585.0
1675569600,1661.35,1666.6,1660.01,1664.15,385043.0
1675573200,1664.15,1667.61,1663.69,1667.12,303147.0
1675576800,1667.12,1671.91,1664.0,1667.84,623248.0
1675580400,1667.84,1669.6,1665.0,1668.25,256989.0
1675584000,1668.26,1674.55,1665.77,1670.19,584351.0
1675587600,1670.2,1672.35,1665.07,1666.19,413692.0
1675591200,1666.2,1670.9,1665.63,1668.94,263330.0
1675594800,1668.98,1669.0,1661.0,1662.69,481241.0
1675598400,1662.68,1665.22,1635.0,1648.43,3087589.0
1675602000,1648.42,1652.85,1641.21,1648.58,1425389.0
1675605600,1648.59,1655.84,1646.17,1651.99,787844.0
1675609200,1651.99,1658.25,1641.0,1645.05,1381314.0
1675612800,1645.06,1648.0,1637.02,1639.4,1299301.0
1675616400,1639.4,1642.55,1615.0,1618.57,3536508.0
1675620000,1618.57,1624.72,1612.23,1615.71,1193977.0
1675623600,1615.67,1621.93,1608.0,1619.14,1074347.0
1675627200,1619.12,1623.0,1614.36,1619.18,437668.0
1675630800,1619.3,1622.32,1611.36,1621.97,373868.0
1675634400,1621.97,1641.0,1620.74,1634.45,1086580.0
1675638000,1634.45,1636.19,1626.92,1629.65,639845.0
1675641600,1629.61,1642.76,1629.12,1639.0,750652.0
1675645200,1639.0,1640.48,1630.67,1631.34,531746.0
1675648800,1631.33,1634.48,1623.0,1623.27,591350.0
1675652400,1623.26,1628.8,1617.82,1626.9,647846.0
1675656000,1626.89,1629.85,1624.19,1625.16,324054.0
1675659600,1625.16,1626.44,1608.77,1621.9,1413149.0
1675663200,1621.9,1628.36,1620.0,1625.44,662426.0
1675666800,1625.45,1635.5,1623.98,1635.19,807149.0
1675670400,1635.2,1638.0,1629.11,1632.36,766806.0
1675674000,1632.4,1636.39,1627.16,1630.68,574090.0
1675677600,1630.69,1634.62,1627.3,1631.3,404632.0
1675681200,1631.3,1636.99,1622.5,1634.84,973780.0
1675684800,1634.84,1639.0,1627.01,1633.28,857508.0
1675688400,1633.28,1637.6,1627.7,1628.94,480888.0
1675692000,1628.93,1634.87,1623.04,1630.24,1198751.0
1675695600,1630.3,1650.65,1620.16,1648.37,2614626.0
1675699200,1648.37,1659.0,1640.0,1644.67,3099203.0
1675702800,1644.67,1651.65,1641.51,1647.5,775694.0
1675706400,1647.5,1650.66,1639.6,1646.95,616210.0
1675710000,1646.95,1655.6,1641.15,1648.27,705892.0
1675713600,1648.27,1649.4,1643.34,1647.08,271723.0
1675717200,1646.9,1647.47,1635.23,1638.34,399733.0
1675720800,1638.33,1639.39,1628.45,1633.1,522150.0
1675724400,1633.11,1633.55,1605.0,1614.49,2698553.0
1675728000,1614.49,1622.19,1613.08,1620.41,837562.0
1675731600,1620.34,1626.94,1620.02,1625.73,519171.0
1675735200,1625.99,1630.0,1621.23,1629.49,567890.0
1675738800,1629.5,1635.75,1626.59,1633.31,866748.0
1675742400,1633.31,1637.99,1630.72,1631.4,727392.0
1675746000,1631.4,1636.5,1631.21,1634.49,341091.0
1675749600,1634.5,1637.89,1631.69,1632.59,419301.0
1675753200,1632.6,1635.9,1630.82,1631.98,325843.0
1675756800,1631.96,1633.64,1628.24,1630.25,575128.0
1675760400,1630.24,1644.39,1630.24,1641.49,1195308.0
1675764000,1641.49,1648.0,1639.38,1642.52,1029223.0
1675767600,1642.53,1646.89,1640.71,1640.86,441778.0
1675771200,1640.85,1645.0,1639.44,1644.06,420865.0
1675774800,1644.12,1644.79,1634.08,1639.54,895391.0
1675778400,1639.54,1641.69,1634.52,1637.11,605598.0
1675782000,1637.11,1638.0,1626.73,1631.39,1178929.0
1675785600,1631.39,1644.75,1624.1,1638.6,1287854.0
1675789200,1638.61,1676.93,1629.29,1671.78,3876561.0
1675792800,1671.82,1678.83,1626.22,1638.92,5031340.0
1675796400,1638.92,1658.5,1638.01,1656.34,1821505.0
1675800000,1656.34,1669.25,1650.34,1664.97,1303512.0
1675803600,1664.96,1674.52,1663.97,1667.31,727456.0
1675807200,1667.32,1672.67,1658.08,1664.91,598295.0
1675810800,1665.06,1677.84,1664.86,1670.14,761224.0
1675814400,1670.13,1690.0,1667.25,1687.01,1800108.0
1675818000,1687.01,1698.6,1681.16,1682.36,1365442.0
1675821600,1682.38,1684.41,1676.06,1676.26,616379.0
1675825200,1676.26,1683.5,1675.6,1680.61,530368.0
1675828800,1680.61,1682.68,1677.75,1679.25,310014.0
1675832400,1679.14,1680.7,1672.0,1676.02,614788.0
1675836000,1676.01,1678.33,1672.17,1674.19,447917.0
1675839600,1674.2,1679.56,1672.82,1677.55,413145.0
1675843200,1677.55,1677.97,1669.64,1673.91,698810.0
1675846800,1673.9,1675.99,1670.51,1673.99,399614.0
1675850400,1673.99,1674.0,1668.03,1671.52,487490.0
1675854000,1671.51,1677.31,1670.68,1674.41,418087.0
1675857600,1674.4,1677.91,1669.71,1672.28,502753.0
1675861200,1672.29,1676.85,1668.55,1674.94,840648.0
1675864800,1674.94,1683.79,1662.0,1671.86,2307383.0
1675868400,1671.86,1671.86,1652.0,1653.82,2854679.0
1675872000,1653.81,1655.77,1631.0,1653.35,4462021.0
1675875600,1653.35,1660.0,1647.26,1657.31,1484770.0
1675879200,1657.32,1659.8,1641.0,1646.57,839068.0
1675882800,1646.56,1650.85,1642.12,1647.69,419617.0
1675886400,1647.63,1649.39,1636.41,1642.01,608311.0
1675890000,1642.0,1655.87,1640.2,1652.5,354294.0
1675893600,1652.49,1656.11,1650.94,1650.94,400816.0
1675897200,1650.94,1653.57,1642.25,1650.03,475208.0
1675900800,1650.03,1655.54,1645.5,1654.48,536442.0
1675904400,1654.49,1656.19,1650.0,1651.36,425123.0
1675908000,1651.37,1651.92,1632.23,1632.72,1131022.0
1675911600,1632.73,1633.91,1609.33,1619.58,4939266.0
1675915200,1619.51,1627.57,1611.0,1624.22,1490630.0
1675918800,1624.22,1630.66,1622.5,1628.44,774486.0
1675922400,1628.44,1636.97,1625.8,1634.26,835020.0
1675926000,1634.26,1635.7,1629.61,1630.27,547144.0
1675929600,1630.27,1637.64,1630.27,1632.76,527492.0
1675933200,1632.72,1636.45,1630.5,1635.21,396047.0
1675936800,1635.21,1635.5,1631.05,1633.31,273224.0
1675940400,1633.32,1640.95,1630.41,1633.16,655812.0
1675944000,1633.09,1644.0,1625.35,1636.54,1530047.0
1675947600,1636.54,1642.39,1634.03,1640.08,904227.0
1675951200,1640.11,1649.99,1636.0,1637.84,1732888.0
1675954800,1637.85,1640.49,1628.1,1632.64,1251446.0
1675958400,1632.64,1634.2,1617.27,1623.32,1859232.0
1675962000,1623.32,1629.78,1616.0,1623.97,1165305.0
1675965600,1623.89,1631.39,1620.04,1622.25,924428.0
1675969200,1622.25,1623.36,1557.0,1579.41,7475337.0
1675972800,1579.45,1582.0,1565.19,1577.37,1715583.0
1675976400,1577.29,1578.28,1520.0,1540.5,4699337.0
1675980000,1540.51,1549.0,1528.52,1538.27,1620555.0
1675983600,1538.27,1550.7,1537.18,1545.28,862467.0
1675987200,1545.45,1554.63,1542.1,1548.53,1038233.0
1675990800,1548.53,1552.82,1543.75,1549.47,649588.0
1675994400,1549.46,1550.4,1542.17,1548.65,419280.0
1675998000,1548.66,1549.13,1542.16,1543.57,498316.0
1676001600,1543.56,1545.51,1531.13,1539.01,1332297.0
1676005200,1538.99,1547.22,1530.0,1542.0,1466343.0
1676008800,1542.0,1549.28,1540.01,1548.14,665520.0
1676012400,1548.14,1552.66,1543.19,1551.15,730960.0
1676016000,1551.1,1554.45,1548.41,1550.66,673241.0
1676019600,1550.66,1552.42,1545.26,1545.9,578551.0
1676023200,1545.9,1547.61,1542.0,1546.62,521761.0
1676026800,1546.62,1546.62,1534.07,1537.69,1262092.0
1676030400,1537.67,1543.0,1532.27,1534.78,1121809.0
1676034000,1534.78,1542.8,1534.39,1538.11,808758.0
1676037600,1538.11,1547.81,1535.58,1543.44,1274209.0
1676041200,1543.52,1548.0,1504.0,1522.55,4239390.0
1676044800,1522.55,1534.93,1515.2,1520.07,2118180.0
1676048400,1520.06,1526.5,1515.25,1526.42,904288.0
1676052000,1526.41,1528.2,1522.72,1526.94,459324.0
1676055600,1526.93,1539.72,1523.17,1534.4,850654.0
1676059200,1534.4,1535.6,1528.0,1529.54,245526.0
1676062800,1529.55,1529.94,1485.0,1505.59,2731007.0
1676066400,1505.58,1517.08,1503.74,1509.32,809060.0
1676070000,1509.31,1519.03,1505.25,1513.25,632607.0
1676073600,1513.13,1518.17,1508.02,1515.8,840896.0
1676077200,1515.95,1518.87,1509.39,1512.82,526055.0
1676080800,1512.82,1517.47,1512.12,1517.0,341514.0
1676084400,1516.99,1523.97,1516.47,1520.57,599946.0
1676088000,1520.57,1521.42,1518.18,1519.86,199930.0
1676091600,1519.86,1521.52,1516.0,1517.89,327414.0
1676095200,1517.89,1519.54,1514.38,1518.5,297108.0
1676098800,1518.5,1523.5,1516.2,1520.32,402253.0
1676102400,1520.33,1526.0,1518.99,1522.7,631125.0
1676106000,1522.7,1524.93,1520.77,1522.65,219005.0
1676109600,1522.66,1522.66,1516.2,1518.79,616616.0
1676113200,1518.8,1520.91,1517.11,1520.37,224514.0
1676116800,1520.35,1525.0,1514.63,1519.9,686730.0
1676120400,1519.89,1523.43,1518.0,1522.78,407193.0
1676124000,1522.78,1527.0,1518.81,1524.99,578701.0
1676127600,1525.0,1526.0,1520.23,1522.92,372199.0
1676131200,1522.92,1523.27,1517.0,1518.39,477187.0
1676134800,1518.38,1518.92,1515.2,1518.51,336584.0
1676138400,1518.51,1522.03,1503.44,1515.32,911384.0
1676142000,1515.32,1519.75,1514.66,1519.09,209762.0
1676145600,1519.09,1524.66,1517.05,1520.67,363030.0
1676149200,1520.67,1538.0,1519.05,1534.66,728119.0
1676152800,1534.67,1544.51,1530.56,1536.38,756100.0
1676156400,1536.39,1543.93,1535.4,1538.49,583925.0
1676160000,1538.49,1539.85,1533.09,1533.94,483132.0
1676163600,1533.94,1535.73,1532.19,1533.97,287232.0
1676167200,1533.97,1536.88,1530.25,1535.35,353151.0
1676170800,1535.34,1535.54,1530.81,1530.98,270889.0
1676174400,1530.98,1532.3,1528.8,1532.0,349969.0
1676178000,1531.99,1534.15,1531.15,1533.56,164737.0
1676181600,1533.56,1534.4,1531.46,1533.15,203602.0
1676185200,1533.14,1533.14,1530.4,1530.98,167820.0
1676188800,1530.98,1535.72,1530.98,1531.62,269736.0
1676192400,1531.61,1540.0,1531.13,1536.94,672820.0
1676196000,1536.94,1539.07,1532.01,1535.79,519998.0
1676199600,1535.79,1536.48,1533.0,1533.59,243484.0
1676203200,1533.59,1535.85,1520.87,1526.14,1217643.0
1676206800,1526.14,1529.09,1522.19,1526.99,914336.0
1676210400,1526.98,1538.0,1525.04,1533.0,1002344.0
1676214000,1533.0,1541.84,1530.11,1535.91,939350.0
1676217600,1535.91,1548.25,1534.03,1542.75,1615356.0
1676221200,1542.74,1546.42,1539.33,1540.82,543957.0
1676224800,1540.82,1542.66,1537.93,1539.55,244637.0
1676228400,1539.55,1542.32,1536.0,1539.49,237049.0
1676232000,1539.49,1542.2,1536.66,1538.11,136811.0
1676235600,1538.11,1538.36,1508.23,1511.5,1740605.0
1676239200,1511.5,1515.87,1492.03,1513.88,2404818.0
1676242800,1513.87,1518.18,1509.75,1515.23,800758.0
1676246400,1515.23,1525.0,1506.81,1518.8,1262309.0
1676250000,1518.81,1520.42,1502.3,1508.06,1376819.0
1676253600,1508.05,1513.3,1495.62,1512.37,1367068.0
1676257200,1512.37,1518.41,1511.34,1516.8,669917.0
1676260800,1516.8,1522.66,1515.96,1518.35,815559.0
1676264400,1518.36,1520.95,1517.3,1518.74,337249.0
1676268000,1518.73,1519.99,1516.83,1519.47,284930.0
1676271600,1519.46,1526.0,1517.31,1522.75,967952.0
1676275200,1522.82,1523.19,1505.0,1506.75,1996154.0
1676278800,1506.78,1510.79,1470.98,1483.09,6737436.0
1676282400,1483.09,1488.91,1463.0,1483.0,2641877.0
1676286000,1483.0,1488.98,1481.71,1486.28,883464.0
1676289600,1486.3,1492.0,1483.83,1487.69,823451.0
1676293200,1487.69,1488.93,1477.77,1478.47,1157978.0
1676296800,1478.47,1489.51,1478.02,1488.77,1234007.0
1676300400,1488.77,1489.88,1475.61,1476.04,1118797.0
1676304000,1476.05,1488.65,1460.03,1475.83,3704727.0
1676307600,1475.83,1480.58,1462.03,1472.8,1725901.0
1676311200,1472.8,1494.49,1472.04,1489.0,1720412.0
1676314800,1489.0,1492.6,1484.9,1490.7,629775.0
1676318400,1490.71,1492.3,1486.21,1489.0,394027.0
1676322000,1489.0,1490.15,1482.13,1485.05,318092.0
1676325600,1485.06,1495.5,1483.77,1491.57,386816.0
1676329200,1491.58,1510.65,1490.64,1505.46,1733245.0
1676332800,1505.53,1508.8,1500.34,1501.0,744135.0
1676336400,1500.99,1502.92,1494.35,1499.58,692927.0
1676340000,1499.59,1505.63,1498.03,1498.3,529703.0
1676343600,1498.3,1503.43,1497.49,1498.39,384477.0
1676347200,1498.4,1502.98,1497.0,1498.58,357898.0
1676350800,1498.58,1502.31,1498.58,1501.96,310460.0
1676354400,1501.95,1506.0,1500.59,1503.96,532489.0
1676358000,1503.97,1507.99,1503.0,1506.33,465618.0
1676361600,1506.32,1506.72,1497.55,1498.92,663664.0
1676365200,1498.93,1520.0,1497.43,1511.99,1667592.0
1676368800,1512.0,1514.99,1507.5,1509.0,988292.0
1676372400,1508.99,1510.48,1503.99,1507.83,679625.0
1676376000,1507.83,1514.93,1507.0,1511.1,696425.0
1676379600,1511.09,1526.6,1485.0,1513.83,7580148.0
1676383200,1513.83,1563.41,1495.42,1554.52,7298304.0
1676386800,1554.68,1569.68,1533.0,1544.69,5446322.0
1676390400,1544.7,1554.99,1534.0,1540.66,2194929.0
1676394000,1540.65,1548.0,1540.07,1546.04,920118.0
1676397600,1546.04,1554.29,1545.82,1550.69,1013681.0
1676401200,1550.74,1565.0,1546.2,1560.3,1340724.0
1676404800,1560.22,1564.28,1554.22,1556.92,591200.0
1676408400,1556.8,1557.82,1549.18,1555.73,505732.0
1676412000,1555.73,1558.4,1550.39,1554.34,236245.0
1676415600,1554.34,1562.34,1552.09,1555.48,484271.0
1676419200,1555.64,1557.24,1547.54,1549.93,586202.0
1676422800,1549.93,1552.11,1547.31,1549.05,383897.0
1676426400,1549.05,1550.45,1542.44,1544.73,498986.0
1676430000,1544.74,1552.72,1543.44,1549.23,564529.0
1676433600,1549.22,1551.02,1545.62,1546.99,301857.0
1676437200,1546.99,1552.0,1546.99,1550.57,416094.0
1676440800,1550.52,1552.46,1547.53,1549.96,269294.0
1676444400,1549.96,1551.53,1544.46,1547.44,457396.0
1676448000,1547.45,1549.47,1544.8,1546.49,406200.0
1676451600,1546.55,1551.8,1546.55,1550.99,328138.0
1676455200,1551.0,1560.64,1549.26,1555.97,998270.0
1676458800,1555.97,1578.0,1553.73,1571.75,2663750.0
1676462400,1571.75,1593.52,1571.75,1584.7,4040785.0
1676466000,1584.7,1585.0,1573.0,1577.27,1926181.0
1676469600,1577.27,1581.0,1566.5,1572.47,2068636.0
1676473200,1572.46,1583.0,1570.39,1579.53,1526227.0
1676476800,1579.53,1589.69,1576.02,1576.07,1816493.0
1676480400,1576.07,1584.34,1573.01,1581.14,716412.0
1676484000,1581.13,1597.81,1577.4,1591.34,1367850.0
1676487600,1591.35,1631.37,1588.25,1629.44,4071385.0
1676491200,1629.43,1684.0,1624.39,1666.62,6006682.0
1676494800,1666.63,1677.21,1662.01,1666.84,1646029.0
1676498400,1666.83,1676.78,1663.87,1666.22,1026322.0
1676502000,1666.22,1678.98,1665.31,1674.82,1180093.0
1676505600,1674.83,1714.74,1672.49,1687.25,4780671.0
1676509200,1687.24,1695.33,1686.5,1694.22,948491.0
1676512800,1694.21,1701.37,1692.21,1692.57,1024106.0
1676516400,1692.58,1694.1,1690.0,1691.12,563883.0
1676520000,1691.12,1696.98,1686.2,1694.9,822950.0
1676523600,1694.89,1697.78,1692.47,1693.36,638817.0
1676527200,1693.37,1696.91,1682.46,1684.86,1001773.0
1676530800,1684.75,1688.46,1675.2,1683.0,1993578.0
1676534400,1682.9,1686.98,1679.1,1682.48,729443.0
1676538000,1682.47,1689.73,1680.04,1688.0,594902.0
1676541600,1688.0,1693.74,1684.7,1687.44,670838.0
1676545200,1687.44,1687.76,1680.2,1683.78,675097.0
1676548800,1683.78,1691.0,1680.38,1687.95,705900.0
1676552400,1687.95,1697.02,1669.0,1676.49,2888740.0
1676556000,1676.49,1684.27,1666.0,1680.05,2385369.0
1676559600,1680.05,1730.0,1676.74,1724.3,5134061.0
1676563200,1724.19,1743.88,1686.26,1716.23,7139972.0
1676566800,1716.23,1721.6,1706.15,1715.6,1667464.0
1676570400,1715.79,1721.58,1712.0,1716.32,910703.0
1676574000,1716.32,1717.98,1706.28,1710.89,705220.0
1676577600,1710.82,1711.19,1678.52,1685.08,2463775.0
1676581200,1684.89,1685.29,1666.66,1683.2,1391978.0
1676584800,1683.29,1685.46,1640.0,1646.15,2450482.0
1676588400,1646.14,1657.41,1633.88,1638.28,3233198.0
1676592000,1638.27,1656.0,1631.0,1652.91,2233914.0
1676595600,1652.9,1664.85,1650.69,1663.51,1076194.0
1676599200,1663.47,1664.5,1657.1,1658.01,659350.0
1676602800,1658.0,1670.59,1656.6,1663.59,892212.0
1676606400,1663.59,1665.56,1654.0,1659.39,870596.0
1676610000,1659.39,1659.83,1653.51,1656.07,574723.0
1676613600,1656.07,1658.88,1653.39,1657.0,371070.0
1676617200,1657.0,1666.2,1651.6,1653.68,960728.0
1676620800,1653.61,1664.63,1648.27,1664.28,1195097.0
1676624400,1664.27,1675.75,1660.09,1663.3,1413670.0
1676628000,1663.3,1666.85,1660.5,1664.63,501182.0
1676631600,1664.33,1669.66,1663.74,1666.16,413856.0
1676635200,1666.16,1668.41,1664.26,1665.11,438803.0
1676638800,1665.1,1665.82,1657.0,1660.62,682746.0
1676642400,1660.61,1682.53,1645.7,1658.99,4704161.0
1676646000,1658.99,1681.71,1657.77,1672.74,2718940.0
1676649600,1672.74,1685.24,1662.09,1672.51,2614936.0
1676653200,1672.51,1710.53,1672.27,1687.8,3935362.0
1676656800,1687.8,1698.66,1685.66,1695.72,1134579.0
1676660400,1695.72,1709.86,1685.88,1706.61,1518193.0
1676664000,1706.61,1722.76,1703.04,1711.2,2170739.0
1676667600,1711.19,1712.99,1691.0,1693.18,742198.0
1676671200,1693.19,1703.94,1669.65,1698.68,2237594.0
1676674800,1698.69,1702.98,1691.93,1693.76,588573.0
1676678400,1693.69,1703.84,1692.27,1694.6,685938.0
1676682000,1694.6,1704.18,1692.07,1701.87,611926.0
1676685600,1701.87,1703.9,1694.77,1695.12,571049.0
1676689200,1695.12,1699.78,1694.7,1699.25,378255.0
1676692800,1699.25,1703.73,1698.82,1699.09,456801.0
1676696400,1699.09,1700.0,1695.5,1698.22,344326.0
1676700000,1698.22,1699.48,1694.5,1695.89,405644.0
1676703600,1695.88,1695.88,1686.2,1691.2,1027792.0
1676707200,1691.2,1694.71,1688.3,1693.82,569324.0
1676710800,1693.83,1695.51,1692.38,1693.08,261339.0
1676714400,1693.07,1693.81,1686.1,1687.94,545021.0
1676718000,1687.94,1693.9,1686.88,1691.72,410988.0
1676721600,1691.73,1699.4,1687.1,1698.19,862710.0
1676725200,1698.18,1699.8,1693.11,1694.62,422141.0
1676728800,1694.62,1699.5,1690.51,1696.76,779370.0
1676732400,1696.42,1699.43,1691.85,1695.28,599929.0
1676736000,1695.28,1696.14,1691.19,1693.13,514167.0
1676739600,1693.14,1695.82,1688.98,1695.33,450973.0
1676743200,1695.33,1714.43,1687.0,1693.51,1815092.0
1676746800,1693.52,1695.34,1681.84,1687.94,621722.0
1676750400,1687.93,1688.41,1679.0,1682.61,534218.0
1676754000,1682.6,1687.98,1681.77,1687.6,255937.0
1676757600,1687.6,1692.07,1685.82,1689.87,231101.0
1676761200,1689.87,1693.99,1688.09,1691.63,307004.0
1676764800,1691.63,1700.72,1690.44,1698.36,662261.0
1676768400,1698.37,1699.99,1689.5,1693.5,561811.0
1676772000,1693.49,1698.22,1693.19,1694.22,298770.0
1676775600,1694.23,1698.0,1693.77,1695.27,320625.0
1676779200,1695.27,1699.6,1694.12,1697.55,352247.0
1676782800,1697.55,1710.0,1695.39,1702.41,1632603.0
1676786400,1702.41,1702.59,1694.2,1696.31,602617.0
1676790000,1696.32,1698.49,1692.66,1693.66,499917.0
1676793600,1693.66,1696.46,1692.5,1693.22,346902.0
1676797200,1693.23,1695.75,1692.58,1693.34,219955.0
1676800800,1693.34,1699.58,1690.82,1695.68,568670.0
1676804400,1695.68,1700.99,1695.0,1695.49,434645.0
1676808000,1695.49,1698.2,1694.84,1697.14,191059.0
1676811600,1697.15,1698.61,1694.81,1695.63,276323.0
1676815200,1695.63,1707.85,1695.5,1704.02,1203452.0
1676818800,1704.02,1726.84,1696.33,1711.5,3561545.0
1676822400,1711.5,1728.0,1690.0,1699.16,3789737.0
1676826000,1699.15,1702.88,1675.33,1682.82,3073746.0
1676829600,1682.86,1688.5,1678.11,1685.35,945845.0
1676833200,1685.35,1690.76,1683.6,1685.06,400925.0
1676836800,1685.06,1687.89,1666.0,1687.0,1665669.0
1676840400,1686.99,1687.6,1682.72,1686.6,311654.0
1676844000,1686.66,1689.57,1681.43,1685.8,332190.0
1676847600,1685.8,1687.94,1676.71,1680.43,666484.0
1676851200,1680.43,1686.9,1674.0,1677.5,695138.0
1676854800,1677.49,1679.0,1650.81,1669.75,3056951.0
1676858400,1669.76,1681.28,1666.56,1678.67,1210356.0
1676862000,1678.67,1687.0,1676.26,1684.0,965103.0
1676865600,1684.01,1694.53,1683.2,1688.59,1056584.0
1676869200,1688.59,1690.1,1684.5,1689.56,537612.0
1676872800,1689.46,1696.44,1687.63,1693.51,822044.0
1676876400,1693.52,1697.93,1691.42,1695.57,795207.0
1676880000,1695.57,1699.9,1689.0,1691.88,973723.0
1676883600,1691.75,1717.6,1688.22,1711.45,2739954.0
1676887200,1711.53,1717.73,1706.44,1711.15,1687794.0
1676890800,1711.15,1719.84,1707.43,1713.52,1365106.0
1676894400,1713.53,1716.16,1701.0,1707.15,1320881.0
1676898000,1707.1,1711.92,1703.2,1705.89,946648.0
1676901600,1705.88,1715.75,1696.51,1711.71,2165418.0
1676905200,1711.7,1715.94,1704.23,1707.43,1103436.0
1676908800,1707.43,1708.09,1683.0,1700.55,2542839.0
1676912400,1700.68,1702.76,1694.49,1696.3,635348.0
1676916000,1696.25,1699.5,1690.41,1697.18,565019.0
1676919600,1697.19,1711.41,1696.71,1709.91,665556.0
1676923200,1709.91,1712.5,1701.5,1703.71,498620.0
1676926800,1703.72,1707.54,1700.01,1700.96,194122.0
1676930400,1700.95,1703.26,1692.32,1693.2,325205.0
1676934000,1692.93,1704.0,1691.73,1703.85,365909.0
1676937600,1703.85,1710.62,1697.55,1705.09,720882.0
1676941200,1705.09,1708.97,1699.48,1705.37,636208.0
1676944800,1705.37,1716.99,1704.56,1708.28,1118639.0
1676948400,1708.29,1709.5,1699.0,1702.9,1125935.0
1676952000,1702.89,1703.53,1695.51,1697.24,781635.0
1676955600,1697.25,1700.4,1695.25,1698.14,509102.0
1676959200,1698.14,1709.6,1696.92,1707.75,904773.0
1676962800,1707.75,1707.85,1700.01,1704.26,616596.0
1676966400,1704.26,1715.0,1671.51,1675.81,5211675.0
1676970000,1675.8,1686.96,1670.0,1684.0,2301692.0
1676973600,1684.01,1685.32,1677.0,1680.44,824646.0
1676977200,1680.44,1683.11,1665.08,1669.7,1647677.0
1676980800,1669.7,1679.92,1665.03,1676.88,1399456.0
1676984400,1676.87,1678.66,1662.49,1670.57,1319869.0
1676988000,1670.57,1685.0,1668.74,1675.0,1852144.0
1676991600,1675.0,1677.95,1658.0,1672.61,2141448.0
1676995200,1672.61,1674.52,1655.13,1662.61,1618487.0
1676998800,1662.44,1678.12,1661.6,1677.93,807078.0
1677002400,1677.93,1686.99,1672.41,1679.37,1240409.0
1677006000,1679.28,1679.8,1665.11,1672.19,707491.0
1677009600,1672.19,1674.6,1663.01,1669.2,513351.0
1677013200,1669.16,1670.84,1635.0,1642.0,2844703.0
1677016800,1642.0,1655.0,1637.61,1653.38,684521.0
1677020400,1653.38,1660.66,1648.81,1659.41,545077.0
1677024000,1659.5,1667.36,1651.22,1660.81,1292557.0
1677027600,1660.8,1661.96,1635.0,1645.3,1696867.0
1677031200,1645.25,1646.02,1621.34,1644.85,2661858.0
1677034800,1644.86,1651.82,1642.58,1649.22,778722.0
1677038400,1649.28,1649.86,1638.13,1644.44,823209.0
1677042000,1644.43,1645.12,1636.47,1642.8,663741.0
1677045600,1642.8,1643.9,1632.0,1633.69,1038235.0
1677049200,1633.59,1644.8,1632.68,1643.69,836900.0
1677052800,1643.76,1644.0,1625.59,1631.39,1787224.0
1677056400,1631.39,1642.3,1630.09,1639.33,1066445.0
1677060000,1639.33,1645.89,1638.5,1643.35,685394.0
1677063600,1643.32,1645.86,1636.06,1644.32,821059.0
1677067200,1644.32,1649.99,1641.6,1644.5,1107430.0
1677070800,1644.49,1648.5,1639.35,1646.86,849136.0
1677074400,1646.86,1647.28,1626.91,1627.83,2626403.0
1677078000,1627.83,1629.97,1605.02,1614.13,5442373.0
1677081600,1614.12,1617.73,1592.47,1606.16,3004077.0
1677085200,1606.11,1614.34,1604.03,1611.2,1196067.0
1677088800,1611.19,1617.33,1609.11,1611.68,689889.0
1677092400,1611.69,1630.18,1606.28,1616.06,2858183.0
1677096000,1616.07,1621.66,1610.16,1617.71,552727.0
1677099600,1617.73,1620.67,1613.11,1619.53,252683.0
1677103200,1619.52,1635.0,1618.15,1634.66,669546.0
1677106800,1634.73,1645.23,1632.44,1642.98,1364230.0
1677110400,1642.98,1647.2,1637.0,1638.13,980553.0
1677114000,1638.14,1645.67,1637.2,1641.52,580416.0
1677117600,1641.52,1675.0,1641.52,1671.82,3429392.0
1677121200,1671.83,1678.8,1665.59,1667.13,1847346.0
1677124800,1667.13,1671.46,1666.01,1671.06,687487.0
1677128400,1671.05,1671.45,1661.25,1664.48,927039.0
1677132000,1664.44,1666.5,1658.59,1665.04,655779.0
1677135600,1665.03,1669.38,1663.7,1666.36,545279.0
1677139200,1666.36,1673.25,1665.0,1667.6,815094.0
1677142800,1667.59,1672.2,1663.91,1664.5,566901.0
1677146400,1664.51,1667.0,1661.18,1666.0,767105.0
1677150000,1666.21,1668.17,1631.7,1638.0,4818310.0
1677153600,1638.0,1651.81,1628.33,1647.74,2301274.0
1677157200,1647.74,1672.36,1643.49,1655.73,4487842.0
1677160800,1655.73,1670.69,1652.43,1660.44,2748841.0
1677164400,1660.45,1663.17,1645.93,1656.13,1989252.0
1677168000,1656.03,1659.84,1646.59,1646.93,1256640.0
1677171600,1646.94,1661.97,1635.0,1646.93,2064347.0
1677175200,1646.86,1649.99,1636.62,1645.79,1052155.0
1677178800,1645.79,1657.5,1643.53,1653.06,702704.0
1677182400,1653.05,1658.74,1649.6,1652.36,434370.0
1677186000,1652.32,1656.61,1644.09,1644.76,299242.0
1677189600,1644.76,1648.22,1638.55,1647.37,503732.0
1677193200,1647.37,1651.97,1644.73,1650.75,438899.0
1677196800,1650.75,1657.73,1646.05,1651.6,688388.0
1677200400,1651.61,1664.67,1651.61,1653.43,1156314.0
1677204000,1653.43,1655.57,1646.19,1648.81,681731.0
1677207600,1648.81,1652.19,1646.01,1649.28,503198.0
1677211200,1649.29,1651.47,1646.67,1647.29,294744.0
1677214800,1647.29,1647.81,1642.51,1645.4,646383.0
1677218400,1645.4,1652.89,1641.52,1651.51,747866.0
1677222000,1651.35,1656.35,1645.17,1651.63,891186.0
1677225600,1651.63,1657.99,1646.0,1654.01,987880.0
1677229200,1654.02,1656.0,1646.5,1647.66,609232.0
1677232800,1647.6,1650.45,1643.06,1649.21,611648.0
1677236400,1649.2,1651.88,1644.63,1647.43,497538.0
1677240000,1647.44,1654.49,1644.6,1645.74,1074193.0
1677243600,1645.74,1648.7,1632.18,1635.84,2829028.0
1677247200,1635.81,1641.63,1630.0,1636.82,1710403.0
1677250800,1636.81,1639.0,1600.0,1603.51,5999243.0
1677254400,1603.51,1603.62,1573.04,1593.69,6014870.0
1677258000,1593.69,1598.03,1589.02,1594.06,1090620.0
1677261600,1594.06,1599.69,1589.62,1596.26,686596.0
1677265200,1596.26,1611.92,1584.71,1610.87,1566310.0
1677268800,1611.13,1623.0,1607.0,1611.32,1645795.0
1677272400,1611.31,1611.93,1600.54,1602.19,500343.0
1677276000,1602.18,1609.22,1593.16,1604.99,672996.0
1677279600,1605.0,1611.49,1599.55,1607.69,494425.0
1677283200,1607.69,1608.82,1602.61,1605.25,368893.0
1677286800,1605.26,1608.47,1603.36,1605.88,247367.0
1677290400,1605.87,1608.19,1595.56,1598.86,750645.0
1677294000,1598.85,1602.68,1598.04,1598.6,353401.0
1677297600,1598.6,1601.99,1596.7,1601.49,306897.0
1677301200,1601.49,1601.63,1593.9,1596.06,579994.0
1677304800,1596.07,1601.0,1596.0,1600.49,287248.0
1677308400,1600.5,1604.34,1599.31,1603.9,421564.0
1677312000,1603.9,1607.3,1602.72,1603.38,530242.0
1677315600,1603.39,1605.31,1599.57,1602.01,470392.0
1677319200,1602.02,1602.29,1596.43,1596.87,546332.0
1677322800,1596.88,1602.57,1596.44,1600.43,417167.0
1677326400,1600.44,1603.23,1592.86,1602.71,934250.0
1677330000,1602.72,1604.03,1598.9,1599.1,426562.0
1677333600,1599.14,1601.7,1596.4,1597.42,350830.0
1677337200,1597.42,1600.0,1594.44,1597.24,430620.0
1677340800,1597.24,1601.2,1595.09,1596.55,564356.0
1677344400,1596.49,1599.13,1595.79,1598.16,248147.0
1677348000,1598.16,1598.77,1583.04,1586.2,1025867.0
1677351600,1586.19,1590.76,1575.58,1584.7,1135948.0
1677355200,1584.7,1586.98,1556.66,1572.27,2337001.0
1677358800,1572.27,1575.74,1564.37,1574.65,745600.0
1677362400,1574.65,1593.5,1571.35,1591.85,951949.0
1677366000,1591.86,1597.71,1589.44,1594.36,754195.0
1677369600,1594.35,1594.85,1590.52,1591.45,469203.0
1677373200,1591.45,1594.79,1590.25,1592.21,316583.0
1677376800,1592.21,1604.88,1588.0,1604.0,915170.0
1677380400,1604.0,1606.58,1600.25,1602.59,707467.0
1677384000,1602.58,1603.19,1598.49,1601.17,390633.0
1677387600,1601.17,1602.32,1598.84,1598.85,202017.0
1677391200,1598.85,1600.52,1596.11,1600.52,391420.0
1677394800,1600.52,1603.59,1599.12,1599.97,291155.0
1677398400,1599.97,1601.32,1597.04,1600.02,254170.0
1677402000,1600.03,1606.95,1600.02,1604.49,696493.0
1677405600,1604.5,1604.78,1601.3,1602.58,229075.0
1677409200,1602.58,1604.55,1600.63,1603.93,209829.0
1677412800,1603.94,1604.39,1596.04,1597.13,652313.0
1677416400,1597.05,1602.0,1595.0,1601.77,482650.0
1677420000,1601.77,1615.84,1601.25,1602.54,2120597.0
1677423600,1602.53,1606.0,1601.2,1604.98,439435.0
1677427200,1604.98,1607.26,1601.0,1602.2,515341.0
1677430800,1602.2,1608.36,1598.34,1608.22,490104.0
1677434400,1608.21,1633.99,1606.82,1630.49,2360766.0
1677438000,1630.5,1637.0,1623.9,1633.38,1164049.0
1677441600,1633.39,1652.99,1631.0,1642.04,1520109.0
1677445200,1642.01,1649.5,1638.4,1643.0,651320.0
1677448800,1643.01,1643.55,1621.63,1633.59,1241911.0
1677452400,1633.69,1644.87,1633.0,1641.42,1104262.0
1677456000,1641.41,1641.64,1635.51,1637.53,495561.0
1677459600,1637.62,1643.63,1631.82,1643.0,683053.0
1677463200,1642.99,1649.78,1638.54,1640.19,897207.0
1677466800,1640.19,1645.65,1638.57,1639.99,610933.0
1677470400,1639.8,1640.37,1634.4,1635.27,715076.0
1677474000,1635.28,1638.95,1631.0,1634.01,781419.0
1677477600,1634.01,1637.88,1632.54,1635.64,365686.0
1677481200,1635.64,1639.6,1635.52,1636.21,426488.0
1677484800,1636.34,1639.96,1632.13,1634.34,671848.0
1677488400,1634.35,1642.37,1633.28,1637.54,731791.0
1677492000,1637.51,1639.61,1633.55,1636.83,522008.0
1677495600,1636.82,1643.7,1636.62,1640.82,607489.0
1677499200,1640.82,1643.0,1637.5,1639.5,499989.0
1677502800,1639.5,1665.0,1639.32,1659.81,3129827.0
1677506400,1659.81,1663.28,1654.0,1658.01,1753335.0
1677510000,1658.01,1662.99,1635.88,1644.23,2765626.0
1677513600,1644.23,1646.53,1623.42,1637.74,2985561.0
1677517200,1637.74,1638.95,1628.03,1632.6,1001012.0
1677520800,1632.59,1635.01,1615.14,1624.31,2453796.0
1677524400,1624.31,1627.5,1616.3,1622.05,915338.0
1677528000,1622.02,1623.95,1606.5,1622.75,1428257.0
1677531600,1622.91,1628.5,1622.22,1627.32,415538.0
1677535200,1627.31,1636.28,1624.02,1631.12,565862.0
1677538800,1631.13,1636.6,1630.31,1633.52,444692.0
1677542400,1633.47,1635.88,1627.14,1628.57,654587.0
1677546000,1628.57,1633.82,1626.84,1632.38,497223.0
1677549600,1632.4,1633.6,1628.0,1630.47,409249.0
1677553200,1630.48,1634.96,1629.81,1632.56,382251.0
1677556800,1632.64,1632.65,1623.11,1627.6,670737.0
1677560400,1627.61,1630.0,1625.68,1626.55,378794.0
1677564000,1626.59,1630.0,1625.57,1628.37,254236.0
1677567600,1628.37,1629.07,1618.2,1619.4,985346.0
1677571200,1619.39,1624.5,1616.2,1621.03,947115.0
1677574800,1621.03,1625.0,1618.07,1621.02,600916.0
1677578400,1621.03,1627.82,1620.44,1626.3,547950.0
1677582000,1626.31,1631.9,1625.83,1629.52,700757.0
1677585600,1629.53,1639.55,1629.52,1636.48,1247588.0
1677589200,1636.49,1642.54,1630.65,1632.75,1155513.0
1677592800,1632.75,1647.69,1628.2,1634.87,2568903.0
1677596400,1634.88,1643.29,1631.61,1640.99,1984982.0
1677600000,1641.0,1646.01,1634.0,1635.61,1131887.0
1677603600,1635.61,1644.63,1635.21,1643.37,547808.0
1677607200,1643.36,1645.81,1638.36,1641.66,402688.0
1677610800,1641.67,1642.97,1622.0,1627.75,1296005.0
1677614400,1627.75,1633.38,1621.1,1627.45,923992.0
1677618000,1627.43,1627.51,1596.02,1604.99,2886621.0
1677621600,1604.99,1613.8,1598.32,1612.6,760761.0
1677625200,1612.59,1612.59,1603.19,1605.59,795522.0
1677628800,1605.6,1611.7,1593.3,1602.0,1688879.0
1677632400,1602.0,1615.9,1599.19,1613.85,1134480.0
1677636000,1613.85,1621.58,1613.06,1621.58,833655.0
1677639600,1621.58,1640.79,1619.6,1637.99,2583589.0
1677643200,1638.0,1660.0,1635.16,1658.59,2427747.0
1677646800,1658.59,1661.81,1648.41,1651.26,1449567.0
1677650400,1651.27,1659.5,1649.2,1654.45,1081315.0
1677654000,1654.46,1655.99,1650.1,1650.99,611567.0
1677657600,1650.99,1671.21,1649.0,1658.7,1684869.0
1677661200,1658.7,1660.91,1651.26,1653.12,941399.0
1677664800,1653.12,1657.74,1651.13,1657.18,536660.0
1677668400,1657.07,1657.21,1653.57,1656.53,285535.0
1677672000,1656.53,1659.66,1651.6,1653.21,568589.0
1677675600,1653.2,1653.99,1646.05,1651.82,1028137.0
1677679200,1651.82,1670.1,1647.4,1653.95,2512555.0
1677682800,1653.96,1661.57,1648.01,1657.32,1926729.0
1677686400,1657.33,1660.0,1642.08,1655.43,1888385.0
1677690000,1655.43,1660.67,1654.32,1656.76,568015.0
1677693600,1656.75,1657.82,1651.1,1655.1,344711.0
1677697200,1655.06,1655.42,1631.18,1634.91,1462526.0
1677700800,1634.9,1644.8,1631.64,1642.85,923699.0
1677704400,1642.87,1659.41,1639.33,1657.07,877253.0
1677708000,1657.1,1658.58,1648.06,1656.19,562652.0
1677711600,1656.2,1666.54,1652.84,1665.13,920407.0
1677715200,1665.14,1677.95,1658.06,1658.49,2147059.0
1677718800,1658.5,1660.89,1645.21,1650.67,1496124.0
1677722400,1650.68,1652.97,1645.1,1648.59,817423.0
1677726000,1648.59,1651.68,1644.37,1648.22,730975.0
1677729600,1648.21,1652.08,1646.5,1651.78,373141.0
1677733200,1651.78,1652.01,1642.02,1644.62,716166.0
1677736800,1644.62,1648.49,1639.0,1645.62,1010835.0
1677740400,1645.63,1646.5,1640.32,1644.7,667518.0
1677744000,1644.71,1649.0,1638.03,1646.84,1339533.0
1677747600,1646.84,1648.38,1641.0,1642.43,630523.0
1677751200,1642.42,1643.33,1638.0,1641.15,840976.0
1677754800,1641.15,1645.8,1640.65,1644.73,504357.0
1677758400,1644.72,1645.31,1632.03,1635.45,1786577.0
1677762000,1635.45,1638.5,1626.51,1628.76,2480354.0
1677765600,1628.76,1631.78,1618.73,1627.08,2577166.0
1677769200,1627.04,1632.27,1623.0,1628.26,1089883.0
1677772800,1628.26,1631.2,1621.6,1625.24,856687.0
1677776400,1625.24,1629.66,1622.0,1625.31,480935.0
1677780000,1625.3,1639.85,1623.05,1638.44,1016254.0
1677783600,1638.44,1652.71,1638.28,1648.28,1996930.0
1677787200,1648.26,1651.66,1642.06,1644.1,790288.0
1677790800,1644.1,1646.9,1640.28,1640.28,445491.0
1677794400,1640.27,1659.09,1640.1,1648.23,928886.0
1677798000,1648.24,1650.83,1643.74,1648.05,632642.0
1677801600,1648.05,1649.11,1642.03,1643.24,519122.0
1677805200,1643.23,1643.59,1520.0,1552.49,10148530.0
1677808800,1552.5,1569.85,1548.75,1564.2,2400911.0
1677812400,1564.18,1568.94,1560.17,1565.22,1004735.0
1677816000,1565.17,1572.99,1562.21,1570.94,914420.0
1677819600,1570.94,1576.4,1566.03,1566.03,1091778.0
1677823200,1566.03,1569.98,1563.35,1565.5,876192.0
1677826800,1565.49,1571.29,1563.49,1567.81,682891.0
1677830400,1567.8,1573.34,1566.28,1571.86,548815.0
1677834000,1571.86,1574.53,1566.08,1567.19,592962.0
1677837600,1567.09,1569.8,1565.06,1565.73,402115.0
1677841200,1565.72,1567.3,1564.05,1564.97,440158.0
1677844800,1564.82,1566.65,1561.8,1565.69,611929.0
1677848400,1565.68,1574.77,1560.0,1573.17,1632686.0
1677852000,1573.16,1581.86,1570.2,1571.87,1851407.0
1677855600,1571.87,1575.98,1563.75,1567.22,1517569.0
1677859200,1567.23,1569.97,1565.88,1569.38,590965.0
1677862800,1569.38,1574.7,1569.38,1572.0,480159.0
1677866400,1572.01,1573.52,1550.0,1559.97,1567071.0
1677870000,1559.97,1569.44,1557.04,1565.62,589303.0
1677873600,1565.61,1567.11,1558.0,1559.51,356547.0
1677877200,1559.61,1562.74,1547.0,1559.6,1510339.0
1677880800,1559.6,1568.88,1558.69,1567.4,460838.0
1677884400,1567.44,1571.24,1566.85,1569.19,591435.0
1677888000,1569.19,1575.37,1567.93,1574.27,723931.0
1677891600,1574.27,1577.07,1570.57,1570.69,556508.0
1677895200,1570.69,1572.5,1570.67,1571.37,215289.0
1677898800,1571.37,1571.54,1568.82,1570.59,341508.0
1677902400,1570.6,1572.6,1568.2,1570.28,350915.0
1677906000,1570.27,1570.27,1562.1,1567.0,662126.0
1677909600,1567.0,1572.5,1565.08,1569.83,585963.0
1677913200,1569.84,1570.66,1567.83,1568.25,189107.0
1677916800,1568.25,1569.63,1567.0,1568.27,210056.0
1677920400,1568.26,1570.86,1567.99,1569.41,186118.0
1677924000,1569.4,1571.0,1566.55,1567.8,276910.0
1677927600,1567.81,1570.45,1567.6,1569.39,179085.0
1677931200,1569.4,1572.4,1567.6,1571.39,306703.0
1677934800,1571.4,1571.4,1568.18,1568.36,263604.0
1677938400,1568.35,1570.98,1566.21,1567.68,358993.0
1677942000,1567.67,1569.3,1561.73,1562.5,537602.0
1677945600,1562.5,1566.19,1560.3,1564.6,646574.0
1677949200,1564.6,1565.7,1561.66,1562.4,233099.0
1677952800,1562.39,1564.99,1556.67,1563.83,523801.0
1677956400,1563.83,1564.76,1558.1,1559.73,266424.0
1677960000,1559.73,1560.95,1549.0,1558.02,911320.0
1677963600,1558.02,1561.06,1549.33,1557.36,775003.0
1677967200,1557.36,1568.99,1554.0,1562.14,865079.0
1677970800,1562.14,1567.6,1560.94,1567.0,436186.0
1677974400,1567.0,1570.53,1564.29,1569.95,524931.0
1677978000,1569.95,1589.0,1567.26,1581.68,2858082.0
1677981600,1581.68,1582.98,1552.39,1565.85,2941074.0
1677985200,1565.85,1569.27,1565.56,1567.3,521627.0
1677988800,1567.3,1573.68,1567.08,1571.3,526414.0
1677992400,1571.3,1571.74,1568.54,1569.9,283897.0
1677996000,1569.89,1571.86,1568.33,1571.0,245550.0
1677999600,1571.0,1571.28,1567.5,1568.5,290938.0
1678003200,1568.54,1571.07,1565.13,1566.3,431407.0
1678006800,1566.3,1570.0,1564.34,1568.57,465393.0
1678010400,1568.57,1573.14,1568.2,1570.92,462651.0
1678014000,1570.93,1572.0,1568.51,1568.73,275449.0
1678017600,1568.72,1571.3,1568.1,1569.68,324961.0
1678021200,1569.68,1574.76,1569.47,1572.77,564351.0
1678024800,1572.77,1573.68,1568.0,1568.66,533014.0
1678028400,1568.65,1572.93,1568.32,1569.32,321958.0
1678032000,1569.26,1571.58,1568.2,1569.98,377199.0
1678035600,1569.98,1571.87,1567.46,1568.31,233203.0
1678039200,1568.3,1569.65,1566.44,1568.24,175715.0
1678042800,1568.18,1569.09,1563.02,1566.31,385919.0
1678046400,1566.3,1570.94,1565.71,1569.69,249298.0
1678050000,1569.7,1580.0,1558.04,1571.76,1399962.0
1678053600,1571.69,1571.69,1560.01,1565.24,679612.0
1678057200,1565.44,1567.0,1555.76,1564.81,834676.0
1678060800,1564.8,1569.79,1559.18,1567.74,637918.0
1678064400,1567.73,1573.25,1558.02,1561.77,1452390.0
1678068000,1561.76,1565.64,1556.69,1562.72,1338297.0
1678071600,1562.72,1564.61,1560.93,1562.9,268122.0
1678075200,1562.88,1564.83,1558.89,1559.87,402833.0
1678078800,1559.87,1560.84,1554.26,1560.63,843896.0
1678082400,1560.64,1564.26,1560.11,1562.8,481123.0
1678086000,1562.79,1565.0,1560.62,1560.97,529573.0
1678089600,1560.96,1567.0,1557.5,1564.08,695104.0
1678093200,1564.07,1565.75,1560.5,1565.2,411664.0
1678096800,1565.2,1568.59,1563.15,1566.88,592565.0
1678100400,1566.88,1567.86,1562.52,1563.44,427468.0
1678104000,1563.44,1566.85,1561.61,1564.5,362653.0
1678107600,1564.49,1571.62,1563.62,1570.18,902591.0
1678111200,1570.19,1574.88,1567.43,1570.87,979913.0
1678114800,1570.88,1583.26,1569.0,1577.16,1626613.0
1678118400,1577.16,1580.19,1571.42,1575.77,1080256.0
1678122000,1575.93,1576.37,1572.68,1573.81,286888.0
1678125600,1573.8,1576.9,1572.0,1573.67,245793.0
1678129200,1573.68,1574.65,1562.66,1566.57,1137701.0
1678132800,1566.56,1568.73,1561.0,1561.49,538816.0
1678136400,1561.49,1569.79,1559.34,1566.92,553845.0
1678140000,1566.93,1571.71,1566.59,1569.27,295505.0
1678143600,1569.31,1571.6,1565.1,1566.27,573987.0
1678147200,1566.22,1566.53,1561.52,1565.85,565482.0
1678150800,1565.89,1575.0,1565.6,1573.75,1029775.0
1678154400,1573.75,1577.5,1571.22,1576.6,521777.0
1678158000,1576.61,1584.8,1573.15,1574.3,1138681.0
1678161600,1574.3,1576.37,1573.44,1575.01,298317.0
1678165200,1575.01,1575.36,1572.22,1573.49,191372.0
1678168800,1573.48,1573.88,1571.0,1572.5,366781.0
1678172400,1572.5,1573.82,1570.35,1571.18,355094.0
1678176000,1571.26,1571.64,1568.0,1571.01,560419.0
1678179600,1570.96,1571.27,1564.0,1566.35,999673.0
1678183200,1566.34,1570.64,1563.0,1564.21,715991.0
1678186800,1564.21,1566.86,1562.8,1563.86,622911.0
1678190400,1563.87,1568.84,1563.05,1567.97,596403.0
1678194000,1567.97,1568.66,1563.2,1564.25,478107.0
1678197600,1564.25,1567.43,1556.8,1562.57,1841192.0
1678201200,1562.57,1573.66,1532.0,1560.98,9212835.0
1678204800,1560.99,1563.95,1548.0,1554.1,2195001.0
1678208400,1554.09,1565.15,1552.89,1561.35,1156763.0
1678212000,1561.36,1563.0,1552.0,1555.2,841619.0
1678215600,1555.15,1558.4,1549.0,1551.28,657387.0
1678219200,1551.28,1553.32,1542.89,1548.48,1059249.0
1678222800,1548.48,1555.33,1544.17,1550.87,634748.0
1678226400,1550.92,1555.52,1543.52,1553.61,696149.0
1678230000,1553.61,1563.8,1551.78,1561.73,899504.0
1678233600,1561.73,1570.82,1561.71,1567.6,1298965.0
1678237200,1567.61,1568.78,1562.15,1563.09,764448.0
1678240800,1563.08,1565.54,1560.12,1561.64,378661.0
1678244400,1561.64,1563.5,1557.9,1562.69,669444.0
1678248000,1562.69,1563.64,1559.32,1562.9,286687.0
1678251600,1562.89,1563.25,1548.95,1551.6,2049186.0
1678255200,1551.6,1556.14,1547.63,1554.54,948982.0
1678258800,1554.55,1555.44,1550.6,1551.53,390645.0
1678262400,1551.53,1555.99,1550.0,1552.75,648808.0
1678266000,1552.73,1556.72,1552.33,1555.99,283877.0
1678269600,1556.0,1560.91,1555.19,1558.6,736595.0
1678273200,1558.61,1561.7,1556.55,1556.95,483644.0
1678276800,1556.96,1559.9,1551.6,1553.91,727313.0
1678280400,1553.9,1556.52,1550.03,1552.07,1062729.0
1678284000,1552.07,1553.42,1545.24,1548.23,1933495.0
1678287600,1548.24,1565.48,1540.0,1560.16,4403425.0
1678291200,1560.24,1564.99,1553.01,1560.2,1298041.0
1678294800,1560.21,1560.99,1554.14,1554.64,473231.0
1678298400,1554.66,1556.93,1548.7,1553.59,820863.0
1678302000,1553.49,1556.73,1551.29,1553.03,278051.0
1678305600,1553.02,1561.83,1550.08,1560.1,576339.0
1678309200,1560.2,1561.0,1548.8,1553.47,708325.0
1678312800,1553.47,1554.53,1542.0,1546.23,1188046.0
1678316400,1546.23,1548.85,1521.0,1532.88,3276781.0
1678320000,1532.88,1540.14,1531.58,1536.23,1048316.0
1678323600,1536.27,1539.78,1531.79,1537.76,626255.0
1678327200,1537.76,1544.81,1537.75,1542.29,823522.0
1678330800,1542.29,1543.5,1539.44,1541.49,439143.0
1678334400,1541.49,1541.66,1537.51,1538.66,461853.0
1678338000,1538.66,1540.59,1537.25,1537.86,286447.0
1678341600,1537.86,1541.46,1536.15,1540.99,500916.0
1678345200,1540.98,1540.99,1536.33,1537.41,336685.0
1678348800,1537.23,1539.32,1521.84,1532.9,1995338.0
1678352400,1532.91,1535.98,1528.35,1532.65,1014457.0
1678356000,1532.7,1535.22,1527.2,1534.15,834751.0
1678359600,1534.16,1535.8,1533.19,1535.46,402233.0
1678363200,1535.46,1535.61,1530.0,1532.0,513144.0
1678366800,1532.0,1539.88,1527.2,1538.63,1842277.0
1678370400,1538.64,1546.0,1537.56,1539.23,2063627.0
1678374000,1539.24,1543.0,1532.0,1533.68,1079546.0
1678377600,1533.69,1537.89,1522.0,1526.79,2346968.0
1678381200,1526.79,1530.45,1522.7,1529.21,1025927.0
1678384800,1529.2,1530.64,1501.03,1505.79,4134711.0
1678388400,1505.75,1505.95,1479.7,1488.19,4158653.0
1678392000,1488.19,1489.65,1404.75,1413.1,9751878.0
1678395600,1413.08,1444.49,1413.0,1431.51,3225317.0
1678399200,1431.5,1448.0,1431.4,1432.51,1164380.0
1678402800,1432.68,1439.36,1428.62,1437.16,978969.0
1678406400,1437.2,1437.61,1421.34,1426.57,2286103.0
1678410000,1426.58,1432.9,1410.0,1430.01,4234934.0
1678413600,1430.0,1433.67,1425.04,1426.36,820762.0
1678417200,1426.35,1431.0,1422.22,1427.12,697944.0
1678420800,1427.12,1427.47,1412.82,1416.36,2254855.0
1678424400,1416.36,1423.8,1411.39,1420.34,1149608.0
1678428000,1420.34,1422.0,1404.49,1407.46,2017453.0
1678431600,1407.47,1414.0,1387.62,1411.77,4536316.0
1678435200,1411.77,1413.0,1403.1,1407.26,953814.0
1678438800,1407.29,1407.73,1396.16,1396.79,1491637.0
1678442400,1396.82,1403.0,1367.0,1379.42,6297241.0
1678446000,1379.43,1388.28,1372.98,1384.21,2436246.0
1678449600,1384.25,1400.77,1383.0,1395.65,2589598.0
1678453200,1395.64,1434.13,1391.72,1424.1,7686697.0
1678456800,1424.1,1424.78,1381.47,1400.79,6849407.0
1678460400,1400.84,1419.87,1397.0,1416.4,2734085.0
1678464000,1416.26,1438.77,1410.03,1415.3,3617094.0
1678467600,1415.29,1419.9,1400.38,1407.56,2298922.0
1678471200,1407.56,1415.75,1402.13,1404.2,1122176.0
1678474800,1404.09,1426.5,1404.0,1423.38,1166706.0
1678478400,1423.69,1427.71,1415.08,1418.07,710621.0
1678482000,1418.02,1428.78,1406.47,1424.7,983469.0
1678485600,1424.7,1430.0,1416.9,1424.57,860175.0
1678489200,1424.57,1434.0,1422.93,1426.87,1290558.0
1678492800,1426.78,1442.44,1424.71,1436.0,1883226.0
1678496400,1436.0,1477.7,1435.99,1466.1,5477900.0
1678500000,1466.07,1472.5,1457.64,1464.59,3143659.0
1678503600,1464.59,1464.94,1454.23,1458.87,1702193.0
1678507200,1458.87,1462.09,1447.6,1460.35,1830028.0
1678510800,1460.36,1467.1,1457.29,1463.2,1113582.0
1678514400,1463.2,1463.5,1448.0,1457.94,1606414.0
1678518000,1457.94,1462.28,1414.14,1417.52,5261199.0
1678521600,1417.52,1453.7,1409.12,1435.17,4950088.0
1678525200,1435.18,1442.03,1426.29,1435.98,1969099.0
1678528800,1435.97,1439.71,1426.5,1427.79,1025628.0
1678532400,1427.92,1431.71,1418.0,1428.44,1783663.0
1678536000,1428.44,1436.0,1426.32,1427.5,1007400.0
1678539600,1427.5,1437.85,1427.48,1431.06,1037918.0
1678543200,1431.05,1437.21,1428.95,1433.71,955529.0
1678546800,1433.71,1437.7,1427.29,1429.8,978491.0
1678550400,1429.8,1434.9,1422.52,1432.91,1501600.0
1678554000,1432.91,1457.99,1431.0,1449.76,2717751.0
1678557600,1449.84,1457.79,1446.0,1449.0,1710853.0
1678561200,1448.99,1452.77,1444.28,1449.91,863729.0
1678564800,1449.91,1471.9,1449.91,1466.7,1829727.0
1678568400,1466.7,1469.59,1458.4,1466.01,816689.0
1678572000,1466.0,1470.0,1458.71,1460.69,672410.0
1678575600,1460.69,1480.0,1459.0,1472.61,1356055.0
1678579200,1472.62,1473.77,1460.0,1464.98,1244216.0
1678582800,1464.98,1469.2,1461.62,1464.67,922980.0
1678586400,1464.68,1467.58,1455.16,1465.98,1300273.0
1678590000,1465.99,1473.93,1463.15,1466.9,1142689.0
1678593600,1466.91,1468.23,1461.44,1466.35,529258.0
1678597200,1466.36,1471.98,1463.51,1464.15,716768.0
1678600800,1464.16,1466.55,1460.01,1461.37,572066.0
1678604400,1461.38,1465.31,1457.0,1463.0,650920.0
1678608000,1462.99,1465.88,1461.0,1464.79,690218.0
1678611600,1464.78,1468.0,1460.4,1461.9,651588.0
1678615200,1461.89,1466.0,1460.86,1465.19,372006.0
1678618800,1465.19,1468.72,1464.54,1466.11,497393.0
1678622400,1466.1,1466.27,1450.04,1460.5,1710088.0
1678626000,1460.49,1468.0,1458.0,1459.92,1151948.0
1678629600,1459.91,1463.85,1454.25,1456.89,1059442.0
1678633200,1456.9,1461.34,1453.11,1459.6,889133.0
1678636800,1459.6,1467.46,1456.15,1464.03,851349.0
1678640400,1464.03,1548.34,1463.3,1516.3,5756145.0
1678644000,1516.31,1551.08,1513.48,1533.94,4441703.0
1678647600,1533.91,1540.67,1513.03,1515.78,2377701.0
1678651200,1515.82,1548.86,1514.12,1542.38,2249461.0
1678654800,1542.56,1544.64,1534.2,1542.2,825591.0
1678658400,1542.21,1600.0,1528.7,1566.52,5789601.0
1678662000,1566.66,1584.72,1563.64,1579.87,2436660.0
1678665600,1579.87,1624.29,1573.07,1610.99,4379738.0
1678669200,1611.0,1613.65,1598.0,1599.51,1725463.0
1678672800,1599.51,1602.18,1584.01,1589.53,1977531.0
1678676400,1589.53,1595.99,1584.61,1588.63,798493.0
1678680000,1588.57,1601.7,1588.13,1594.45,1446717.0
1678683600,1594.44,1600.0,1593.05,1598.93,600252.0
1678687200,1598.94,1606.6,1593.0,1601.28,1058050.0
1678690800,1601.3,1617.0,1598.2,1606.5,1893140.0
1678694400,1606.55,1608.6,1586.9,1588.01,1999208.0
1678698000,1588.0,1594.64,1566.21,1571.38,3864088.0
1678701600,1571.39,1586.7,1570.0,1583.34,1782004.0
1678705200,1583.34,1586.48,1575.18,1581.54,1111439.0
1678708800,1581.54,1584.32,1573.04,1582.52,1516395.0
1678712400,1582.52,1607.69,1580.5,1599.05,5768064.0
1678716000,1599.05,1650.0,1594.03,1643.64,8059568.0
1678719600,1643.63,1699.0,1643.0,1667.83,9191492.0
1678723200,1667.72,1682.65,1648.58,1664.23,3652670.0
1678726800,1664.07,1674.23,1651.99,1669.21,1388690.0
1678730400,1669.21,1678.0,1660.53,1676.66,1007420.0
1678734000,1676.67,1686.74,1670.01,1678.5,1352009.0
1678737600,1678.5,1680.34,1661.15,1665.63,652234.0
1678741200,1665.63,1674.01,1662.03,1667.73,362885.0
1678744800,1667.71,1681.89,1667.7,1681.0,709150.0
1678748400,1681.0,1682.16,1660.81,1673.59,1119640.0
1678752000,1673.43,1678.8,1665.84,1667.49,1129443.0
1678755600,1667.16,1677.39,1663.25,1674.62,1149666.0
1678759200,1674.5,1684.21,1669.02,1669.68,1137756.0
1678762800,1669.72,1677.98,1667.68,1676.69,636490.0
1678766400,1676.68,1677.09,1670.5,1675.15,503296.0
1678770000,1675.16,1695.62,1666.0,1672.39,3146553.0
1678773600,1672.46,1679.0,1669.01,1672.16,805892.0
1678777200,1672.12,1676.52,1660.0,1667.3,1307718.0
1678780800,1667.44,1670.2,1656.0,1666.2,1417630.0
1678784400,1666.19,1669.33,1661.76,1668.51,604047.0
1678788000,1668.5,1684.2,1665.03,1681.7,1268284.0
1678791600,1681.68,1690.85,1673.47,1683.81,2094825.0
1678795200,1683.82,1741.99,1669.79,1735.91,10871227.0
1678798800,1735.68,1769.99,1725.8,1734.11,8053150.0
1678802400,1734.11,1780.0,1724.0,1760.06,4010959.0
1678806000,1760.07,1778.0,1755.61,1770.29,2777012.0
1678809600,1770.29,1776.0,1750.81,1765.01,2394366.0
1678813200,1765.0,1767.8,1749.26,1756.61,1343213.0
1678816800,1756.61,1759.0,1727.45,1729.08,2501428.0
1678820400,1729.08,1738.98,1688.0,1721.18,4676314.0
1678824000,1721.2,1728.58,1694.53,1701.16,1801440.0
1678827600,1701.16,1704.85,1660.0,1696.9,2984488.0
1678831200,1696.8,1711.55,1691.79,1703.41,1114349.0
1678834800,1703.22,1707.96,1697.23,1699.51,730160.0
1678838400,1699.51,1705.29,1682.0,1701.0,1837184.0
1678842000,1700.68,1717.99,1700.11,1709.89,2164965.0
1678845600,1710.03,1715.52,1704.48,1708.03,534501.0
1678849200,1708.02,1708.77,1698.0,1702.36,636626.0
1678852800,1702.37,1705.74,1698.84,1703.01,411984.0
1678856400,1703.0,1708.76,1697.01,1699.4,586648.0
1678860000,1699.26,1705.99,1693.0,1701.88,837751.0
1678863600,1701.99,1707.22,1697.0,1705.09,419008.0
1678867200,1705.09,1705.87,1695.85,1698.42,588215.0
1678870800,1698.42,1699.58,1682.65,1687.92,1324272.0
1678874400,1687.92,1692.66,1675.0,1679.38,1626719.0
1678878000,1679.39,1682.95,1650.0,1679.95,4789834.0
1678881600,1679.94,1698.93,1654.54,1676.96,4929280.0
1678885200,1676.95,1694.7,1665.01,1667.55,2862700.0
1678888800,1667.55,1677.99,1631.01,1654.71,5470009.0
1678892400,1654.8,1656.86,1625.77,1634.38,3728120.0
1678896000,1634.39,1645.01,1612.0,1616.49,4092857.0
1678899600,1616.35,1632.61,1611.29,1629.94,2276423.0
1678903200,1629.86,1647.6,1621.01,1646.57,1611277.0
1678906800,1646.58,1655.0,1635.0,1648.56,1283119.0
1678910400,1648.66,1653.18,1638.18,1646.6,645538.0
1678914000,1646.6,1654.39,1645.59,1653.74,366708.0
1678917600,1653.74,1664.77,1640.6,1648.05,975688.0
1678921200,1648.05,1654.78,1644.39,1649.93,489352.0
1678924800,1649.94,1659.87,1639.27,1640.56,1025235.0
1678928400,1640.57,1648.74,1632.08,1645.7,1292163.0
1678932000,1645.69,1654.86,1644.45,1649.85,438014.0
1678935600,1649.85,1650.75,1641.27,1646.15,588411.0
1678939200,1646.15,1648.0,1636.83,1640.95,683665.0
1678942800,1640.95,1649.52,1637.24,1644.32,783848.0
1678946400,1644.33,1654.6,1643.97,1652.52,930167.0
1678950000,1652.57,1659.98,1649.04,1655.44,1013623.0
1678953600,1655.56,1656.96,1650.53,1653.13,538864.0
1678957200,1653.13,1665.58,1639.12,1652.98,2256088.0
1678960800,1652.98,1670.0,1645.78,1664.18,2218083.0
1678964400,1664.17,1664.99,1656.63,1660.32,823098.0
1678968000,1660.33,1663.04,1646.14,1651.04,1985874.0
1678971600,1651.03,1658.92,1636.0,1656.62,2219331.0
1678975200,1656.7,1666.0,1645.64,1658.8,1624288.0
1678978800,1658.8,1666.4,1651.69,1662.29,1187349.0
1678982400,1662.29,1663.7,1653.44,1660.61,875844.0
1678986000,1660.61,1661.73,1652.24,1656.24,496842.0
1678989600,1656.24,1662.16,1654.1,1661.03,351137.0
1678993200,1661.03,1693.97,1660.52,1679.46,2073938.0
1678996800,1679.54,1679.76,1652.22,1656.02,955251.0
1679000400,1656.03,1682.99,1654.61,1671.52,948056.0
1679004000,1671.52,1676.38,1668.03,1672.56,426591.0
1679007600,1672.56,1677.68,1670.23,1673.3,431507.0
1679011200,1673.3,1674.01,1662.28,1665.24,558650.0
1679014800,1665.25,1697.02,1663.54,1695.22,2230593.0
1679018400,1695.23,1725.49,1690.76,1703.42,4181312.0
1679022000,1703.18,1713.0,1699.54,1708.24,894407.0
1679025600,1708.25,1710.6,1702.75,1703.26,639016.0
1679029200,1703.26,1705.64,1695.79,1702.92,785987.0
1679032800,1702.92,1732.6,1702.0,1724.5,2774330.0
1679036400,1724.65,1725.64,1708.39,1715.97,1408092.0
1679040000,1716.05,1723.81,1710.68,1713.76,949348.0
1679043600,1713.76,1726.85,1711.06,1719.8,990997.0
1679047200,1719.8,1748.5,1719.4,1744.48,3858996.0
1679050800,1744.48,1764.6,1737.34,1761.45,2900537.0
1679054400,1761.45,1762.45,1727.01,1737.01,2698761.0
1679058000,1737.28,1744.69,1730.5,1735.91,1168261.0
1679061600,1735.92,1743.36,1703.53,1711.33,3353357.0
1679065200,1711.33,1723.75,1706.59,1717.1,1691279.0
1679068800,1717.1,1723.63,1709.49,1712.3,1007315.0
1679072400,1712.31,1733.03,1712.31,1725.5,1493261.0
1679076000,1725.51,1733.62,1713.69,1733.01,780528.0
1679079600,1733.01,1744.81,1728.64,1743.98,1182639.0
1679083200,1743.99,1755.62,1731.62,1741.15,1170755.0
1679086800,1741.16,1772.92,1739.34,1757.81,1302049.0
1679090400,1757.82,1784.65,1750.21,1772.5,2536721.0
1679094000,1772.79,1802.72,1772.21,1789.81,2445809.0
1679097600,1789.77,1825.0,1766.76,1820.0,3037683.0
1679101200,1820.0,1833.33,1813.01,1814.73,2928601.0
1679104800,1814.73,1825.8,1799.79,1806.21,2085938.0
1679108400,1806.2,1814.4,1803.05,1810.49,769090.0
1679112000,1810.5,1814.27,1803.22,1805.44,712317.0
1679115600,1805.45,1815.0,1801.67,1812.6,888996.0
1679119200,1812.55,1812.99,1807.2,1812.32,445088.0
1679122800,1812.32,1823.06,1809.24,1814.39,1105100.0
1679126400,1814.42,1816.99,1791.0,1809.16,2168602.0
1679130000,1809.16,1813.93,1801.47,1812.19,793748.0
1679133600,1812.18,1817.83,1811.25,1815.27,601274.0
1679137200,1815.26,1815.88,1809.34,1813.06,466321.0
1679140800,1813.06,1845.0,1803.08,1827.04,2574623.0
1679144400,1827.05,1829.56,1810.96,1815.11,1657854.0
1679148000,1815.11,1824.63,1812.82,1815.06,860957.0
1679151600,1815.05,1816.72,1775.0,1786.41,3692190.0
1679155200,1786.4,1804.0,1746.28,1794.47,5329040.0
1679158800,1794.32,1799.94,1760.54,1786.69,2472114.0
1679162400,1786.73,1795.52,1780.0,1793.01,918115.0
1679166000,1793.01,1799.62,1787.63,1790.3,811088.0
1679169600,1790.31,1802.27,1784.19,1790.9,668707.0
1679173200,1790.89,1792.58,1775.65,1777.9,452757.0
1679176800,1777.74,1781.22,1762.62,1769.14,917047.0
1679180400,1769.15,1774.24,1751.07,1758.82,1782052.0
1679184000,1758.82,1780.82,1758.03,1774.5,1118810.0
1679187600,1774.5,1786.54,1773.43,1778.36,939212.0
1679191200,1778.37,1783.97,1775.06,1778.02,562192.0
1679194800,1778.16,1784.81,1774.51,1782.4,504706.0
1679198400,1782.31,1787.22,1775.0,1779.68,664783.0
1679202000,1779.68,1784.27,1776.35,1777.66,519580.0
1679205600,1777.67,1778.78,1767.39,1769.71,838101.0
1679209200,1769.73,1775.4,1762.15,1775.0,874573.0
1679212800,1775.0,1780.95,1768.07,1773.78,778705.0
1679216400,1773.78,1779.57,1769.25,1777.39,521288.0
1679220000,1777.39,1779.72,1772.2,1774.29,438044.0
1679223600,1774.28,1788.6,1766.0,1784.43,1441125.0
1679227200,1784.43,1795.0,1779.25,1783.01,1573140.0
1679230800,1783.02,1784.83,1773.31,1776.07,818490.0
1679234400,1776.01,1791.47,1775.31,1785.92,1003151.0
1679238000,1785.93,1815.0,1784.64,1793.42,3129089.0
1679241600,1793.42,1833.99,1791.55,1816.51,3664241.0
1679245200,1816.55,1821.03,1805.51,1809.22,1475302.0
1679248800,1809.22,1823.0,1805.36,1822.99,829167.0
1679252400,1822.76,1841.99,1816.88,1821.91,2315219.0
1679256000,1821.39,1828.66,1787.46,1794.54,1875958.0
1679259600,1794.55,1813.45,1790.0,1794.05,980911.0
1679263200,1794.08,1808.96,1787.46,1805.48,754427.0
1679266800,1805.49,1811.7,1775.0,1781.72,1395638.0
1679270400,1781.46,1785.91,1765.0,1771.98,1751651.0
1679274000,1771.97,1779.68,1761.31,1774.99,1085287.0
1679277600,1774.98,1780.47,1750.6,1766.51,1981959.0
1679281200,1766.5,1768.39,1742.05,1751.7,2226762.0
1679284800,1751.7,1755.77,1736.0,1752.19,1244854.0
1679288400,1752.0,1759.87,1751.26,1759.29,621931.0
1679292000,1759.19,1763.82,1753.14,1758.29,1132613.0
1679295600,1758.3,1793.97,1757.94,1791.33,2795820.0
1679299200,1791.38,1804.05,1780.1,1788.75,2920420.0
1679302800,1788.74,1794.21,1770.0,1780.0,1596575.0
1679306400,1779.99,1783.67,1766.12,1774.69,1378446.0
1679310000,1774.8,1787.7,1770.0,1779.36,1113230.0
1679313600,1779.13,1782.94,1772.37,1782.23,831672.0
1679317200,1782.22,1782.22,1751.43,1760.21,2558322.0
1679320800,1760.21,1778.8,1759.2,1773.79,2338898.0
1679324400,1773.79,1777.0,1760.06,1762.92,1073656.0
1679328000,1762.92,1768.57,1747.46,1753.01,2036864.0
1679331600,1753.01,1764.09,1746.17,1747.58,1010411.0
1679335200,1747.58,1767.78,1741.64,1763.46,1253263.0
1679338800,1763.32,1764.14,1741.26,1752.81,868059.0
1679342400,1752.81,1760.88,1749.24,1757.87,412907.0
1679346000,1758.05,1762.34,1750.14,1753.78,356240.0
1679349600,1753.79,1755.22,1746.7,1748.33,342106.0
1679353200,1748.32,1751.51,1723.01,1733.14,1989927.0
1679356800,1733.03,1757.8,1728.75,1748.61,1263377.0
1679360400,1748.61,1755.8,1740.0,1751.89,866268.0
1679364000,1751.9,1754.37,1746.3,1748.84,447868.0
1679367600,1748.79,1752.55,1743.09,1746.43,498108.0
1679371200,1746.44,1754.14,1745.26,1750.16,523199.0
1679374800,1750.15,1750.15,1736.8,1740.79,1013075.0
1679378400,1740.8,1746.87,1734.31,1739.02,836460.0
1679382000,1739.01,1740.86,1717.19,1730.07,2293062.0
1679385600,1730.07,1740.0,1724.81,1736.92,1048107.0
1679389200,1736.93,1756.35,1734.32,1748.0,1642896.0
1679392800,1748.0,1769.42,1746.81,1757.84,1796465.0
1679396400,1757.84,1765.0,1753.11,1761.74,744732.0
1679400000,1761.74,1809.0,1758.1,1805.47,4138087.0
1679403600,1805.64,1820.78,1803.0,1819.12,4646190.0
1679407200,1819.19,1836.2,1798.01,1805.98,4448575.0
1679410800,1805.99,1819.27,1803.51,1812.81,1347152.0
1679414400,1812.81,1826.55,1807.12,1812.56,2083504.0
1679418000,1812.22,1815.96,1787.6,1790.41,2448576.0
1679421600,1790.42,1793.67,1773.96,1788.47,1837139.0
1679425200,1788.49,1799.4,1785.6,1791.0,742216.0
1679428800,1791.0,1804.46,1787.72,1797.14,649968.0
1679432400,1797.13,1799.66,1781.7,1793.91,551224.0
1679436000,1793.85,1796.79,1785.17,1794.31,364319.0
1679439600,1794.3,1806.72,1790.59,1802.02,591549.0
1679443200,1801.72,1802.58,1777.27,1788.38,1072644.0
1679446800,1788.39,1795.44,1783.95,1794.35,679173.0
1679450400,1794.36,1799.94,1793.52,1794.21,566821.0
1679454000,1794.21,1808.0,1789.55,1799.6,1058617.0
1679457600,1799.59,1801.97,1795.79,1801.54,462865.0
1679461200,1801.54,1808.0,1800.9,1803.7,634207.0
1679464800,1803.7,1804.29,1796.5,1798.8,485435.0
1679468400,1798.8,1799.42,1787.28,1793.16,895348.0
1679472000,1793.17,1794.5,1783.46,1786.67,846632.0
1679475600,1786.66,1791.7,1781.32,1787.14,1134182.0
1679479200,1787.15,1794.76,1785.61,1790.82,1030017.0
1679482800,1790.75,1794.48,1783.31,1785.65,644764.0
1679486400,1785.64,1802.0,1784.0,1795.76,1503247.0
1679490000,1795.76,1805.99,1792.21,1797.5,1147994.0
1679493600,1797.5,1818.95,1796.56,1802.07,2673167.0
1679497200,1802.06,1819.89,1798.38,1806.55,2470587.0
1679500800,1806.55,1809.6,1796.0,1803.7,1272212.0
1679504400,1803.7,1803.8,1776.01,1787.73,2655831.0
1679508000,1787.73,1811.98,1750.51,1772.41,7758500.0
1679511600,1772.33,1772.36,1710.0,1717.26,6613664.0
1679515200,1717.11,1736.0,1711.01,1732.57,2042351.0
1679518800,1732.57,1738.27,1717.43,1719.4,763777.0
1679522400,1719.37,1728.44,1713.35,1726.78,724522.0
1679526000,1726.77,1736.53,1725.46,1734.36,625306.0
1679529600,1734.35,1744.97,1730.27,1737.38,952427.0
1679533200,1737.37,1737.73,1729.49,1730.4,575793.0
1679536800,1730.41,1739.91,1729.69,1739.0,421103.0
1679540400,1739.0,1743.16,1736.9,1737.73,555607.0
1679544000,1737.74,1739.49,1729.8,1731.82,662223.0
1679547600,1731.82,1752.19,1730.18,1748.97,1413730.0
1679551200,1748.97,1753.63,1745.53,1750.05,819820.0
1679554800,1750.39,1751.0,1744.28,1750.66,512387.0
1679558400,1750.67,1756.8,1747.85,1750.97,656702.0
1679562000,1750.97,1756.5,1748.68,1754.79,617817.0
1679565600,1754.79,1759.9,1750.11,1751.07,664133.0
1679569200,1751.06,1757.69,1744.56,1755.16,717024.0
1679572800,1755.03,1757.9,1750.0,1751.14,754469.0
1679576400,1751.14,1753.26,1741.67,1748.12,1293382.0
1679580000,1748.12,1807.94,1745.01,1805.0,3492863.0
1679583600,1804.99,1858.88,1802.7,1837.72,7341655.0
1679587200,1837.73,1840.99,1822.49,1828.77,1879843.0
1679590800,1828.67,1832.4,1816.13,1826.48,1488182.0
1679594400,1826.49,1830.0,1793.26,1802.72,1985738.0
1679598000,1802.73,1823.98,1794.0,1820.76,2052520.0
1679601600,1820.72,1820.87,1805.33,1815.6,911783.0
1679605200,1815.6,1815.63,1805.0,1814.4,486875.0
1679608800,1814.41,1815.28,1804.0,1808.85,610733.0
1679612400,1808.85,1821.75,1807.48,1813.92,636172.0
1679616000,1813.92,1818.55,1809.18,1810.58,441609.0
1679619600,1810.58,1818.39,1806.8,1815.12,475841.0
1679623200,1815.12,1818.0,1808.8,1809.4,414189.0
1679626800,1809.4,1813.82,1809.0,1812.4,355241.0
1679630400,1812.39,1815.0,1804.0,1805.12,639932.0
1679634000,1805.13,1813.3,1804.56,1811.46,415573.0
1679637600,1811.46,1814.83,1810.52,1812.91,365869.0
1679641200,1812.92,1817.77,1808.37,1815.12,545589.0
1679644800,1815.12,1816.77,1787.53,1795.19,2256473.0
1679648400,1795.2,1800.31,1782.0,1787.42,1637553.0
1679652000,1787.35,1789.24,1777.07,1787.87,1280378.0
1679655600,1787.87,1790.25,1720.0,1745.61,3803948.0
1679659200,1745.61,1786.0,1742.12,1771.46,3628446.0
1679662800,1771.46,1773.0,1746.1,1766.79,2303541.0
1679666400,1766.79,1782.76,1755.48,1763.0,2743943.0
1679670000,1763.0,1771.8,1752.5,1767.01,1573708.0
1679673600,1767.0,1769.62,1760.3,1762.78,769182.0
1679677200,1762.78,1764.5,1725.84,1737.34,3119806.0
1679680800,1737.34,1767.65,1736.15,1756.25,1658580.0
1679684400,1756.16,1767.23,1752.16,1763.88,752414.0
1679688000,1763.87,1764.69,1739.29,1748.56,960809.0
1679691600,1748.56,1750.5,1728.15,1745.29,1257209.0
1679695200,1745.21,1749.5,1741.76,1743.0,294396.0
1679698800,1743.09,1754.38,1742.24,1750.0,425627.0
1679702400,1749.86,1758.98,1746.73,1755.9,414803.0
1679706000,1755.9,1756.74,1748.3,1753.82,332606.0
1679709600,1753.82,1763.15,1753.1,1758.51,441042.0
1679713200,1758.52,1758.99,1753.93,1755.99,290665.0
1679716800,1755.99,1758.49,1749.21,1753.56,419956.0
1679720400,1753.56,1755.0,1742.03,1744.31,644272.0
1679724000,1744.32,1752.0,1742.0,1749.04,474346.0
1679727600,1749.04,1753.14,1746.57,1747.07,319087.0
1679731200,1747.07,1750.16,1735.55,1743.3,885247.0
1679734800,1743.3,1751.0,1740.42,1748.28,544215.0
1679738400,1748.43,1750.48,1741.64,1747.37,529598.0
1679742000,1747.38,1750.5,1743.45,1745.4,354373.0
1679745600,1745.37,1747.0,1738.93,1745.78,498598.0
1679749200,1745.78,1759.55,1740.84,1754.22,1106089.0
1679752800,1754.22,1757.68,1747.63,1748.56,614368.0
1679756400,1748.56,1763.7,1744.0,1754.7,1062444.0
1679760000,1754.58,1757.65,1752.1,1752.53,497958.0
1679763600,1752.53,1754.28,1740.57,1744.55,710003.0
1679767200,1744.55,1746.66,1737.13,1739.27,452394.0
1679770800,1739.27,1739.28,1715.0,1717.44,2103267.0
1679774400,1717.34,1735.41,1713.04,1730.52,848464.0
1679778000,1730.51,1736.9,1728.0,1733.08,372855.0
1679781600,1733.07,1744.33,1731.23,1738.24,411541.0
1679785200,1738.24,1743.0,1735.44,1742.3,276175.0
1679788800,1742.3,1756.83,1739.43,1750.73,816358.0
1679792400,1750.73,1755.0,1747.59,1751.48,471967.0
1679796000,1751.49,1754.0,1750.18,1752.7,321208.0
1679799600,1752.7,1754.9,1747.64,1749.81,411089.0
1679803200,1749.81,1750.1,1745.57,1749.64,302484.0
1679806800,1749.64,1754.68,1746.56,1753.17,354449.0
1679810400,1753.17,1755.67,1750.22,1751.55,298935.0
1679814000,1751.55,1755.3,1750.8,1752.59,251081.0
1679817600,1752.58,1788.99,1749.83,1774.86,2697134.0
1679821200,1774.86,1782.45,1770.81,1775.0,1115933.0
1679824800,1775.0,1775.48,1766.33,1771.51,716682.0
1679828400,1771.52,1783.0,1767.48,1777.94,840641.0
1679832000,1777.94,1782.7,1770.6,1775.91,961324.0
1679835600,1775.91,1802.86,1773.23,1796.43,1984089.0
1679839200,1796.44,1796.8,1752.09,1763.94,3138166.0
1679842800,1763.86,1770.39,1760.0,1763.44,1097146.0
1679846400,1763.43,1768.8,1755.0,1757.55,886695.0
1679850000,1757.55,1769.0,1755.42,1767.24,654361.0
1679853600,1767.24,1772.96,1764.5,1766.4,427536.0
1679857200,1766.4,1769.76,1764.04,1766.26,165821.0
1679860800,1766.28,1770.24,1754.01,1760.64,470334.0
1679864400,1760.57,1765.27,1757.36,1764.8,184568.0
1679868000,1764.81,1780.07,1761.69,1776.26,717882.0
1679871600,1776.26,1783.98,1772.39,1773.93,680432.0
1679875200,1773.89,1780.41,1771.8,1778.45,445651.0
1679878800,1778.45,1780.05,1763.0,1763.19,788766.0
1679882400,1763.19,1766.0,1758.7,1765.71,581739.0
1679886000,1765.72,1767.96,1762.78,1764.79,297204.0
1679889600,1764.78,1767.96,1763.86,1764.58,328605.0
1679893200,1764.63,1765.49,1746.66,1750.49,1274825.0
1679896800,1750.34,1755.26,1746.43,1753.66,821427.0
1679900400,1753.66,1755.8,1749.01,1752.36,451491.0
1679904000,1752.37,1759.81,1749.73,1756.61,539426.0
1679907600,1756.62,1765.91,1754.43,1763.34,893007.0
1679911200,1763.35,1766.99,1759.56,1765.0,484861.0
1679914800,1764.99,1770.79,1762.65,1765.42,726799.0
1679918400,1765.42,1769.36,1752.11,1756.56,1069131.0
1679922000,1756.56,1765.5,1750.0,1755.54,1859887.0
1679925600,1755.27,1758.29,1719.04,1720.01,4192143.0
1679929200,1720.01,1720.81,1685.8,1711.79,6493571.0
1679932800,1711.8,1732.35,1708.62,1717.19,2716790.0
1679936400,1717.19,1721.25,1704.12,1708.26,1100758.0
1679940000,1708.26,1719.67,1706.35,1714.92,651138.0
1679943600,1714.92,1719.9,1701.17,1704.64,509716.0
1679947200,1704.66,1710.01,1696.0,1708.13,840572.0
1679950800,1708.14,1717.78,1706.26,1713.58,629963.0
1679954400,1713.58,1715.5,1707.0,1709.7,357905.0
1679958000,1709.76,1716.9,1707.51,1715.29,327293.0
1679961600,1715.29,1719.0,1706.03,1707.61,668725.0
1679965200,1707.61,1727.17,1701.1,1717.01,1253192.0
1679968800,1717.0,1718.79,1709.19,1713.48,560034.0
1679972400,1713.48,1713.72,1709.15,1712.13,398360.0
1679976000,1712.13,1718.69,1710.0,1718.05,474932.0
1679979600,1718.06,1724.35,1714.29,1724.18,703872.0
1679983200,1724.19,1735.88,1723.49,1730.95,1651819.0
1679986800,1730.95,1733.57,1723.01,1724.28,696786.0
1679990400,1724.29,1729.88,1721.2,1727.88,742473.0
1679994000,1727.88,1728.85,1716.17,1719.0,762007.0
1679997600,1719.01,1722.8,1710.04,1717.83,1229027.0
1680001200,1717.83,1755.0,1717.36,1745.37,3302816.0
1680004800,1745.46,1750.89,1730.0,1736.8,2264282.0
1680008400,1736.8,1744.79,1730.46,1737.5,1423583.0
1680012000,1737.6,1752.33,1735.35,1739.96,1827744.0
1680015600,1739.97,1745.97,1736.82,1743.83,786962.0
1680019200,1743.82,1747.83,1732.79,1735.3,896831.0
1680022800,1735.3,1739.67,1727.09,1736.34,1106693.0
1680026400,1736.34,1781.88,1735.2,1776.96,3071575.0
1680030000,1776.97,1796.53,1767.0,1785.97,1999993.0
1680033600,1785.96,1790.55,1770.6,1774.31,727351.0
1680037200,1774.31,1775.43,1761.1,1768.77,456083.0
1680040800,1768.87,1773.53,1766.11,1770.77,415357.0
1680044400,1770.77,1778.37,1770.53,1773.07,548447.0
1680048000,1773.08,1778.05,1772.25,1775.07,433303.0
1680051600,1775.08,1789.0,1775.07,1778.37,1075478.0
1680055200,1778.37,1782.86,1777.14,1779.16,482583.0
1680058800,1779.15,1780.28,1774.59,1777.78,490316.0
1680062400,1777.77,1799.0,1777.67,1791.35,1826008.0
1680066000,1791.35,1794.99,1787.39,1789.34,824593.0
1680069600,1789.34,1819.72,1786.23,1805.57,3563087.0
1680073200,1805.58,1811.31,1803.33,1804.79,951678.0
1680076800,1804.78,1828.45,1799.5,1820.42,3193162.0
1680080400,1820.43,1824.94,1814.09,1814.41,812824.0
1680084000,1814.41,1817.96,1807.8,1811.29,847442.0
1680087600,1811.32,1812.79,1805.18,1811.56,695239.0
1680091200,1811.57,1813.1,1801.33,1811.0,1069531.0
1680094800,1811.0,1815.72,1804.18,1810.29,917973.0
1680098400,1810.29,1817.22,1792.4,1796.93,2032366.0
1680102000,1796.93,1809.77,1794.28,1807.94,1009503.0
1680105600,1807.94,1808.31,1792.0,1793.4,913788.0
1680109200,1793.4,1803.96,1792.5,1798.7,638720.0
1680112800,1798.81,1806.66,1795.87,1803.66,445513.0
1680116400,1803.66,1812.33,1802.13,1809.27,493492.0
1680120000,1809.45,1809.98,1801.99,1803.5,339581.0
1680123600,1803.5,1806.46,1793.4,1794.52,294163.0
1680127200,1794.52,1796.22,1782.13,1790.6,1157262.0
1680130800,1790.6,1798.11,1790.0,1793.24,408686.0
1680134400,1793.23,1799.68,1776.0,1785.03,1050751.0
1680138000,1785.02,1793.86,1781.29,1790.77,803651.0
1680141600,1790.76,1830.45,1790.17,1816.47,3546211.0
1680145200,1816.48,1817.65,1765.01,1787.5,4499272.0
1680148800,1787.27,1798.94,1785.01,1796.27,1148186.0
1680152400,1796.27,1797.61,1790.37,1796.45,642223.0
1680156000,1796.44,1801.02,1792.02,1795.67,636814.0
1680159600,1795.68,1813.25,1793.98,1805.95,1269520.0
1680163200,1805.95,1808.42,1798.0,1799.32,701381.0
1680166800,1799.35,1802.0,1793.26,1800.84,668076.0
1680170400,1800.84,1806.09,1797.85,1803.54,481112.0
1680174000,1803.55,1807.53,1801.67,1805.0,452612.0
1680177600,1805.0,1805.8,1796.87,1804.36,732736.0
1680181200,1804.35,1804.72,1792.97,1797.72,751232.0
1680184800,1797.73,1798.8,1786.14,1795.34,1580991.0
1680188400,1795.33,1796.84,1784.01,1789.59,1144672.0
1680192000,1789.52,1792.0,1778.37,1785.94,1422054.0
1680195600,1785.94,1787.57,1762.56,1770.33,2023165.0
1680199200,1770.33,1777.22,1767.7,1776.77,790462.0
1680202800,1776.76,1785.0,1775.36,1781.76,472107.0
1680206400,1781.76,1798.88,1779.0,1795.11,754127.0
1680210000,1795.12,1797.91,1790.16,1792.5,480343.0
1680213600,1792.5,1795.35,1782.0,1784.71,603245.0
1680217200,1784.71,1795.0,1782.02,1793.26,533086.0
1680220800,1793.27,1809.0,1789.0,1805.08,1254718.0
1680224400,1805.08,1817.7,1799.13,1802.02,1604805.0
1680228000,1802.02,1805.86,1799.02,1802.79,453948.0
1680231600,1802.82,1808.96,1802.16,1802.69,400850.0
1680235200,1802.69,1805.5,1800.0,1804.14,374442.0
1680238800,1804.15,1808.55,1792.5,1796.81,747042.0
1680242400,1796.82,1800.4,1795.32,1798.23,482524.0
1680246000,1798.23,1798.93,1779.28,1794.93,2115296.0
1680249600,1794.93,1798.07,1785.89,1789.79,1236926.0
1680253200,1789.79,1794.51,1787.0,1790.35,524180.0
1680256800,1790.35,1799.99,1789.51,1793.09,683267.0
1680260400,1793.06,1796.4,1789.12,1793.28,449779.0
1680264000,1793.28,1813.0,1790.4,1806.98,2052434.0
1680267600,1806.98,1839.18,1804.46,1826.46,4050668.0
1680271200,1826.47,1847.08,1824.75,1835.93,2870656.0
1680274800,1835.92,1841.53,1826.2,1830.74,1347074.0
1680278400,1830.74,1834.38,1819.0,1830.06,1241269.0
1680282000,1830.05,1832.0,1821.89,1825.52,573370.0
1680285600,1825.52,1826.5,1821.03,1823.15,314405.0
1680289200,1823.14,1831.95,1819.2,1829.13,908087.0
1680292800,1829.13,1829.41,1815.12,1818.4,710587.0
1680296400,1818.4,1828.0,1815.8,1824.53,391979.0
1680300000,1824.53,1830.69,1822.09,1826.77,327787.0
1680303600,1826.77,1827.15,1822.13,1822.2,247335.0
1680307200,1822.14,1827.99,1820.08,1823.89,405199.0
1680310800,1823.89,1835.05,1821.7,1833.91,580447.0
1680314400,1833.92,1843.77,1824.28,1829.9,1473885.0
1680318000,1829.95,1830.41,1824.02,1826.77,274698.0
1680321600,1826.76,1830.0,1824.82,1827.4,309732.0
1680325200,1827.37,1827.84,1820.3,1826.0,662017.0
1680328800,1825.99,1826.32,1813.0,1823.54,1019430.0
1680332400,1823.53,1826.6,1819.0,1823.98,526973.0
1680336000,1823.97,1828.61,1821.05,1825.2,489717.0
1680339600,1825.2,1828.44,1824.47,1824.49,247690.0
1680343200,1824.49,1828.42,1822.27,1827.22,306702.0
1680346800,1827.22,1828.62,1823.01,1824.48,347584.0
1680350400,1824.47,1827.65,1822.75,1826.99,313608.0
1680354000,1826.99,1827.18,1823.72,1825.81,228481.0
1680357600,1825.81,1826.57,1815.0,1817.62,839033.0
1680361200,1817.62,1822.44,1815.15,1821.04,559656.0
1680364800,1821.04,1824.99,1807.3,1815.57,921788.0
1680368400,1815.58,1819.8,1815.0,1817.22,358527.0
1680372000,1817.23,1817.82,1813.02,1816.26,234129.0
1680375600,1816.25,1816.9,1811.67,1815.01,191965.0
1680379200,1815.01,1825.74,1815.0,1817.03,429345.0
1680382800,1817.03,1823.0,1816.26,1820.79,159907.0
1680386400,1820.78,1826.04,1819.62,1823.35,202908.0
1680390000,1823.35,1824.74,1819.31,1821.2,148887.0
1680393600,1821.19,1823.69,1812.53,1813.66,502766.0
1680397200,1813.65,1817.5,1812.34,1812.46,381187.0
1680400800,1812.46,1815.55,1810.0,1814.09,419547.0
1680404400,1814.1,1819.08,1813.73,1817.69,314460.0
1680408000,1817.7,1818.75,1813.73,1814.24,220159.0
1680411600,1814.24,1822.42,1814.04,1821.86,448351.0
1680415200,1821.87,1824.98,1818.53,1822.5,431259.0
1680418800,1822.51,1823.92,1819.76,1820.5,379984.0
1680422400,1820.5,1820.95,1816.24,1818.82,326589.0
1680426000,1818.81,1824.4,1818.4,1822.09,319000.0
1680429600,1822.1,1822.25,1817.3,1817.99,315389.0
1680433200,1818.0,1819.89,1815.54,1817.7,277498.0
1680436800,1817.7,1818.31,1811.0,1813.96,962497.0
1680440400,1813.95,1819.99,1806.01,1814.58,1324776.0
1680444000,1814.58,1817.89,1812.0,1813.43,316710.0
1680447600,1813.43,1814.03,1790.0,1798.4,2590877.0
1680451200,1798.4,1799.48,1785.0,1796.34,1252804.0
1680454800,1796.33,1804.58,1795.94,1801.87,614206.0
1680458400,1801.88,1802.28,1797.57,1798.02,223524.0
1680462000,1798.02,1798.27,1772.0,1781.86,1419768.0
1680465600,1781.96,1791.0,1777.65,1789.09,517890.0
1680469200,1789.1,1793.62,1782.8,1786.98,395290.0
1680472800,1786.99,1794.44,1777.94,1794.09,620420.0
1680476400,1794.1,1796.3,1791.0,1794.78,392086.0
1680480000,1794.78,1794.81,1786.66,1791.04,376051.0
1680483600,1791.04,1793.19,1763.0,1772.25,1859457.0
1680487200,1772.18,1778.0,1769.74,1774.94,700236.0
1680490800,1774.95,1779.28,1773.0,1778.08,379948.0
1680494400,1778.08,1778.7,1772.75,1777.64,337873.0
1680498000,1777.65,1782.39,1776.67,1778.36,443479.0
1680501600,1778.37,1786.46,1777.22,1785.73,580414.0
1680505200,1785.73,1795.0,1785.35,1794.68,1226699.0
1680508800,1794.68,1818.78,1794.63,1812.24,3323466.0
1680512400,1812.24,1814.29,1809.13,1809.76,756399.0
1680516000,1809.78,1815.6,1804.26,1804.47,768482.0
1680519600,1804.48,1809.8,1802.17,1808.11,766996.0
1680523200,1808.11,1808.46,1797.64,1804.33,935446.0
1680526800,1804.33,1823.0,1802.99,1807.99,1715216.0
1680530400,1808.0,1811.0,1791.26,1793.72,2014468.0
1680534000,1793.72,1800.94,1788.92,1797.16,1107747.0
1680537600,1797.16,1803.0,1793.63,1794.06,676068.0
1680541200,1794.06,1808.53,1791.99,1801.22,972176.0
1680544800,1801.21,1840.27,1798.98,1831.97,2953921.0
1680548400,1831.97,1837.97,1814.01,1818.73,1305446.0
1680552000,1818.72,1819.8,1775.8,1780.35,3417099.0
1680555600,1780.34,1798.8,1768.7,1795.17,1532629.0
1680559200,1795.17,1816.33,1793.39,1806.42,1102865.0
1680562800,1806.43,1819.51,1805.99,1810.99,1152382.0
1680566400,1811.0,1817.23,1802.37,1805.31,750251.0
1680570000,1805.32,1814.96,1803.68,1807.51,581993.0
1680573600,1807.5,1813.66,1805.5,1807.96,494451.0
1680577200,1807.96,1813.0,1807.07,1807.71,379311.0
1680580800,1807.71,1809.38,1803.15,1804.07,389102.0
1680584400,1804.06,1811.5,1804.0,1809.39,471060.0
1680588000,1809.4,1820.0,1807.57,1816.19,1223599.0
1680591600,1816.2,1822.98,1808.0,1812.68,1188147.0
1680595200,1812.7,1825.5,1811.02,1822.92,964164.0
1680598800,1822.92,1833.58,1819.72,1829.29,1579175.0
1680602400,1829.26,1838.87,1827.8,1831.93,1577715.0
1680606000,1831.78,1879.23,1830.19,1864.31,5635299.0
1680609600,1864.31,1873.89,1860.5,1868.95,1646322.0
1680613200,1868.96,1895.0,1858.0,1864.78,3693607.0
1680616800,1864.78,1878.79,1860.0,1864.03,1779737.0
1680620400,1864.03,1867.69,1851.61,1862.99,1681284.0
1680624000,1863.0,1869.0,1857.48,1866.32,742490.0
1680627600,1866.33,1874.5,1864.93,1870.29,728321.0
1680631200,1870.28,1871.94,1862.2,1864.75,408502.0
1680634800,1864.54,1871.09,1863.0,1869.36,340746.0
1680638400,1869.18,1888.55,1866.73,1879.2,1145417.0
1680642000,1879.19,1879.43,1865.56,1871.49,598908.0
1680645600,1871.5,1873.73,1865.11,1867.09,309444.0
1680649200,1867.15,1874.14,1859.25,1870.58,536693.0
1680652800,1870.47,1919.73,1865.0,1913.55,4223320.0
1680656400,1913.54,1929.0,1905.44,1911.68,2133927.0
1680660000,1911.68,1927.8,1907.33,1911.6,1526029.0
1680663600,1911.6,1913.82,1905.56,1912.97,634681.0
1680667200,1912.97,1914.73,1908.43,1909.52,447158.0
1680670800,1909.53,1918.66,1907.75,1912.11,742031.0
1680674400,1912.11,1914.49,1910.0,1912.99,345183.0
1680678000,1912.99,1913.31,1908.18,1910.81,328769.0
1680681600,1910.77,1914.96,1904.08,1911.2,1098426.0
1680685200,1911.0,1914.45,1908.33,1909.82,337562.0
1680688800,1909.83,1913.78,1909.0,1913.67,292806.0
1680692400,1913.79,1924.0,1910.5,1914.0,1138345.0
1680696000,1914.0,1947.0,1895.12,1922.24,4901808.0
1680699600,1922.1,1925.19,1907.0,1913.55,2385551.0
1680703200,1913.52,1918.59,1890.22,1898.17,3192150.0
1680706800,1898.17,1905.71,1885.0,1897.44,2239945.0
1680710400,1897.44,1900.61,1888.0,1894.07,1160201.0
1680714000,1894.03,1902.99,1891.79,1898.81,538924.0
1680717600,1898.81,1901.05,1891.51,1900.59,454356.0
1680721200,1900.59,1918.88,1893.47,1909.5,1440914.0
1680724800,1909.51,1915.19,1903.66,1906.09,539209.0
1680728400,1905.95,1911.94,1905.93,1911.43,176740.0
1680732000,1911.44,1914.0,1907.2,1910.16,276278.0
1680735600,1910.15,1913.95,1907.53,1908.71,293042.0
1680739200,1908.71,1909.97,1891.0,1897.04,1493781.0
1680742800,1897.03,1900.88,1886.03,1898.7,1069383.0
1680746400,1898.7,1900.94,1889.0,1895.36,552282.0
1680750000,1895.36,1900.7,1894.04,1899.27,383675.0
1680753600,1899.27,1899.28,1892.03,1893.68,370790.0
1680757200,1893.66,1895.77,1880.0,1888.65,1049895.0
1680760800,1888.65,1893.69,1886.0,1892.77,517192.0
1680764400,1892.76,1893.93,1877.5,1879.78,1212115.0
1680768000,1879.77,1885.71,1867.0,1880.24,1916809.0
1680771600,1880.24,1886.36,1875.03,1875.87,738315.0
1680775200,1875.86,1875.87,1854.0,1862.68,3030171.0
1680778800,1862.67,1871.15,1860.96,1869.46,773925.0
1680782400,1869.45,1876.8,1860.0,1864.49,1352968.0
1680786000,1864.5,1870.53,1855.42,1867.83,1394946.0
1680789600,1867.84,1873.5,1864.02,1868.81,1262153.0
1680793200,1868.81,1879.86,1868.0,1875.1,1211255.0
1680796800,1875.09,1883.3,1873.0,1876.49,1006342.0
1680800400,1876.5,1880.86,1874.22,1875.5,463200.0
1680804000,1875.53,1879.29,1867.0,1868.18,462685.0
1680807600,1868.03,1875.94,1867.0,1872.29,358167.0
1680811200,1872.29,1879.5,1863.34,1864.01,616691.0
1680814800,1864.01,1874.62,1860.52,1866.31,308554.0
1680818400,1866.3,1870.98,1861.66,1870.27,337373.0
1680822000,1870.27,1873.44,1869.59,1873.28,188344.0
1680825600,1873.25,1883.0,1870.06,1882.09,557798.0
1680829200,1882.1,1883.0,1875.0,1875.77,527855.0
1680832800,1875.76,1877.26,1866.58,1874.01,611870.0
1680836400,1874.0,1878.99,1873.57,1877.13,407216.0
1680840000,1877.13,1879.48,1874.27,1876.58,290203.0
1680843600,1876.57,1876.58,1865.0,1871.49,711242.0
1680847200,1871.49,1871.53,1862.0,1866.8,827923.0
1680850800,1866.79,1867.33,1840.11,1851.36,2480613.0
1680854400,1851.37,1858.17,1847.08,1851.8,1159161.0
1680858000,1851.8,1857.33,1849.91,1856.0,497152.0
1680861600,1856.0,1860.0,1854.5,1858.89,481594.0
1680865200,1858.9,1859.59,1843.43,1850.2,843939.0
1680868800,1850.19,1859.84,1842.25,1853.63,2429259.0
1680872400,1853.64,1857.21,1848.0,1855.12,877138.0
1680876000,1855.12,1864.55,1854.07,1856.79,992327.0
1680879600,1856.8,1862.17,1856.32,1860.85,433502.0
1680883200,1860.86,1862.46,1851.9,1853.77,600676.0
1680886800,1853.77,1860.97,1853.76,1859.27,397134.0
1680890400,1859.27,1860.69,1853.7,1854.58,306799.0
1680894000,1854.58,1857.77,1852.11,1855.47,258776.0
1680897600,1855.47,1858.69,1852.01,1853.34,181963.0
1680901200,1853.34,1860.89,1853.05,1857.76,173264.0
1680904800,1857.75,1873.0,1855.2,1868.12,933254.0
1680908400,1868.12,1870.99,1863.12,1864.36,383748.0
1680912000,1864.35,1865.08,1855.36,1856.15,668423.0
1680915600,1856.17,1862.16,1856.06,1859.69,369409.0
1680919200,1859.69,1866.64,1858.72,1865.8,291658.0
1680922800,1865.8,1872.49,1864.36,1868.31,1015485.0
1680926400,1868.31,1869.61,1864.83,1867.01,356272.0
1680930000,1867.01,1879.3,1867.0,1879.06,964224.0
1680933600,1879.07,1880.28,1873.39,1874.73,886262.0
1680937200,1874.73,1875.5,1871.0,1873.0,361923.0
1680940800,1872.96,1875.87,1868.11,1868.24,558196.0
1680944400,1868.24,1873.78,1865.74,1870.78,544288.0
1680948000,1870.78,1871.14,1867.48,1869.9,366803.0
1680951600,1869.9,1870.31,1867.6,1868.55,217777.0
1680955200,1868.54,1869.98,1863.0,1867.08,550883.0
1680958800,1867.08,1869.48,1864.56,1868.57,282169.0
1680962400,1868.57,1871.99,1868.56,1869.4,340345.0
1680966000,1869.41,1869.7,1866.03,1868.06,243620.0
1680969600,1868.06,1868.95,1863.25,1867.28,266923.0
1680973200,1867.43,1870.0,1853.69,1859.99,791740.0
1680976800,1860.0,1861.3,1848.31,1851.52,962806.0
1680980400,1851.52,1857.17,1847.33,1854.46,605873.0
1680984000,1854.46,1858.77,1854.19,1854.19,213025.0
1680987600,1854.19,1856.41,1852.79,1855.13,176983.0
1680991200,1855.13,1855.13,1846.68,1851.3,462876.0
1680994800,1851.29,1856.38,1848.3,1849.2,397347.0
1680998400,1849.19,1859.0,1847.55,1855.0,650516.0
1681002000,1855.0,1860.93,1854.62,1859.11,359109.0
1681005600,1859.1,1859.98,1853.22,1854.45,265215.0
1681009200,1854.45,1855.97,1851.64,1852.26,327926.0
1681012800,1852.26,1855.12,1851.39,1853.13,260054.0
1681016400,1853.13,1856.05,1849.0,1849.9,434491.0
1681020000,1849.89,1850.0,1821.69,1835.26,3551642.0
1681023600,1835.25,1838.6,1832.22,1835.89,550193.0
1681027200,1835.88,1838.48,1833.0,1837.85,459255.0
1681030800,1837.85,1840.66,1835.77,1836.6,363142.0
1681034400,1836.59,1838.68,1830.0,1834.16,492330.0
1681038000,1834.16,1839.87,1832.0,1839.29,497959.0
1681041600,1839.29,1846.0,1836.92,1839.19,862454.0
1681045200,1839.2,1839.2,1833.17,1837.02,474266.0
1681048800,1837.08,1838.3,1826.0,1833.82,1059399.0
1681052400,1833.82,1841.2,1831.59,1837.15,557266.0
1681056000,1837.15,1843.77,1835.81,1839.49,471004.0
1681059600,1839.49,1841.99,1836.28,1840.16,247293.0
1681063200,1840.16,1862.34,1839.52,1855.77,1278169.0
1681066800,1855.66,1867.99,1851.04,1856.34,1491770.0
1681070400,1856.35,1859.95,1852.52,1855.85,391146.0
1681074000,1855.86,1873.0,1855.85,1866.95,844533.0
1681077600,1866.95,1873.97,1863.36,1865.79,873006.0
1681081200,1865.8,1866.91,1856.0,1859.2,615691.0
1681084800,1859.21,1863.28,1855.7,1859.45,451161.0
1681088400,1859.45,1860.0,1846.77,1851.69,868633.0
1681092000,1851.68,1857.7,1850.72,1855.11,403240.0
1681095600,1855.11,1860.41,1855.07,1857.72,382362.0
1681099200,1857.73,1863.16,1855.66,1856.57,467522.0
1681102800,1856.58,1866.0,1853.41,1860.16,678746.0
1681106400,1860.15,1860.85,1857.17,1859.23,263356.0
1681110000,1859.24,1860.82,1855.01,1860.34,323836.0
1681113600,1860.33,1862.58,1857.02,1857.54,476730.0
1681117200,1857.54,1860.42,1856.65,1857.63,231228.0
1681120800,1857.64,1863.0,1855.18,1860.52,454433.0
1681124400,1860.75,1862.29,1856.5,1858.18,334755.0
1681128000,1858.18,1858.83,1852.46,1854.46,619143.0
1681131600,1854.47,1855.88,1847.22,1849.99,971037.0
1681135200,1849.99,1861.0,1848.17,1856.31,764832.0
1681138800,1856.3,1869.78,1856.13,1861.11,1595128.0
1681142400,1861.11,1887.36,1857.2,1882.87,3020478.0
1681146000,1882.88,1904.77,1882.78,1895.0,3794030.0
1681149600,1895.0,1899.17,1892.8,1897.6,562362.0
1681153200,1897.6,1899.0,1883.65,1889.2,775765.0
1681156800,1889.35,1892.0,1878.09,1884.85,594640.0
1681160400,1884.85,1891.68,1883.42,1889.21,447914.0
1681164000,1889.22,1918.0,1889.21,1903.61,1664056.0
1681167600,1903.61,1919.98,1903.61,1910.51,1396787.0
1681171200,1910.5,1926.0,1907.88,1919.54,1564385.0
1681174800,1919.55,1934.0,1909.0,1927.03,1513139.0
1681178400,1927.03,1938.0,1920.28,1924.98,1823217.0
1681182000,1924.98,1925.0,1917.01,1922.65,928686.0
1681185600,1922.65,1923.14,1915.15,1919.31,520466.0
1681189200,1919.31,1923.36,1908.84,1913.95,919088.0
1681192800,1913.95,1920.57,1913.29,1919.68,484727.0
1681196400,1919.67,1926.97,1919.18,1921.52,710046.0
1681200000,1921.64,1922.78,1915.89,1918.75,451582.0
1681203600,1918.74,1918.75,1912.13,1917.87,505593.0
1681207200,1917.88,1921.69,1916.2,1919.82,399539.0
1681210800,1919.81,1920.91,1915.2,1916.01,312391.0
1681214400,1916.0,1919.5,1910.0,1915.75,818590.0
1681218000,1915.74,1922.23,1913.0,1920.72,655653.0
1681221600,1920.72,1923.9,1903.8,1910.8,1657848.0
1681225200,1910.87,1919.48,1909.26,1914.04,820672.0
1681228800,1914.04,1916.14,1895.26,1902.36,1683095.0
1681232400,1902.35,1908.79,1890.0,1906.41,1612499.0
1681236000,1906.4,1909.49,1904.85,1906.57,326333.0
1681239600,1906.57,1917.9,1890.75,1894.81,1669742.0
1681243200,1894.81,1895.23,1881.8,1892.93,1121436.0
1681246800,1892.93,1896.89,1890.47,1893.48,297921.0
1681250400,1893.47,1895.2,1890.17,1894.44,224812.0
1681254000,1894.45,1894.45,1883.34,1890.17,491614.0
1681257600,1890.17,1897.98,1887.0,1888.51,611365.0
1681261200,1888.5,1894.9,1875.88,1887.12,1178824.0
1681264800,1887.12,1887.12,1852.0,1865.41,3505720.0
1681268400,1865.4,1867.01,1857.28,1863.08,737354.0
1681272000,1863.07,1868.5,1860.84,1867.57,471097.0
1681275600,1867.57,1869.85,1862.79,1864.8,469555.0
1681279200,1864.8,1869.44,1862.13,1868.48,488080.0
1681282800,1868.47,1875.94,1867.55,1869.63,728958.0
1681286400,1869.64,1874.09,1865.59,1865.81,482339.0
1681290000,1865.81,1870.79,1863.64,1870.76,449417.0
1681293600,1870.77,1872.96,1869.01,1872.46,285404.0
1681297200,1872.46,1873.2,1868.11,1872.25,337115.0
1681300800,1872.26,1895.91,1866.26,1881.45,4500332.0
1681304400,1881.45,1905.0,1877.17,1886.18,3305320.0
1681308000,1886.01,1932.96,1884.99,1914.36,6298564.0
1681311600,1914.36,1922.98,1897.33,1912.01,3820087.0
1681315200,1912.0,1917.65,1906.5,1907.16,930519.0
1681318800,1907.16,1918.82,1905.0,1914.4,786661.0
1681322400,1914.4,1919.75,1898.2,1902.98,1310026.0
1681326000,1902.96,1905.99,1893.99,1901.75,826129.0
1681329600,1901.82,1909.5,1900.43,1907.99,398687.0
1681333200,1907.99,1927.4,1906.45,1917.13,740312.0
1681336800,1917.14,1927.1,1905.4,1913.68,1397212.0
1681340400,1913.68,1931.19,1910.9,1918.01,1277886.0
1681344000,1918.01,1920.99,1907.09,1908.5,921194.0
1681347600,1908.5,1910.79,1900.0,1906.27,881728.0
1681351200,1906.27,1912.36,1900.0,1907.05,839746.0
1681354800,1907.05,1917.4,1905.78,1912.61,755601.0
1681358400,1912.6,1917.99,1910.75,1912.9,447101.0
1681362000,1912.89,1919.94,1912.02,1918.18,452686.0
1681365600,1918.18,1920.9,1908.13,1910.67,869460.0
1681369200,1910.67,1925.87,1910.0,1921.5,1190124.0
1681372800,1921.49,1979.7,1919.28,1963.2,7385991.0
1681376400,1963.2,1998.0,1963.2,1981.4,5360507.0
1681380000,1981.41,1992.58,1975.89,1986.41,1760703.0
1681383600,1986.41,1995.4,1983.38,1985.34,1320840.0
1681387200,1985.34,2010.0,1985.34,2003.57,4277551.0
1681390800,2003.57,2006.98,1991.06,1992.2,2061468.0
1681394400,1992.2,2004.8,1990.94,2000.38,1356209.0
1681398000,2000.38,2002.72,1990.0,1997.14,1262216.0
1681401600,1997.14,2002.57,1991.05,1999.95,1058598.0
1681405200,1999.95,2019.99,1998.66,2009.55,2121564.0
1681408800,2009.54,2020.0,2008.6,2012.85,925485.0
1681412400,2012.85,2025.0,2009.68,2011.21,1126444.0
1681416000,2011.3,2011.3,2000.26,2005.74,760848.0
1681419600,2005.74,2011.71,2003.6,2005.95,331612.0
1681423200,2005.94,2018.18,2004.04,2007.44,585915.0
1681426800,2007.44,2012.0,2003.83,2011.73,373242.0
1681430400,2011.72,2165.87,2008.59,2100.29,7792748.0
1681434000,2100.28,2129.53,2096.18,2118.21,2964636.0
1681437600,2118.22,2123.65,2097.37,2103.75,1987285.0
1681441200,2103.75,2113.92,2100.14,2109.24,1019708.0
1681444800,2109.24,2117.79,2109.24,2113.87,713073.0
1681448400,2113.87,2123.85,2111.31,2118.22,999976.0
1681452000,2118.21,2124.0,2106.0,2118.48,1391615.0
1681455600,2118.49,2118.49,2103.04,2107.1,1228601.0
1681459200,2107.0,2112.71,2101.35,2108.11,805375.0
1681462800,2108.11,2117.0,2106.61,2111.65,665732.0
1681466400,2111.67,2116.25,2110.4,2113.33,506886.0
1681470000,2113.34,2118.71,2110.0,2115.13,539261.0
1681473600,2115.14,2125.0,2082.0,2090.54,3333015.0
1681477200,2090.55,2109.52,2089.64,2104.8,1802729.0
1681480800,2104.79,2108.79,2086.14,2094.93,1803801.0
1681484400,2094.92,2095.86,2050.0,2059.3,5094910.0
1681488000,2059.3,2067.6,2040.76,2062.27,3111961.0
1681491600,2062.35,2081.3,2061.12,2075.32,1821419.0
1681495200,2075.32,2093.2,2073.41,2080.87,1358553.0
1681498800,2080.86,2092.16,2071.6,2091.2,702049.0
1681502400,2091.19,2123.8,2085.62,2106.27,2130404.0
1681506000,2106.16,2108.38,2095.49,2104.5,523621.0
1681509600,2104.51,2106.8,2097.55,2104.88,425162.0
1681513200,2104.88,2112.46,2097.11,2099.74,550750.0
1681516800,2099.73,2106.42,2081.51,2086.01,1392908.0
1681520400,2086.01,2087.84,2070.13,2081.51,949790.0
1681524000,2081.5,2091.81,2081.5,2088.75,632903.0
1681527600,2088.75,2093.79,2085.71,2088.68,502773.0
1681531200,2088.69,2089.78,2081.29,2086.83,432638.0
1681534800,2086.83,2091.1,2086.35,2089.21,303551.0
1681538400,2089.21,2090.34,2083.01,2086.4,271426.0
1681542000,2086.52,2105.0,2086.52,2096.88,938368.0
1681545600,2096.87,2101.6,2092.27,2096.16,639621.0
1681549200,2096.17,2112.38,2096.17,2106.83,1053869.0
1681552800,2106.84,2108.65,2100.65,2106.54,437344.0
1681556400,2106.54,2111.32,2098.41,2100.81,646619.0
1681560000,2100.81,2107.86,2098.99,2105.68,444100.0
1681563600,2105.69,2108.76,2093.35,2096.44,821805.0
1681567200,2096.45,2102.0,2093.42,2096.5,473198.0
1681570800,2096.4,2108.0,2094.0,2098.37,820140.0
1681574400,2098.37,2110.33,2095.58,2107.42,1152269.0
1681578000,2107.42,2107.89,2088.88,2091.06,1151815.0
1681581600,2091.06,2098.49,2090.63,2097.0,374592.0
1681585200,2096.99,2102.32,2083.12,2100.28,669358.0
1681588800,2100.28,2103.5,2085.0,2086.71,608366.0
1681592400,2086.71,2094.52,2081.63,2088.91,499795.0
1681596000,2088.91,2099.0,2083.87,2095.44,587261.0
1681599600,2095.44,2096.74,2090.09,2090.97,207651.0
1681603200,2090.98,2095.7,2088.7,2089.46,275157.0
1681606800,2089.46,2092.52,2072.51,2088.93,1534283.0
1681610400,2088.93,2092.0,2087.33,2088.56,365577.0
1681614000,2088.56,2089.96,2085.13,2086.77,306585.0
1681617600,2086.77,2099.48,2086.36,2097.79,726019.0
1681621200,2097.8,2100.96,2094.98,2095.16,454804.0
1681624800,2095.16,2103.19,2093.54,2094.82,347502.0
1681628400,2094.82,2101.46,2094.42,2097.88,333197.0
1681632000,2097.88,2100.43,2096.1,2097.68,198006.0
1681635600,2097.68,2097.88,2086.0,2088.72,737133.0
1681639200,2088.72,2091.5,2085.29,2090.84,618959.0
1681642800,2090.84,2093.65,2082.67,2087.17,558473.0
1681646400,2087.18,2097.0,2086.88,2092.51,529214.0
1681650000,2092.5,2095.44,2076.36,2085.97,1269861.0
1681653600,2085.97,2091.22,2082.66,2090.54,700957.0
1681657200,2090.53,2099.8,2087.47,2094.03,781871.0
1681660800,2094.04,2103.0,2088.26,2098.01,881508.0
1681664400,2098.02,2109.0,2096.31,2097.64,1065191.0
1681668000,2097.64,2133.98,2097.64,2133.98,1384594.0
1681671600,2133.55,2146.0,2112.16,2115.25,2945142.0
1681675200,2115.24,2132.97,2095.13,2122.32,2085048.0
1681678800,2122.32,2133.0,2111.0,2128.47,783041.0
1681682400,2128.47,2129.88,2119.38,2126.4,459573.0
1681686000,2126.4,2129.32,2111.21,2118.6,741720.0
1681689600,2118.6,2120.59,2075.89,2082.29,3397112.0
1681693200,2082.28,2096.87,2072.0,2092.36,1656567.0
1681696800,2092.36,2107.0,2088.0,2099.69,918801.0
1681700400,2099.68,2105.04,2095.03,2097.32,591078.0
1681704000,2097.31,2100.85,2091.47,2098.39,565044.0
1681707600,2098.4,2103.0,2093.07,2102.49,481959.0
1681711200,2102.49,2103.0,2091.83,2094.38,529585.0
1681714800,2094.38,2099.95,2088.36,2090.98,815876.0
1681718400,2091.0,2100.04,2086.89,2099.0,772252.0
1681722000,2099.0,2099.01,2086.9,2090.07,646227.0
1681725600,2090.07,2093.99,2083.11,2093.07,836655.0
1681729200,2093.13,2093.42,2066.0,2076.64,2737317.0
1681732800,2076.64,2083.09,2073.74,2081.28,1048050.0
1681736400,2081.29,2082.24,2056.6,2072.28,3296264.0
1681740000,2072.27,2078.97,2066.21,2078.26,1272412.0
1681743600,2078.25,2079.96,2064.0,2071.91,1368082.0
1681747200,2071.92,2089.12,2070.67,2080.38,1402649.0
1681750800,2080.38,2085.5,2079.04,2080.5,414761.0
1681754400,2080.49,2085.38,2079.12,2084.34,277844.0
1681758000,2084.34,2086.94,2073.8,2078.2,468985.0
1681761600,2078.2,2081.26,2073.99,2076.15,336267.0
1681765200,2076.15,2079.98,2067.0,2075.84,399181.0
1681768800,2075.84,2084.52,2075.25,2080.16,444710.0
1681772400,2080.17,2081.16,2073.16,2075.05,373580.0
1681776000,2075.05,2077.7,2068.51,2074.81,570455.0
1681779600,2074.81,2077.45,2050.0,2073.56,2102817.0
1681783200,2073.56,2084.72,2072.96,2081.44,922436.0
1681786800,2081.44,2082.72,2078.83,2080.41,349601.0
1681790400,2080.41,2084.33,2078.5,2083.33,382700.0
1681794000,2083.34,2093.82,2083.05,2089.34,1025974.0
1681797600,2089.34,2108.0,2089.33,2104.74,1969506.0
1681801200,2104.75,2111.82,2098.89,2100.46,1196457.0
1681804800,2100.45,2103.17,2095.14,2096.75,729992.0
1681808400,2096.75,2109.99,2094.55,2104.79,1095443.0
1681812000,2104.79,2105.5,2102.33,2102.5,537397.0
1681815600,2102.54,2125.68,2101.91,2118.06,2333551.0
1681819200,2118.07,2120.45,2107.34,2110.54,1426067.0
1681822800,2110.54,2115.5,2106.32,2111.84,886771.0
1681826400,2111.84,2112.71,2092.01,2098.01,1956340.0
1681830000,2098.01,2100.61,2088.0,2095.84,1174570.0
1681833600,2095.83,2101.11,2093.01,2095.63,708247.0
1681837200,2095.64,2098.12,2074.0,2075.77,1548596.0
1681840800,2075.76,2088.62,2070.01,2080.01,1996068.0
1681844400,2080.01,2086.0,2077.12,2081.5,487504.0
1681848000,2081.37,2098.32,2074.6,2094.14,793305.0
1681851600,2094.16,2096.5,2087.2,2093.43,367018.0
1681855200,2093.43,2095.6,2089.14,2093.3,397570.0
1681858800,2093.28,2108.9,2091.1,2104.34,817942.0
1681862400,2104.25,2104.88,2094.18,2098.12,623734.0
1681866000,2098.12,2100.0,2094.18,2095.25,422498.0
1681869600,2095.25,2096.96,2088.29,2092.11,579290.0
1681873200,2092.11,2097.0,2086.59,2091.52,433263.0
1681876800,2091.52,2091.82,2082.04,2086.59,739209.0
1681880400,2086.58,2092.87,2084.61,2089.51,414494.0
1681884000,2089.52,2091.24,2067.01,2070.23,1919190.0
1681887600,2070.23,2074.77,2065.21,2074.39,1063051.0
1681891200,2074.34,2074.34,1940.0,1988.27,10846231.0
1681894800,1988.26,1993.0,1969.01,1981.4,1972767.0
1681898400,1981.4,1985.89,1962.0,1976.01,1745668.0
1681902000,1976.0,1986.65,1971.48,1982.31,958613.0
1681905600,1982.36,1982.36,1971.0,1978.3,656557.0
1681909200,1978.31,1985.86,1974.3,1984.31,757191.0
1681912800,1984.31,2007.28,1983.94,1994.26,2599529.0
1681916400,1994.27,1997.91,1973.0,1982.93,1802115.0
1681920000,1982.94,1992.0,1978.02,1983.46,900081.0
1681923600,1983.47,1984.6,1965.11,1981.8,1506589.0
1681927200,1981.8,1985.17,1972.66,1978.78,621129.0
1681930800,1978.77,1987.26,1976.0,1980.39,429129.0
1681934400,1980.29,1988.97,1972.89,1979.59,566471.0
1681938000,1979.56,1980.82,1943.0,1974.94,2108079.0
1681941600,1974.95,1977.61,1962.39,1965.39,744658.0
1681945200,1965.39,1965.63,1910.0,1934.51,3460893.0
1681948800,1934.5,1953.58,1928.49,1947.06,1264173.0
1681952400,1947.06,1954.57,1939.05,1951.22,780442.0
1681956000,1951.22,1952.83,1936.69,1938.96,751221.0
1681959600,1939.0,1949.99,1924.13,1949.35,1555896.0
1681963200,1949.35,1957.0,1948.16,1952.66,885065.0
1681966800,1952.66,1959.92,1947.03,1953.5,610677.0
1681970400,1953.51,1964.8,1952.45,1953.47,903025.0
1681974000,1953.41,1955.0,1948.0,1949.34,491890.0
1681977600,1949.35,1958.76,1946.15,1950.07,745505.0
1681981200,1950.07,1962.0,1950.0,1955.75,800643.0
1681984800,1955.75,1961.5,1950.41,1953.43,557172.0
1681988400,1953.43,1954.64,1938.0,1940.32,1436764.0
1681992000,1940.44,1975.98,1936.01,1971.44,3585789.0
1681995600,1971.45,1979.28,1964.0,1972.28,1557643.0
1681999200,1972.28,1983.74,1965.1,1968.14,1376841.0
1682002800,1968.14,1968.97,1940.87,1946.49,1898202.0
1682006400,1946.49,1955.36,1912.94,1938.09,4220000.0
1682010000,1938.1,1949.92,1931.52,1936.38,1584977.0
1682013600,1936.38,1945.25,1922.07,1934.04,1528366.0
1682017200,1934.03,1934.45,1916.17,1928.03,1496287.0
1682020800,1928.03,1944.96,1923.12,1938.34,785122.0
1682024400,1938.34,1946.89,1936.13,1943.76,319537.0
1682028000,1943.75,1956.18,1939.66,1943.5,697832.0
1682031600,1943.62,1948.73,1938.21,1942.81,377884.0
1682035200,1942.85,1956.96,1934.58,1947.59,1395445.0
1682038800,1947.6,1950.19,1939.2,1941.53,539192.0
1682042400,1941.54,1945.39,1937.5,1945.18,451457.0
1682046000,1945.18,1950.8,1944.61,1946.13,433651.0
1682049600,1946.23,1948.0,1938.0,1938.59,472045.0
1682053200,1938.59,1940.21,1926.15,1927.75,967740.0
1682056800,1927.76,1934.26,1893.85,1908.0,3971388.0
1682060400,1907.81,1929.0,1905.42,1927.89,2053858.0
1682064000,1927.89,1934.86,1917.47,1922.01,1348901.0
1682067600,1922.0,1927.28,1916.31,1921.68,710108.0
1682071200,1921.68,1928.33,1908.99,1913.01,1061665.0
1682074800,1913.01,1915.41,1902.34,1909.01,1481065.0
1682078400,1909.01,1918.99,1890.19,1916.61,2348310.0
1682082000,1916.62,1924.0,1904.55,1907.58,1530862.0
1682085600,1907.57,1919.0,1902.59,1908.06,1369650.0
1682089200,1908.06,1913.0,1899.04,1904.66,1163264.0
1682092800,1904.65,1908.99,1893.0,1900.24,1573512.0
1682096400,1900.25,1902.43,1872.04,1882.23,3395046.0
1682100000,1882.22,1891.74,1877.25,1880.18,825391.0
1682103600,1880.47,1882.04,1828.0,1842.71,5269703.0
1682107200,1842.71,1849.7,1823.5,1837.6,2383213.0
1682110800,1837.5,1851.99,1830.72,1840.59,1007554.0
1682114400,1840.6,1849.0,1832.07,1845.03,741281.0
1682118000,1845.03,1854.74,1844.07,1848.69,552054.0
1682121600,1848.69,1853.76,1846.36,1847.22,452970.0
1682125200,1847.22,1857.99,1846.04,1856.33,544271.0
1682128800,1856.32,1858.84,1851.12,1854.79,453317.0
1682132400,1854.79,1862.4,1852.64,1859.44,612081.0
1682136000,1859.43,1863.64,1856.65,1860.33,477629.0
1682139600,1860.39,1864.53,1858.08,1864.53,365833.0
1682143200,1864.53,1864.7,1852.42,1856.36,650075.0
1682146800,1856.36,1856.73,1848.31,1851.17,575368.0
1682150400,1851.17,1855.15,1845.45,1849.72,575796.0
1682154000,1849.73,1854.38,1849.33,1849.99,372784.0
1682157600,1849.99,1851.42,1841.74,1849.05,824535.0
1682161200,1849.05,1854.88,1848.43,1852.35,474309.0
1682164800,1852.35,1856.88,1851.61,1856.02,417608.0
1682168400,1856.03,1859.1,1846.0,1850.4,741067.0
1682172000,1850.39,1869.0,1849.15,1865.28,1207354.0
1682175600,1865.29,1871.98,1859.18,1866.59,1126273.0
1682179200,1866.6,1883.68,1865.6,1874.22,1877825.0
1682182800,1874.21,1887.43,1873.68,1880.78,856341.0
1682186400,1880.78,1882.09,1871.0,1874.02,570819.0
1682190000,1874.02,1876.74,1870.58,1871.97,336704.0
1682193600,1871.82,1875.38,1868.3,1868.75,249289.0
1682197200,1868.75,1873.61,1862.93,1871.54,492871.0
1682200800,1871.54,1879.78,1870.0,1876.71,493544.0
1682204400,1876.71,1878.28,1873.19,1873.91,280383.0
1682208000,1873.92,1873.93,1847.0,1857.5,1474727.0
1682211600,1857.49,1863.72,1850.2,1856.0,667060.0
1682215200,1856.0,1861.2,1851.81,1859.3,406576.0
1682218800,1859.29,1870.0,1858.24,1862.65,683331.0
1682222400,1862.66,1865.82,1861.87,1864.4,249437.0
1682226000,1864.4,1868.61,1859.25,1867.48,519817.0
1682229600,1867.47,1872.86,1865.12,1868.38,504033.0
1682233200,1868.38,1877.0,1864.35,1874.12,664465.0
1682236800,1874.13,1876.92,1869.81,1874.11,600762.0
1682240400,1874.12,1875.13,1868.1,1871.25,413128.0
1682244000,1871.26,1872.84,1863.0,1866.99,584992.0
1682247600,1867.0,1876.0,1864.31,1875.11,451720.0
1682251200,1875.12,1882.99,1872.02,1872.7,956970.0
1682254800,1872.71,1877.36,1869.7,1873.5,446821.0
1682258400,1873.51,1875.78,1860.0,1865.85,836123.0
1682262000,1865.84,1867.73,1853.0,1859.72,1518832.0
1682265600,1859.73,1873.0,1848.15,1865.82,1754918.0
1682269200,1865.85,1868.27,1856.12,1859.0,541504.0
1682272800,1859.0,1861.54,1835.0,1847.21,2000143.0
1682276400,1847.29,1852.84,1845.52,1847.03,565458.0
1682280000,1847.04,1853.06,1838.02,1849.48,662606.0
1682283600,1849.48,1859.99,1847.99,1854.89,321654.0
1682287200,1854.89,1868.63,1848.01,1862.19,783693.0
1682290800,1862.19,1865.92,1858.86,1862.21,381608.0
1682294400,1862.22,1880.41,1850.5,1876.83,1611595.0
1682298000,1876.84,1890.0,1869.7,1872.27,2063798.0
1682301600,1872.21,1874.2,1864.09,1868.24,742642.0
1682305200,1868.24,1870.6,1859.25,1868.0,697986.0
1682308800,1868.0,1868.22,1861.27,1861.77,308904.0
1682312400,1861.77,1865.89,1855.2,1856.35,689549.0
1682316000,1856.35,1860.3,1841.01,1847.88,1677736.0
1682319600,1847.87,1848.0,1826.0,1845.55,3285383.0
1682323200,1845.55,1852.97,1831.18,1836.15,2547752.0
1682326800,1836.14,1843.88,1835.32,1839.19,933195.0
1682330400,1839.18,1849.28,1838.97,1845.03,719815.0
1682334000,1845.04,1855.95,1844.62,1855.13,1009641.0
1682337600,1855.14,1856.83,1846.04,1847.9,959040.0
1682341200,1847.9,1872.0,1846.78,1865.25,2437177.0
1682344800,1865.25,1876.37,1843.0,1854.9,3101415.0
1682348400,1854.83,1854.96,1831.6,1834.58,2355762.0
1682352000,1834.57,1843.37,1810.21,1814.34,3477794.0
1682355600,1814.41,1839.74,1805.0,1834.87,2883341.0
1682359200,1834.87,1848.2,1827.5,1831.68,1176424.0
1682362800,1831.68,1835.4,1828.64,1831.65,371876.0
1682366400,1831.77,1844.99,1828.47,1840.43,506402.0
1682370000,1840.42,1840.43,1827.16,1833.44,328173.0
1682373600,1833.43,1843.3,1832.45,1839.16,345920.0
1682377200,1839.16,1846.0,1838.7,1842.14,406828.0
1682380800,1842.15,1851.0,1838.48,1841.48,923400.0
1682384400,1841.51,1845.77,1832.5,1835.42,603884.0
1682388000,1835.41,1839.51,1831.0,1835.45,685544.0
1682391600,1835.45,1836.25,1826.68,1830.63,659680.0
1682395200,1830.63,1837.0,1828.08,1832.6,503709.0
1682398800,1832.6,1833.33,1821.5,1830.58,1046321.0
1682402400,1830.57,1831.02,1822.02,1822.76,595583.0
1682406000,1822.75,1827.73,1811.79,1815.67,1813057.0
1682409600,1815.67,1824.93,1805.88,1824.27,2168025.0
1682413200,1824.27,1825.0,1812.23,1814.99,1022013.0
1682416800,1814.99,1818.78,1813.31,1815.69,690378.0
1682420400,1815.69,1829.93,1814.12,1825.73,1418521.0
1682424000,1825.74,1831.07,1821.61,1824.61,775123.0
1682427600,1824.62,1833.01,1818.58,1821.82,1233285.0
1682431200,1821.81,1826.79,1800.0,1812.3,2388059.0
1682434800,1812.31,1823.96,1809.36,1815.09,1437966.0
1682438400,1815.1,1824.53,1812.88,1824.33,843757.0
1682442000,1824.33,1842.9,1816.4,1839.7,2090173.0
1682445600,1839.62,1847.52,1833.01,1833.61,1529257.0
1682449200,1833.53,1842.21,1829.04,1837.66,599262.0
1682452800,1837.67,1864.15,1836.79,1859.6,1905183.0
1682456400,1859.6,1872.0,1859.6,1869.95,1334651.0
1682460000,1869.94,1877.97,1865.9,1867.29,1085958.0
1682463600,1867.28,1869.97,1863.46,1865.99,702709.0
1682467200,1865.98,1884.58,1863.21,1867.31,1942612.0
1682470800,1867.3,1872.38,1862.32,1869.51,666216.0
1682474400,1869.51,1871.77,1866.35,1868.68,307041.0
1682478000,1868.68,1872.42,1862.25,1863.11,641156.0
1682481600,1863.12,1869.71,1863.12,1865.16,483462.0
1682485200,1865.15,1870.87,1865.15,1868.77,393377.0
1682488800,1868.73,1878.0,1863.72,1866.1,952214.0
1682492400,1866.1,1866.7,1858.17,1861.96,735070.0
1682496000,1861.96,1880.0,1861.96,1876.83,2044598.0
1682499600,1876.84,1898.36,1873.47,1896.03,2998227.0
1682503200,1896.03,1919.65,1891.5,1915.35,4139234.0
1682506800,1915.35,1919.74,1909.21,1913.98,1529593.0
1682510400,1913.98,1965.59,1913.81,1960.83,6750322.0
1682514000,1960.83,1963.84,1943.32,1954.24,2171719.0
1682517600,1954.24,1955.4,1934.26,1946.62,1965055.0
1682521200,1946.63,1955.0,1944.85,1954.02,1022091.0
1682524800,1953.96,1958.0,1946.25,1954.5,1216548.0
1682528400,1954.49,1958.95,1944.8,1947.97,871524.0
1682532000,1947.97,1951.27,1944.4,1946.87,417079.0
1682535600,1947.0,1947.51,1817.77,1828.59,11082350.0
1682539200,1828.58,1867.89,1782.2,1866.41,7191396.0
1682542800,1866.4,1883.9,1847.61,1878.28,1744772.0
1682546400,1878.29,1880.47,1856.51,1864.67,1589518.0
1682550000,1864.67,1873.48,1858.82,1865.75,845297.0
1682553600,1865.75,1939.84,1861.11,1920.0,5475186.0
1682557200,1920.0,1930.52,1888.11,1892.04,2878103.0
1682560800,1892.03,1912.57,1891.77,1909.0,1157703.0
1682564400,1908.99,1909.2,1895.06,1898.99,832546.0
1682568000,1898.98,1914.0,1895.87,1910.59,735323.0
1682571600,1910.59,1919.0,1906.56,1907.34,842066.0
1682575200,1907.34,1908.3,1871.0,1882.0,2639638.0
1682578800,1882.0,1889.67,1874.24,1885.01,1225294.0
1682582400,1885.0,1895.4,1875.38,1883.0,1388335.0
1682586000,1883.0,1889.94,1880.43,1881.8,641129.0
1682589600,1881.73,1888.76,1877.13,1884.72,618009.0
1682593200,1884.71,1893.94,1875.01,1881.1,863213.0
1682596800,1881.11,1888.66,1861.56,1876.2,2817348.0
1682600400,1876.19,1886.08,1876.19,1884.26,1178693.0
1682604000,1884.26,1899.86,1882.14,1885.0,1373371.0
1682607600,1885.0,1917.77,1877.52,1900.0,3903150.0
1682611200,1900.0,1904.66,1890.85,1899.99,1033183.0
1682614800,1900.0,1914.48,1897.29,1904.14,1027971.0
1682618400,1904.14,1938.15,1901.69,1927.2,2231025.0
1682622000,1927.2,1931.42,1910.44,1922.15,1443672.0
1682625600,1922.17,1930.0,1910.21,1919.25,871861.0
1682629200,1919.25,1925.6,1913.39,1915.7,436481.0
1682632800,1915.7,1916.99,1890.3,1904.79,1185852.0
1682636400,1904.8,1914.3,1903.25,1908.59,566279.0
1682640000,1908.58,1914.86,1902.55,1913.99,743172.0
1682643600,1913.98,1915.65,1903.04,1910.18,751286.0
1682647200,1910.17,1912.45,1903.55,1906.65,496888.0
1682650800,1906.64,1906.99,1902.48,1905.76,393848.0
1682654400,1905.78,1917.56,1905.2,1913.74,760543.0
1682658000,1913.71,1923.71,1910.99,1914.43,650867.0
1682661600,1914.43,1918.11,1909.01,1915.69,549878.0
1682665200,1915.69,1923.78,1914.94,1918.83,750629.0
1682668800,1918.84,1919.19,1903.0,1909.64,1112991.0
1682672400,1909.64,1912.0,1902.41,1907.29,662334.0
1682676000,1907.29,1916.26,1906.37,1911.22,615651.0
1682679600,1911.22,1913.47,1897.0,1903.0,893158.0
1682683200,1903.0,1915.52,1896.28,1899.13,1751992.0
1682686800,1899.13,1906.0,1880.1,1888.79,2294997.0
1682690400,1888.98,1901.0,1885.0,1888.42,1490487.0
1682694000,1888.42,1888.44,1875.5,1887.0,1913316.0
1682697600,1886.99,1894.46,1882.98,1892.99,1087142.0
1682701200,1893.0,1894.0,1883.61,1890.82,559274.0
1682704800,1890.82,1894.5,1883.8,1893.35,457371.0
1682708400,1893.35,1905.49,1891.04,1892.8,882377.0
1682712000,1892.82,1897.59,1891.02,1895.67,246808.0
1682715600,1895.68,1897.39,1892.89,1894.06,157727.0
1682719200,1894.06,1900.86,1893.19,1893.8,302911.0
1682722800,1893.79,1896.27,1886.0,1890.69,483612.0
1682726400,1890.69,1892.86,1886.01,1888.52,419711.0
1682730000,1888.52,1893.5,1886.0,1891.13,286140.0
1682733600,1891.2,1898.0,1891.06,1896.56,423880.0
1682737200,1896.56,1898.0,1894.97,1896.0,279677.0
1682740800,1896.0,1904.72,1896.0,1901.31,560771.0
1682744400,1901.31,1904.44,1897.68,1898.65,382451.0
1682748000,1898.64,1902.48,1897.2,1898.4,291357.0
1682751600,1898.4,1903.81,1898.39,1902.01,415072.0
1682755200,1902.01,1903.97,1897.44,1900.23,431080.0
1682758800,1900.25,1902.72,1898.48,1900.88,279042.0
1682762400,1900.89,1901.32,1893.41,1896.93,401821.0
1682766000,1896.92,1898.61,1893.18,1898.27,362263.0
1682769600,1898.27,1900.65,1896.89,1897.18,206439.0
1682773200,1897.17,1916.77,1896.79,1912.57,1480064.0
1682776800,1912.58,1918.0,1908.77,1910.48,955266.0
1682780400,1910.49,1913.48,1903.32,1905.83,565799.0
1682784000,1905.84,1907.67,1902.73,1906.12,355641.0
1682787600,1906.12,1906.41,1883.09,1894.87,1284946.0
1682791200,1894.86,1900.75,1893.25,1897.83,409849.0
1682794800,1897.82,1907.77,1896.68,1903.46,499312.0
1682798400,1903.46,1907.04,1901.68,1903.02,177925.0
1682802000,1903.0,1906.58,1900.42,1904.12,188509.0
1682805600,1904.12,1905.74,1901.24,1903.68,170999.0
1682809200,1903.68,1909.97,1897.27,1908.14,461703.0
1682812800,1908.14,1908.18,1898.23,1899.44,363753.0
1682816400,1899.49,1901.47,1893.6,1894.76,483451.0
1682820000,1894.76,1899.34,1893.34,1898.87,348331.0
1682823600,1898.86,1898.87,1893.0,1896.33,223145.0
1682827200,1896.33,1899.29,1893.37,1897.91,291359.0
1682830800,1897.9,1904.61,1896.3,1904.02,377660.0
1682834400,1904.02,1905.8,1901.71,1903.75,465138.0
1682838000,1903.76,1904.11,1901.32,1903.09,216477.0
1682841600,1903.1,1908.5,1901.0,1903.5,413500.0
1682845200,1903.55,1904.85,1899.4,1904.24,323629.0
1682848800,1904.24,1913.77,1900.59,1903.92,1077700.0
1682852400,1903.92,1906.82,1899.4,1901.2,436056.0
1682856000,1901.21,1903.38,1898.0,1901.12,433302.0
1682859600,1901.12,1909.34,1900.37,1905.25,466090.0
1682863200,1905.25,1911.21,1901.6,1908.85,602305.0
1682866800,1908.97,1939.8,1908.82,1919.86,4753579.0
1682870400,1919.87,1934.95,1919.34,1924.83,1633492.0
1682874000,1924.84,1930.83,1921.6,1921.95,546282.0
1682877600,1921.95,1923.4,1913.11,1918.45,615016.0
1682881200,1918.45,1919.53,1893.52,1905.14,2131237.0
1682884800,1905.13,1905.13,1878.31,1892.47,2055194.0
1682888400,1892.46,1898.0,1890.35,1894.44,459814.0
1682892000,1894.44,1895.93,1890.07,1892.65,335800.0
1682895600,1892.64,1893.77,1865.0,1870.12,1467956.0
1682899200,1870.13,1886.95,1868.72,1885.39,916576.0
1682902800,1885.4,1885.83,1821.87,1836.35,4226592.0
1682906400,1836.35,1847.19,1833.84,1844.48,1195302.0
1682910000,1844.47,1847.3,1841.9,1846.74,454053.0
1682913600,1846.74,1848.3,1842.4,1847.58,395038.0
1682917200,1847.57,1851.02,1832.6,1846.84,1023457.0
1682920800,1846.83,1849.62,1843.19,1849.62,328578.0
1682924400,1849.61,1854.21,1847.6,1849.21,599983.0
1682928000,1849.22,1849.22,1844.38,1848.02,324478.0
1682931600,1848.03,1854.14,1844.58,1847.29,479828.0
1682935200,1847.4,1848.74,1843.62,1845.84,286338.0
1682938800,1845.83,1848.45,1840.85,1845.5,447460.0
1682942400,1845.49,1852.88,1841.85,1850.4,710144.0
1682946000,1850.39,1851.0,1838.0,1841.99,729956.0
1682949600,1841.99,1849.12,1830.02,1843.55,1825812.0
1682953200,1843.55,1844.35,1825.63,1834.08,2166970.0
1682956800,1834.08,1841.8,1820.78,1840.13,1874579.0
1682960400,1840.15,1842.68,1832.6,1839.87,631791.0
1682964000,1839.87,1840.32,1830.01,1832.5,489351.0
1682967600,1832.42,1833.14,1807.29,1813.43,2434102.0
1682971200,1813.13,1823.0,1807.03,1807.85,875971.0
1682974800,1807.85,1829.93,1806.12,1824.79,563798.0
1682978400,1824.79,1833.83,1821.34,1826.32,559639.0
1682982000,1826.32,1832.9,1825.8,1830.81,362363.0
1682985600,1830.81,1837.34,1826.59,1832.44,510546.0
1682989200,1832.44,1834.56,1823.77,1826.3,581704.0
1682992800,1826.44,1830.52,1822.42,1829.09,441145.0
1682996400,1829.09,1831.0,1823.63,1830.55,344261.0
1683000000,1830.4,1831.88,1824.64,1825.72,310128.0
1683003600,1825.72,1830.24,1824.16,1828.91,193026.0
1683007200,1828.91,1830.3,1826.13,1828.71,172872.0
1683010800,1828.72,1841.7,1828.09,1835.9,805188.0
1683014400,1835.91,1839.56,1830.54,1832.82,468494.0
1683018000,1832.82,1833.45,1825.84,1828.78,516626.0
1683021600,1828.79,1832.18,1827.36,1829.98,259844.0
1683025200,1829.98,1835.25,1829.19,1834.0,312466.0
1683028800,1834.0,1840.65,1828.0,1832.31,801172.0
1683032400,1832.32,1835.96,1823.97,1828.92,964069.0
1683036000,1828.92,1866.97,1824.25,1851.94,5006326.0
1683039600,1851.95,1869.29,1843.88,1858.77,2647217.0
1683043200,1858.74,1862.9,1853.2,1855.62,790714.0
1683046800,1855.6,1862.77,1853.44,1860.9,558057.0
1683050400,1860.91,1877.59,1857.04,1870.8,1180219.0
1683054000,1870.81,1881.75,1867.0,1868.47,1156728.0
1683057600,1868.47,1875.5,1867.25,1869.5,419640.0
1683061200,1869.5,1873.88,1868.0,1871.78,156473.0
1683064800,1871.77,1876.98,1871.12,1873.48,343725.0
1683068400,1873.49,1876.0,1867.74,1869.6,367591.0
1683072000,1869.6,1870.51,1858.05,1860.04,756946.0
1683075600,1860.03,1865.56,1859.91,1863.79,428687.0
1683079200,1863.79,1864.18,1853.88,1861.23,708027.0
1683082800,1861.24,1864.34,1857.63,1862.68,318927.0
1683086400,1862.68,1863.13,1857.59,1862.97,305911.0
1683090000,1862.97,1863.39,1859.28,1860.68,202428.0
1683093600,1860.71,1869.99,1857.62,1866.59,832670.0
1683097200,1866.59,1868.38,1864.51,1865.86,365380.0
1683100800,1865.86,1873.0,1860.98,1868.5,733342.0
1683104400,1868.51,1869.8,1865.24,1868.81,300854.0
1683108000,1868.81,1870.0,1864.6,1864.97,318958.0
1683111600,1864.98,1868.36,1859.0,1859.98,543917.0
1683115200,1859.81,1863.2,1844.86,1850.28,2005854.0
1683118800,1850.39,1859.88,1842.6,1857.17,1392195.0
1683122400,1857.18,1857.84,1846.15,1848.74,961083.0
1683126000,1848.77,1854.77,1844.5,1853.31,730708.0
1683129600,1853.32,1866.52,1851.03,1865.18,1004622.0
1683133200,1865.19,1888.68,1860.34,1875.1,2539872.0
1683136800,1875.09,1899.0,1866.32,1884.79,4629022.0
1683140400,1884.95,1893.0,1867.14,1868.14,1757419.0
1683144000,1868.13,1877.99,1857.28,1873.39,1047806.0
1683147600,1873.4,1900.0,1872.73,1889.42,1264370.0
1683151200,1889.43,1917.0,1889.42,1906.7,1575231.0
1683154800,1906.71,1908.57,1898.33,1904.97,729639.0
1683158400,1904.98,1906.41,1895.29,1901.93,900359.0
1683162000,1901.94,1904.01,1897.23,1902.22,361020.0
1683165600,1902.23,1908.15,1898.6,1902.57,577374.0
1683169200,1902.56,1905.07,1899.03,1903.69,370212.0
1683172800,1903.69,1905.77,1900.22,1901.01,333954.0
1683176400,1901.01,1904.36,1898.11,1902.99,471439.0
1683180000,1902.99,1904.5,1897.68,1901.05,391677.0
1683183600,1901.01,1901.77,1896.8,1899.04,303145.0
1683187200,1899.25,1904.89,1896.98,1901.89,462105.0
1683190800,1901.9,1903.72,1898.82,1903.63,321386.0
1683194400,1903.63,1919.65,1901.87,1911.51,1431528.0
1683198000,1911.51,1913.32,1903.0,1904.72,636066.0
1683201600,1904.73,1908.77,1893.17,1898.81,1186665.0
1683205200,1898.82,1900.99,1877.72,1885.69,2396357.0
1683208800,1885.69,1891.98,1884.4,1886.81,1121777.0
1683212400,1886.81,1893.4,1886.0,1886.3,559495.0
1683216000,1886.21,1892.0,1880.0,1886.49,869131.0
1683219600,1886.49,1888.0,1878.16,1882.68,599547.0
1683223200,1882.68,1883.32,1866.7,1873.13,1272201.0
1683226800,1873.12,1878.27,1866.4,1876.53,510819.0
1683230400,1876.69,1879.98,1873.51,1877.9,302525.0
1683234000,1877.89,1879.55,1871.12,1877.0,215289.0
1683237600,1877.0,1877.59,1869.75,1871.19,369958.0
1683241200,1871.19,1877.82,1870.58,1877.36,332886.0
1683244800,1877.36,1882.86,1876.11,1879.5,434173.0
1683248400,1879.49,1903.42,1877.04,1899.3,1756476.0
1683252000,1899.29,1909.89,1892.03,1898.36,1480030.0
1683255600,1898.37,1902.0,1894.48,1896.68,417998.0
1683259200,1896.68,1900.98,1896.14,1897.75,336682.0
1683262800,1897.76,1899.2,1893.56,1896.86,379713.0
1683266400,1896.86,1900.83,1896.28,1898.8,331225.0
1683270000,1898.8,1907.56,1892.72,1895.03,1163348.0
1683273600,1895.03,1900.76,1894.4,1895.88,416542.0
1683277200,1895.88,1905.99,1895.65,1899.99,626147.0
1683280800,1899.99,1905.32,1898.75,1904.71,455824.0
1683284400,1904.71,1915.0,1900.96,1911.68,1284316.0
1683288000,1911.69,1925.0,1887.57,1904.97,4528296.0
1683291600,1904.97,1935.76,1898.48,1932.32,3255531.0
1683295200,1932.33,1956.46,1932.33,1946.16,3474244.0
1683298800,1946.16,1955.76,1939.82,1953.21,1579768.0
1683302400,1953.21,2030.0,1953.21,1991.73,5192631.0
1683306000,1991.74,1995.97,1985.89,1991.4,897455.0
1683309600,1991.41,1996.79,1970.18,1980.36,1069357.0
1683313200,1980.36,1992.0,1975.33,1991.5,585500.0
1683316800,1991.5,1994.67,1984.68,1987.81,333116.0
1683320400,1987.81,1992.67,1984.57,1985.19,211175.0
1683324000,1985.2,1992.73,1984.89,1988.45,373172.0
1683327600,1988.45,1997.33,1988.0,1993.12,691853.0
1683331200,1993.07,2021.57,1992.37,2003.04,2253996.0
1683334800,2003.04,2004.43,1980.44,1983.58,1309786.0
1683338400,1983.59,1984.38,1974.04,1979.82,803338.0
1683342000,1979.82,1979.93,1964.0,1971.02,1005560.0
1683345600,1971.02,1972.73,1961.46,1966.4,685708.0
1683349200,1966.4,1968.8,1958.0,1960.55,705198.0
1683352800,1960.67,1966.32,1955.04,1963.76,832597.0
1683356400,1963.75,1966.34,1956.6,1959.29,555338.0
1683360000,1959.3,1959.3,1911.0,1943.53,3107027.0
1683363600,1943.52,1944.84,1935.31,1936.11,588594.0
1683367200,1936.11,1937.0,1921.03,1928.6,1635771.0
1683370800,1928.59,1936.45,1926.44,1935.01,520814.0
1683374400,1935.0,1935.56,1904.46,1912.2,2933137.0
1683378000,1912.2,1912.2,1888.0,1900.59,2512984.0
1683381600,1900.74,1900.74,1851.0,1875.81,3780707.0
1683385200,1875.8,1884.69,1860.0,1877.39,1419270.0
1683388800,1877.39,1884.5,1875.99,1881.81,596654.0
1683392400,1881.81,1889.22,1879.55,1882.01,777675.0
1683396000,1882.02,1904.68,1881.6,1900.24,1166486.0
1683399600,1900.25,1906.79,1896.56,1898.01,568496.0
1683403200,1898.01,1899.81,1892.63,1894.48,520329.0
1683406800,1894.47,1898.0,1882.94,1895.82,419303.0
1683410400,1895.82,1896.13,1891.64,1895.21,280666.0
1683414000,1895.21,1898.95,1892.47,1896.25,250855.0
1683417600,1896.26,1909.14,1893.29,1905.57,801821.0
1683421200,1905.58,1919.0,1894.1,1900.18,1752425.0
1683424800,1900.18,1904.68,1888.88,1892.29,903488.0
1683428400,1892.29,1895.26,1887.1,1893.27,536361.0
1683432000,1893.27,1896.4,1890.25,1895.7,334330.0
1683435600,1895.69,1904.31,1894.41,1899.8,574699.0
1683439200,1899.8,1904.59,1897.63,1901.4,340814.0
1683442800,1901.4,1909.56,1901.4,1905.71,521944.0
1683446400,1905.71,1914.69,1902.35,1902.7,1000611.0
1683450000,1902.7,1910.81,1898.46,1904.0,698089.0
1683453600,1904.0,1907.18,1899.48,1905.24,517339.0
1683457200,1905.24,1907.66,1896.0,1901.99,742812.0
1683460800,1901.99,1914.52,1901.99,1911.3,1038948.0
1683464400,1911.29,1921.89,1908.68,1913.61,1230533.0
1683468000,1913.61,1933.8,1908.34,1927.8,2166781.0
1683471600,1927.81,1928.91,1914.44,1917.2,1055671.0
1683475200,1917.21,1920.7,1906.0,1915.02,1095450.0
1683478800,1915.02,1924.3,1909.6,1912.4,757125.0
1683482400,1912.41,1918.26,1910.15,1910.4,280526.0
1683486000,1910.4,1915.69,1903.36,1913.32,530812.0
1683489600,1913.46,1919.51,1913.45,1918.44,326856.0
1683493200,1918.44,1922.56,1907.17,1907.43,397331.0
1683496800,1907.43,1916.86,1901.18,1907.77,691674.0
1683500400,1907.77,1914.0,1867.77,1870.58,2828048.0
1683504000,1870.59,1884.36,1860.0,1881.47,2241071.0
1683507600,1881.46,1882.85,1839.73,1853.34,3637690.0
1683511200,1853.33,1860.7,1846.6,1859.39,1320137.0
1683514800,1859.39,1867.76,1849.35,1865.46,1233815.0
1683518400,1865.45,1869.33,1857.1,1858.43,925886.0
1683522000,1858.43,1869.47,1857.71,1867.42,541447.0
1683525600,1867.42,1867.5,1858.72,1862.66,532891.0
1683529200,1862.67,1864.0,1836.0,1850.87,1868595.0
1683532800,1850.86,1855.95,1835.19,1842.81,1920363.0
1683536400,1842.81,1858.83,1839.85,1857.04,959870.0
1683540000,1857.04,1859.25,1854.02,1857.2,511298.0
1683543600,1857.2,1866.0,1854.57,1862.45,766557.0
1683547200,1862.45,1863.09,1853.11,1854.96,617859.0
1683550800,1854.96,1876.45,1852.51,1859.0,1602245.0
1683554400,1859.1,1869.96,1846.41,1868.44,1982421.0
1683558000,1868.49,1877.85,1861.0,1865.01,2007092.0
1683561600,1865.02,1867.34,1857.0,1859.71,760860.0
1683565200,1859.72,1862.84,1824.0,1824.8,2282525.0
1683568800,1824.81,1834.97,1810.86,1830.92,3822637.0
1683572400,1830.92,1841.55,1827.06,1829.33,1011699.0
1683576000,1829.32,1842.99,1826.53,1840.12,701390.0
1683579600,1840.12,1850.78,1833.27,1840.82,508737.0
1683583200,1840.82,1847.55,1839.06,1846.85,320085.0
1683586800,1846.86,1849.68,1842.22,1847.25,389938.0
1683590400,1847.25,1847.62,1840.63,1842.67,413573.0
1683594000,1842.67,1857.99,1841.59,1850.22,1334793.0
1683597600,1850.22,1850.52,1837.22,1846.77,685234.0
1683601200,1846.76,1846.88,1840.0,1843.61,533420.0
1683604800,1843.61,1845.53,1840.03,1840.65,353881.0
1683608400,1840.64,1844.85,1837.3,1841.11,558390.0
1683612000,1841.11,1842.88,1831.1,1838.87,1040848.0
1683615600,1838.87,1850.0,1835.0,1848.2,725745.0
1683619200,1848.21,1848.89,1838.32,1840.62,564139.0
1683622800,1840.61,1843.72,1838.03,1840.64,417042.0
1683626400,1840.64,1847.94,1839.57,1842.02,476757.0
1683630000,1842.02,1849.94,1834.0,1846.47,855802.0
1683633600,1846.47,1854.2,1844.54,1847.46,928110.0
1683637200,1847.46,1851.73,1838.13,1842.9,946561.0
1683640800,1842.9,1852.05,1834.6,1843.0,1563796.0
1683644400,1842.98,1848.19,1835.78,1839.59,763948.0
1683648000,1839.59,1854.5,1836.1,1854.09,1052774.0
1683651600,1853.81,1858.99,1843.4,1847.01,850791.0
1683655200,1847.02,1849.8,1839.27,1843.01,361286.0
1683658800,1843.01,1853.0,1842.26,1852.7,350564.0
1683662400,1852.71,1862.44,1844.99,1848.61,731554.0
1683666000,1848.62,1849.8,1842.11,1843.38,196828.0
1683669600,1843.38,1844.57,1841.27,1844.42,185421.0
1683673200,1844.44,1850.49,1843.92,1846.92,258712.0
1683676800,1846.91,1856.0,1846.5,1851.5,711066.0
1683680400,1851.36,1859.67,1848.69,1848.71,644199.0
1683684000,1848.97,1850.24,1844.25,1844.78,418502.0
1683687600,1844.77,1847.53,1842.02,1844.0,334331.0
1683691200,1844.0,1846.83,1841.5,1845.72,373131.0
1683694800,1845.72,1849.28,1843.05,1844.0,293044.0
1683698400,1844.0,1844.0,1834.13,1842.19,829042.0
1683702000,1842.19,1845.2,1838.45,1838.78,519791.0
1683705600,1838.78,1841.8,1835.2,1838.41,577857.0
1683709200,1838.4,1841.5,1835.18,1839.99,336189.0
1683712800,1839.99,1844.87,1838.7,1843.12,498719.0
1683716400,1843.12,1850.97,1842.37,1850.06,738519.0
1683720000,1850.07,1880.75,1845.98,1876.33,5386118.0
1683723600,1876.42,1886.99,1868.13,1874.62,2473377.0
1683727200,1874.62,1882.18,1866.1,1870.87,1465139.0
1683730800,1870.87,1878.0,1868.61,1872.37,1020751.0
1683734400,1872.37,1879.83,1871.67,1872.67,716952.0
1683738000,1872.67,1875.0,1785.2,1830.5,8850330.0
1683741600,1830.5,1840.0,1824.51,1834.61,1277559.0
1683745200,1834.49,1866.78,1832.8,1849.28,2062609.0
1683748800,1849.46,1864.85,1846.22,1857.37,1250961.0
1683752400,1857.38,1857.74,1823.0,1838.38,1707268.0
1683756000,1838.38,1844.85,1835.0,1842.88,443426.0
1683759600,1842.88,1847.97,1836.58,1841.09,476277.0
1683763200,1841.09,1841.88,1827.14,1831.93,877935.0
1683766800,1831.92,1838.29,1827.54,1835.39,473189.0
1683770400,1835.39,1835.84,1830.15,1833.18,310371.0
1683774000,1833.28,1833.29,1821.28,1827.73,908968.0
1683777600,1827.73,1830.51,1824.41,1830.03,441828.0
1683781200,1830.02,1833.9,1825.46,1832.69,347743.0
1683784800,1832.69,1833.6,1827.75,1831.59,352341.0
1683788400,1831.59,1835.57,1827.0,1829.93,559001.0
1683792000,1829.89,1830.0,1803.0,1819.3,2524691.0
1683795600,1819.3,1823.54,1817.07,1820.21,483867.0
1683799200,1820.2,1826.0,1819.27,1822.78,420084.0
1683802800,1822.78,1825.29,1818.36,1820.77,413041.0
1683806400,1820.95,1839.36,1814.48,1819.44,2946622.0
1683810000,1819.43,1823.98,1800.18,1807.71,2932255.0
1683813600,1807.7,1810.75,1785.0,1798.69,3781886.0
1683817200,1798.7,1808.76,1795.09,1807.51,1377796.0
1683820800,1807.5,1810.61,1802.43,1805.12,783060.0
1683824400,1804.99,1805.0,1769.63,1783.03,3492913.0
1683828000,1783.02,1790.67,1776.71,1789.37,1009992.0
1683831600,1789.37,1798.39,1776.17,1784.94,1137231.0
1683835200,1785.05,1799.96,1782.17,1795.63,619233.0
1683838800,1795.63,1801.63,1791.71,1793.81,274792.0
1683842400,1793.81,1800.43,1788.31,1789.62,332265.0
1683846000,1789.61,1801.41,1784.11,1794.39,550026.0
1683849600,1794.39,1800.64,1792.05,1798.89,430473.0
1683853200,1798.89,1802.2,1786.7,1789.4,745267.0
1683856800,1789.27,1790.24,1757.0,1769.94,2161473.0
1683860400,1769.94,1773.64,1758.0,1763.77,1558851.0
1683864000,1763.78,1770.67,1754.05,1769.64,1229010.0
1683867600,1769.64,1770.0,1735.01,1748.33,2332316.0
1683871200,1748.34,1757.0,1741.23,1754.99,1576210.0
1683874800,1755.0,1762.0,1754.6,1758.79,1004383.0
1683878400,1758.78,1763.97,1754.55,1760.35,707769.0
1683882000,1760.35,1769.14,1760.34,1765.63,879646.0
1683885600,1765.87,1772.0,1764.47,1765.55,693230.0
1683889200,1765.55,1768.88,1762.69,1764.73,391726.0
1683892800,1764.73,1777.85,1764.08,1772.36,1032271.0
1683896400,1772.37,1778.0,1768.54,1773.63,836685.0
1683900000,1773.63,1783.29,1763.72,1766.41,1577204.0
1683903600,1766.4,1770.84,1760.43,1765.41,844582.0
1683907200,1765.47,1777.32,1763.33,1769.61,939131.0
1683910800,1769.62,1778.0,1769.39,1771.0,466820.0
1683914400,1771.0,1775.16,1769.47,1770.48,317111.0
1683918000,1770.45,1796.73,1742.0,1790.37,3792039.0
1683921600,1790.37,1793.94,1781.39,1788.22,904544.0
1683925200,1788.26,1818.0,1788.26,1805.4,1749600.0
1683928800,1805.41,1817.59,1800.0,1802.89,791223.0
1683932400,1802.89,1810.94,1801.03,1807.54,382506.0
1683936000,1807.45,1809.65,1801.42,1808.6,442629.0
1683939600,1808.6,1816.99,1804.58,1808.96,888187.0
1683943200,1808.96,1810.28,1804.62,1805.83,301013.0
1683946800,1805.83,1808.51,1805.34,1805.81,249404.0
1683950400,1805.81,1807.0,1798.0,1801.61,447321.0
1683954000,1801.61,1806.67,1796.66,1798.03,594331.0
1683957600,1798.03,1800.0,1796.62,1797.23,386954.0
1683961200,1797.24,1806.52,1796.74,1802.6,515176.0
1683964800,1802.6,1806.36,1801.12,1804.05,375369.0
1683968400,1804.06,1809.33,1802.91,1807.74,445250.0
1683972000,1807.73,1811.94,1803.01,1806.1,581473.0
1683975600,1806.11,1807.3,1802.14,1803.99,254443.0
1683979200,1804.0,1810.5,1797.38,1804.43,772873.0
1683982800,1804.43,1807.24,1797.43,1801.88,513537.0
1683986400,1801.88,1803.52,1785.0,1793.79,1329290.0
1683990000,1793.78,1799.09,1789.34,1796.01,517996.0
1683993600,1796.0,1796.25,1790.81,1794.11,400061.0
1683997200,1794.12,1798.45,1790.1,1793.61,612709.0
1684000800,1793.61,1807.32,1785.69,1789.38,972465.0
1684004400,1789.37,1800.59,1787.57,1793.01,740037.0
1684008000,1793.01,1804.75,1792.5,1803.07,290820.0
1684011600,1803.07,1805.43,1797.27,1800.03,285599.0
1684015200,1800.03,1802.15,1797.11,1801.47,181504.0
1684018800,1801.48,1804.42,1793.65,1795.09,295252.0
1684022400,1795.08,1802.82,1790.28,1800.67,651502.0
1684026000,1800.67,1801.94,1791.74,1795.17,420305.0
1684029600,1795.18,1800.97,1794.0,1799.21,305346.0
1684033200,1799.21,1805.26,1797.4,1803.9,418871.0
1684036800,1803.9,1805.0,1800.83,1803.0,316434.0
1684040400,1803.0,1805.26,1801.0,1802.89,225519.0
1684044000,1802.89,1809.67,1802.76,1805.59,613636.0
1684047600,1805.59,1808.89,1804.49,1805.52,342543.0
1684051200,1805.53,1806.08,1802.01,1803.01,263093.0
1684054800,1803.02,1806.99,1800.0,1803.73,429357.0
1684058400,1803.73,1804.39,1800.58,1802.52,186833.0
1684062000,1802.52,1803.75,1800.36,1802.21,164458.0
1684065600,1802.21,1808.87,1797.05,1808.39,625209.0
1684069200,1808.4,1813.73,1803.23,1810.43,806508.0
1684072800,1810.43,1813.31,1804.25,1808.81,486016.0
1684076400,1808.81,1825.0,1808.0,1818.66,2196930.0
1684080000,1818.66,1821.41,1805.64,1808.01,1013981.0
1684083600,1808.0,1809.9,1803.58,1806.12,719547.0
1684087200,1806.01,1806.27,1793.78,1801.26,801947.0
1684090800,1801.26,1802.0,1791.78,1796.27,572938.0
1684094400,1796.27,1800.14,1791.5,1798.55,365505.0
1684098000,1798.55,1801.02,1794.64,1799.9,291371.0
1684101600,1799.89,1803.17,1795.11,1800.3,254379.0
1684105200,1800.31,1802.0,1796.14,1799.27,199013.0
1684108800,1799.26,1800.65,1784.48,1791.06,1642845.0
1684112400,1791.05,1831.0,1789.75,1823.77,3120893.0
1684116000,1823.77,1828.49,1819.88,1822.71,1009600.0
1684119600,1822.72,1836.05,1822.71,1825.7,1135478.0
1684123200,1825.77,1832.8,1823.05,1827.5,573288.0
1684126800,1827.5,1830.94,1818.04,1825.55,915887.0
1684130400,1825.55,1834.78,1822.47,1832.0,1117094.0
1684134000,1832.01,1834.92,1827.41,1828.91,518244.0
1684137600,1828.91,1832.99,1827.0,1831.69,368680.0
1684141200,1831.68,1836.39,1825.52,1828.85,620884.0
1684144800,1828.85,1829.72,1825.71,1829.16,215621.0
1684148400,1829.16,1830.89,1823.97,1824.71,469064.0
1684152000,1824.72,1828.82,1824.31,1826.38,374895.0
1684155600,1826.51,1829.0,1821.02,1824.34,694590.0
1684159200,1824.33,1836.99,1811.92,1824.68,2311062.0
1684162800,1824.68,1830.45,1821.35,1827.59,699899.0
1684166400,1827.59,1839.64,1825.96,1834.34,1970279.0
1684170000,1834.34,1847.86,1828.0,1834.04,1961194.0
1684173600,1834.04,1835.35,1825.34,1829.78,658872.0
1684177200,1829.78,1831.42,1823.33,1829.05,420511.0
1684180800,1829.08,1829.77,1824.11,1825.23,230982.0
1684184400,1825.23,1825.59,1824.13,1824.8,152327.0
1684188000,1824.8,1825.59,1819.26,1823.34,418974.0
1684191600,1823.35,1823.52,1812.3,1816.47,784359.0
1684195200,1816.46,1823.43,1804.0,1813.23,1377104.0
1684198800,1813.23,1815.79,1796.06,1806.8,2271639.0
1684202400,1806.8,1810.99,1804.0,1810.31,744278.0
1684206000,1810.32,1815.0,1809.88,1813.79,531304.0
1684209600,1813.8,1815.71,1810.64,1812.42,338227.0
1684213200,1812.41,1815.55,1809.02,1810.99,492393.0
1684216800,1810.99,1813.79,1806.0,1812.06,448213.0
1684220400,1812.06,1823.5,1811.76,1822.35,1127296.0
1684224000,1822.35,1827.76,1817.52,1819.61,1057993.0
1684227600,1819.61,1821.57,1815.38,1816.44,650908.0
1684231200,1816.6,1817.62,1812.0,1813.04,630812.0
1684234800,1813.03,1820.81,1812.15,1816.56,526765.0
1684238400,1816.57,1824.08,1810.0,1819.5,1218913.0
1684242000,1819.5,1821.59,1812.74,1813.89,1309455.0
1684245600,1813.89,1818.87,1811.0,1816.52,1275584.0
1684249200,1816.53,1822.63,1816.31,1820.0,577373.0
1684252800,1820.0,1830.0,1817.8,1823.91,849055.0
1684256400,1823.91,1829.4,1816.37,1827.54,1006038.0
1684260000,1827.54,1833.53,1822.4,1825.52,594895.0
1684263600,1825.52,1827.51,1813.61,1816.66,569823.0
1684267200,1816.67,1823.74,1815.0,1821.4,270816.0
1684270800,1821.4,1829.84,1818.62,1826.22,362614.0
1684274400,1826.22,1828.0,1822.7,1823.34,206755.0
1684278000,1823.34,1826.5,1819.49,1824.5,375012.0
1684281600,1824.5,1827.99,1817.52,1825.46,800302.0
1684285200,1825.46,1837.97,1823.06,1831.32,1077461.0
1684288800,1831.32,1832.32,1823.24,1823.72,598960.0
1684292400,1823.72,1827.48,1822.83,1823.98,331854.0
1684296000,1823.98,1826.96,1823.0,1824.13,278943.0
1684299600,1824.16,1824.54,1818.56,1819.19,677945.0
1684303200,1819.19,1819.9,1815.0,1818.83,617190.0
1684306800,1818.82,1821.92,1803.04,1808.01,1521512.0
1684310400,1808.0,1809.06,1802.15,1806.56,974300.0
1684314000,1806.56,1808.5,1801.01,1807.31,581711.0
1684317600,1807.31,1808.22,1803.54,1806.09,461708.0
1684321200,1806.09,1806.09,1788.0,1790.62,2621926.0
1684324800,1790.61,1797.55,1789.0,1794.31,864913.0
1684328400,1794.32,1799.72,1788.44,1790.51,997577.0
1684332000,1790.51,1800.86,1782.0,1797.71,2081943.0
1684335600,1797.71,1800.49,1792.34,1797.44,703470.0
1684339200,1797.43,1806.45,1794.73,1804.44,1077913.0
1684342800,1804.44,1821.84,1800.13,1815.76,1806111.0
1684346400,1815.64,1824.57,1815.64,1818.24,1179510.0
1684350000,1818.15,1833.99,1818.15,1827.72,1812733.0
1684353600,1827.73,1835.4,1822.45,1826.22,821472.0
1684357200,1826.22,1829.93,1821.17,1823.22,407370.0
1684360800,1823.21,1825.56,1819.0,1819.89,549270.0
1684364400,1819.9,1824.38,1819.9,1822.39,503303.0
1684368000,1822.4,1824.82,1818.18,1821.0,446631.0
1684371600,1821.0,1824.98,1818.78,1820.28,335770.0
1684375200,1820.28,1827.0,1818.7,1825.42,362662.0
1684378800,1825.42,1827.9,1823.8,1826.76,400406.0
1684382400,1826.76,1827.39,1822.46,1823.34,282785.0
1684386000,1823.25,1824.5,1819.01,1819.4,488331.0
1684389600,1819.4,1821.3,1815.18,1818.01,701410.0
1684393200,1818.01,1832.4,1818.0,1827.09,1349367.0
1684396800,1827.09,1829.69,1824.36,1826.38,659041.0
1684400400,1826.38,1828.48,1824.01,1826.63,335439.0
1684404000,1826.6,1828.61,1825.0,1826.27,379443.0
1684407600,1826.27,1826.7,1823.0,1825.54,292775.0
1684411200,1825.54,1826.76,1817.01,1818.54,1139548.0
1684414800,1818.55,1821.37,1813.46,1818.76,1198491.0
1684418400,1818.76,1824.8,1805.01,1817.39,2350887.0
1684422000,1817.39,1821.41,1806.4,1808.48,1343740.0
1684425600,1808.47,1813.01,1806.73,1810.0,815875.0
1684429200,1809.99,1812.11,1770.52,1778.26,3689772.0
1684432800,1778.26,1789.85,1773.12,1785.36,1509971.0
1684436400,1785.36,1801.35,1783.06,1795.24,1104098.0
1684440000,1795.24,1800.23,1793.0,1796.28,382576.0
1684443600,1796.27,1822.18,1796.27,1814.39,1220491.0
1684447200,1814.4,1815.79,1807.64,1808.98,532516.0
1684450800,1808.94,1808.94,1799.27,1800.87,498843.0
1684454400,1800.88,1808.48,1798.24,1804.22,695584.0
1684458000,1804.21,1807.31,1796.85,1799.31,520271.0
1684461600,1799.31,1802.23,1797.33,1800.15,287369.0
1684465200,1800.15,1803.73,1797.61,1801.68,338059.0
1684468800,1801.68,1804.6,1799.02,1804.5,237548.0
1684472400,1804.45,1806.6,1802.91,1805.2,369352.0
1684476000,1805.21,1808.78,1803.18,1806.94,455515.0
1684479600,1806.95,1810.49,1805.0,1805.22,565633.0
1684483200,1805.21,1810.0,1804.8,1808.19,311492.0
1684486800,1808.2,1811.72,1806.37,1807.83,313049.0
1684490400,1807.82,1811.92,1805.65,1807.0,376340.0
1684494000,1807.0,1809.51,1805.02,1807.41,416137.0
1684497600,1807.42,1818.98,1807.42,1814.49,1110826.0
1684501200,1814.5,1818.71,1812.4,1814.47,686227.0
1684504800,1814.47,1815.19,1807.03,1811.26,779894.0
1684508400,1811.27,1830.0,1800.0,1815.55,4535035.0
1684512000,1815.56,1819.0,1811.37,1812.05,716336.0
1684515600,1812.05,1822.99,1810.19,1818.72,712198.0
1684519200,1818.73,1822.45,1815.45,1817.11,341040.0
1684522800,1817.1,1817.1,1806.35,1811.64,667705.0
1684526400,1811.63,1816.0,1809.37,1812.26,232854.0
1684530000,1812.25,1815.38,1811.66,1814.4,87584.0
1684533600,1814.4,1815.38,1811.63,1812.0,84721.0
1684537200,1812.0,1814.5,1811.1,1812.48,121431.0
1684540800,1812.47,1814.11,1807.12,1808.46,349113.0
1684544400,1808.45,1811.74,1807.82,1810.2,127435.0
1684548000,1810.19,1812.25,1808.0,1808.9,171595.0
1684551600,1808.89,1813.93,1808.3,1813.37,175969.0
1684555200,1813.36,1813.97,1811.37,1813.42,119968.0
1684558800,1813.42,1813.49,1809.5,1810.91,176781.0
1684562400,1810.91,1811.37,1808.58,1810.15,210016.0
1684566000,1810.15,1811.98,1809.32,1811.38,110792.0
1684569600,1811.38,1814.86,1811.38,1814.44,409806.0
1684573200,1814.43,1816.22,1812.07,1812.92,347036.0
1684576800,1812.92,1815.0,1812.47,1812.7,125507.0
1684580400,1812.7,1814.19,1811.0,1813.1,198857.0
1684584000,1813.11,1817.14,1812.8,1813.2,254132.0
1684587600,1813.21,1815.44,1812.08,1813.85,227892.0
1684591200,1813.86,1819.48,1813.85,1818.6,570971.0
1684594800,1818.6,1820.45,1816.02,1816.98,425420.0
1684598400,1816.99,1817.96,1815.0,1816.01,245113.0
1684602000,1816.01,1828.0,1813.42,1827.21,899915.0
1684605600,1827.29,1829.0,1819.22,1819.8,751435.0
1684609200,1819.8,1822.93,1814.16,1821.68,656215.0
1684612800,1821.68,1822.94,1815.66,1816.84,224742.0
1684616400,1816.84,1818.21,1812.0,1817.86,418489.0
1684620000,1817.85,1819.56,1816.12,1818.98,151862.0
1684623600,1818.97,1820.36,1817.62,1819.65,108270.0
1684627200,1819.65,1829.7,1816.54,1826.72,814924.0
1684630800,1826.71,1828.0,1817.41,1817.6,585979.0
1684634400,1817.61,1819.83,1816.6,1818.85,258229.0
1684638000,1818.85,1819.57,1817.68,1818.19,146351.0
1684641600,1818.19,1818.19,1815.27,1817.08,322107.0
1684645200,1817.08,1817.56,1813.33,1815.31,343675.0
1684648800,1815.3,1816.18,1813.5,1815.63,261657.0
1684652400,1815.62,1817.85,1814.28,1817.23,200272.0
1684656000,1817.23,1817.26,1813.8,1815.7,258885.0
1684659600,1815.69,1817.5,1813.0,1816.64,444830.0
1684663200,1816.64,1816.93,1807.73,1810.64,895639.0
1684666800,1810.64,1814.14,1806.88,1809.64,850737.0
1684670400,1809.64,1815.0,1808.8,1814.1,433024.0
1684674000,1814.1,1814.38,1812.36,1812.59,188474.0
1684677600,1812.58,1818.0,1810.85,1812.36,532430.0
1684681200,1812.35,1817.32,1802.5,1807.63,1105845.0
1684684800,1807.63,1810.77,1804.23,1807.35,494674.0
1684688400,1807.36,1809.0,1802.3,1806.7,341189.0
1684692000,1806.7,1809.19,1805.58,1806.7,166626.0
1684695600,1806.69,1810.38,1806.14,1810.38,112683.0
1684699200,1810.38,1812.34,1805.51,1805.77,193230.0
1684702800,1805.78,1806.79,1797.13,1803.51,1154380.0
1684706400,1803.52,1807.45,1802.63,1805.33,158808.0
1684710000,1805.33,1808.6,1802.71,1804.97,261640.0
1684713600,1804.97,1807.6,1793.0,1799.19,1076775.0
1684717200,1799.19,1802.0,1793.0,1794.72,702197.0
1684720800,1794.71,1803.96,1792.19,1801.5,777996.0
1684724400,1801.5,1803.56,1799.99,1800.8,277626.0
1684728000,1800.79,1804.88,1800.49,1802.41,259168.0
1684731600,1802.42,1804.88,1802.41,1803.88,343987.0
1684735200,1803.87,1816.36,1803.0,1808.82,1510267.0
1684738800,1808.99,1812.01,1807.74,1811.2,330516.0
1684742400,1811.2,1817.45,1810.72,1811.34,953562.0
1684746000,1811.34,1819.28,1811.34,1817.28,714287.0
1684749600,1817.27,1819.99,1814.49,1816.89,566202.0
1684753200,1816.89,1817.37,1812.3,1814.39,410697.0
1684756800,1814.39,1816.74,1809.65,1810.63,651897.0
1684760400,1810.63,1828.0,1809.11,1821.9,2498474.0
1684764000,1821.9,1824.42,1808.14,1819.32,2060226.0
1684767600,1819.33,1821.5,1812.07,1816.61,629386.0
1684771200,1816.62,1819.8,1814.22,1818.0,339537.0
1684774800,1818.0,1820.0,1813.0,1817.15,419896.0
1684778400,1817.15,1823.99,1816.91,1819.46,344920.0
1684782000,1819.47,1820.2,1814.69,1816.93,219706.0
1684785600,1816.93,1819.9,1813.1,1818.02,156648.0
1684789200,1818.02,1825.0,1818.02,1820.39,314329.0
1684792800,1820.4,1823.42,1818.14,1818.15,150656.0
1684796400,1818.14,1819.26,1816.7,1817.58,188773.0
1684800000,1817.58,1824.13,1815.01,1816.48,413347.0
1684803600,1816.48,1843.38,1815.6,1834.42,3118507.0
1684807200,1834.42,1845.0,1834.42,1841.82,1013678.0
1684810800,1841.83,1880.0,1840.86,1865.23,4491324.0
1684814400,1865.24,1868.19,1855.0,1857.41,1236741.0
1684818000,1857.41,1861.6,1855.71,1857.89,715070.0
1684821600,1857.92,1862.64,1854.0,1856.21,648579.0
1684825200,1856.21,1856.87,1845.0,1854.69,1001739.0
1684828800,1854.69,1858.0,1849.47,1856.28,611858.0
1684832400,1856.28,1857.74,1852.11,1855.0,337279.0
1684836000,1855.01,1857.57,1853.02,1857.14,287758.0
1684839600,1857.14,1857.59,1853.02,1855.09,229656.0
1684843200,1855.09,1856.96,1848.84,1852.08,635062.0
1684846800,1852.07,1853.63,1842.75,1847.69,1440465.0
1684850400,1847.69,1858.35,1846.84,1856.67,1190585.0
1684854000,1856.66,1861.98,1855.0,1857.46,777978.0
1684857600,1857.47,1857.9,1849.51,1850.02,744205.0
1684861200,1850.02,1853.44,1847.7,1850.04,432237.0
1684864800,1850.04,1852.25,1845.0,1845.57,609835.0
1684868400,1845.57,1853.51,1842.0,1851.94,564882.0
1684872000,1851.99,1857.96,1848.62,1854.69,252644.0
1684875600,1854.71,1855.81,1848.91,1849.44,191627.0
1684879200,1849.46,1854.96,1846.3,1854.27,180539.0
1684882800,1854.26,1857.36,1852.63,1853.84,223237.0
1684886400,1853.85,1854.02,1847.46,1850.1,310802.0
1684890000,1850.1,1851.44,1845.0,1845.51,511800.0
1684893600,1845.5,1848.28,1844.42,1846.41,265499.0
1684897200,1846.4,1846.86,1811.42,1822.2,5091330.0
1684900800,1822.19,1827.26,1818.0,1826.71,1035522.0
1684904400,1826.7,1827.78,1823.53,1826.06,479181.0
1684908000,1826.07,1826.33,1817.33,1821.53,690309.0
1684911600,1821.54,1823.66,1813.25,1814.33,840469.0
1684915200,1814.33,1819.05,1813.12,1819.05,525725.0
1684918800,1819.05,1822.0,1815.62,1816.96,356298.0
1684922400,1816.95,1818.0,1814.0,1816.03,361136.0
1684926000,1816.03,1818.74,1811.02,1816.65,602242.0
1684929600,1816.65,1818.92,1814.1,1816.88,401052.0
1684933200,1816.89,1818.46,1786.6,1802.88,3357242.0
1684936800,1802.88,1802.88,1774.8,1787.49,3425645.0
1684940400,1787.5,1795.49,1780.42,1793.24,1646682.0
1684944000,1793.24,1793.73,1784.0,1789.56,724934.0
1684947600,1789.55,1795.5,1784.73,1792.56,735396.0
1684951200,1792.57,1794.58,1785.99,1787.85,502164.0
1684954800,1787.84,1798.64,1785.51,1792.54,676329.0
1684958400,1792.55,1809.41,1791.56,1804.4,1485118.0
1684962000,1804.4,1809.65,1790.71,1800.33,950394.0
1684965600,1800.33,1803.88,1797.37,1799.18,232212.0
1684969200,1799.19,1802.82,1798.36,1799.56,189001.0
1684972800,1799.55,1807.75,1791.2,1792.62,840128.0
1684976400,1792.62,1798.91,1758.82,1776.79,3125055.0
1684980000,1776.79,1780.97,1774.44,1779.6,462697.0
1684983600,1779.6,1783.47,1776.5,1781.09,552457.0
1684987200,1781.09,1782.26,1774.0,1779.25,561267.0
1684990800,1779.24,1784.65,1778.71,1784.05,310055.0
1684994400,1784.21,1787.6,1782.7,1784.1,466935.0
1684998000,1784.11,1785.24,1777.31,1778.74,553447.0
1685001600,1778.74,1786.89,1778.74,1784.72,578332.0
1685005200,1784.73,1788.0,1784.73,1786.87,327978.0
1685008800,1786.87,1789.58,1784.15,1785.75,359609.0
1685012400,1785.76,1792.98,1782.12,1789.74,549078.0
1685016000,1789.75,1813.42,1789.75,1801.42,2583568.0
1685019600,1801.42,1805.92,1794.24,1799.82,1031904.0
1685023200,1799.83,1804.15,1793.39,1799.41,1006925.0
1685026800,1799.42,1801.5,1786.08,1791.54,1010294.0
1685030400,1791.59,1799.56,1791.37,1796.98,761403.0
1685034000,1796.97,1807.74,1795.65,1804.97,886898.0
1685037600,1804.98,1810.1,1803.25,1805.28,651152.0
1685041200,1805.29,1819.46,1803.88,1808.81,1204882.0
1685044800,1808.81,1813.75,1808.78,1809.61,379735.0
1685048400,1809.61,1809.62,1805.52,1807.46,173945.0
1685052000,1807.45,1809.63,1805.85,1807.5,152511.0
1685055600,1807.5,1812.78,1805.08,1805.08,400732.0
1685059200,1805.09,1808.81,1801.81,1805.0,465323.0
1685062800,1805.0,1808.9,1796.8,1802.13,881493.0
1685066400,1802.13,1804.48,1800.5,1801.77,221019.0
1685070000,1801.77,1808.41,1801.42,1807.1,337260.0
1685073600,1807.11,1809.0,1805.09,1808.04,279185.0
1685077200,1808.04,1808.86,1802.54,1803.3,344505.0
1685080800,1803.3,1813.07,1801.86,1811.52,703490.0
1685084400,1811.52,1817.28,1809.4,1816.33,749794.0
1685088000,1816.34,1818.68,1813.12,1814.28,622447.0
1685091600,1814.28,1814.55,1811.78,1813.57,319673.0
1685095200,1813.57,1814.84,1810.65,1813.48,243450.0
1685098800,1813.48,1815.97,1810.99,1812.18,295334.0
1685102400,1812.18,1826.8,1808.64,1814.73,1405466.0
1685106000,1814.74,1829.0,1814.74,1823.36,1886941.0
1685109600,1823.37,1838.0,1820.03,1829.49,2504265.0
1685113200,1829.47,1836.88,1829.16,1830.54,976676.0
1685116800,1830.54,1832.39,1828.09,1828.51,495377.0
1685120400,1828.51,1830.93,1822.09,1824.55,619744.0
1685124000,1824.56,1835.0,1822.68,1831.86,655363.0
1685127600,1831.86,1836.95,1831.01,1835.48,402291.0
1685131200,1835.49,1837.49,1832.74,1834.1,234420.0
1685134800,1834.1,1835.54,1830.64,1831.14,131354.0
1685138400,1831.12,1832.0,1825.72,1825.93,204625.0
1685142000,1825.93,1829.49,1825.93,1827.41,168464.0
1685145600,1827.41,1828.07,1824.41,1826.68,210530.0
1685149200,1826.67,1830.43,1826.6,1830.4,263854.0
1685152800,1830.4,1835.0,1826.7,1833.79,560594.0
1685156400,1833.79,1836.33,1831.38,1833.98,323032.0
1685160000,1833.99,1835.0,1831.1,1833.74,243246.0
1685163600,1833.74,1834.52,1829.3,1831.69,206350.0
1685167200,1831.69,1833.84,1830.29,1832.65,144478.0
1685170800,1832.65,1833.3,1828.12,1829.94,178574.0
1685174400,1829.94,1830.43,1826.71,1828.5,351957.0
1685178000,1828.49,1830.67,1826.71,1827.28,219801.0
1685181600,1827.27,1828.2,1825.0,1826.71,325436.0
1685185200,1826.71,1828.33,1822.85,1826.63,453104.0
1685188800,1826.67,1830.66,1824.61,1828.46,297790.0
1685192400,1828.47,1832.79,1812.0,1819.87,1120391.0
1685196000,1819.87,1826.65,1818.03,1822.9,751223.0
1685199600,1822.9,1824.73,1821.27,1823.67,171024.0
1685203200,1823.66,1823.96,1817.02,1821.68,398822.0
1685206800,1821.69,1825.84,1820.72,1824.02,236040.0
1685210400,1824.03,1829.76,1819.45,1821.14,384668.0
1685214000,1821.15,1827.12,1821.14,1826.16,150516.0
1685217600,1826.17,1827.26,1825.38,1827.25,109051.0
1685221200,1827.25,1828.57,1824.19,1827.82,111308.0
1685224800,1827.82,1831.78,1827.15,1829.46,285456.0
1685228400,1829.47,1831.6,1827.93,1829.27,169099.0
1685232000,1829.24,1857.48,1822.85,1849.78,2113168.0
1685235600,1849.78,1861.09,1846.21,1848.5,1665137.0
1685239200,1848.5,1850.74,1845.29,1846.44,373435.0
1685242800,1846.44,1854.87,1845.44,1850.5,560640.0
1685246400,1850.5,1859.0,1848.54,1849.0,891541.0
1685250000,1849.0,1851.21,1846.18,1847.61,335972.0
1685253600,1847.61,1849.5,1845.31,1846.3,267044.0
1685257200,1846.3,1848.88,1845.33,1848.21,198984.0
1685260800,1848.21,1848.58,1843.33,1845.83,376102.0
1685264400,1845.83,1846.75,1843.8,1845.44,200171.0
1685268000,1845.43,1847.08,1843.33,1846.0,248021.0
1685271600,1846.0,1852.0,1842.59,1843.64,667244.0
1685275200,1843.63,1844.74,1837.37,1841.0,743397.0
1685278800,1840.99,1845.6,1840.72,1843.93,276863.0
1685282400,1843.94,1844.14,1839.11,1839.91,254014.0
1685286000,1839.9,1844.51,1836.9,1844.4,288483.0
1685289600,1844.4,1846.43,1839.3,1844.36,365686.0
1685293200,1844.36,1854.41,1841.73,1847.5,550731.0
1685296800,1847.5,1860.0,1844.0,1851.31,1586023.0
1685300400,1851.31,1854.52,1845.34,1848.51,390636.0
1685304000,1848.51,1854.55,1848.51,1852.95,195107.0
1685307600,1852.95,1870.38,1852.94,1868.11,870922.0
1685311200,1868.12,1935.0,1868.12,1906.89,4005421.0
1685314800,1906.9,1919.32,1906.54,1909.34,1486364.0
1685318400,1909.34,1928.12,1909.0,1914.51,1738103.0
1685322000,1914.51,1918.49,1912.8,1917.23,603028.0
1685325600,1917.23,1919.49,1909.24,1910.31,560118.0
1685329200,1910.31,1911.38,1901.33,1904.47,755126.0
1685332800,1904.47,1906.35,1893.38,1901.14,1257294.0
1685336400,1901.14,1906.2,1899.73,1904.11,582625.0
1685340000,1904.11,1906.12,1901.46,1904.47,275189.0
1685343600,1904.47,1904.54,1896.28,1900.61,525732.0
1685347200,1900.61,1902.02,1895.3,1899.8,391344.0
1685350800,1899.79,1905.32,1899.0,1905.0,356351.0
1685354400,1905.0,1905.5,1893.5,1901.76,561090.0
1685358000,1901.76,1904.37,1899.37,1903.3,304871.0
1685361600,1903.3,1905.2,1896.0,1898.16,469661.0
1685365200,1898.16,1903.0,1895.51,1900.05,410790.0
1685368800,1900.05,1903.18,1885.0,1894.95,1139945.0
1685372400,1894.94,1899.78,1886.59,1889.99,1077284.0
1685376000,1889.99,1892.0,1878.0,1882.88,1516492.0
1685379600,1882.87,1896.07,1873.12,1891.57,1073421.0
1685383200,1891.57,1895.98,1889.68,1891.78,347555.0
1685386800,1891.78,1895.88,1889.02,1891.85,263754.0
1685390400,1891.84,1895.79,1890.71,1893.49,150695.0
1685394000,1893.49,1895.53,1889.32,1890.83,136220.0
1685397600,1890.82,1893.31,1886.2,1892.7,273832.0
1685401200,1892.73,1904.6,1891.66,1892.85,651109.0
1685404800,1892.85,1894.0,1881.1,1893.86,629767.0
1685408400,1893.87,1899.5,1892.26,1897.59,490333.0
1685412000,1897.6,1901.09,1894.46,1899.07,300784.0
1685415600,1899.07,1913.0,1897.0,1900.28,1161837.0
1685419200,1900.32,1902.22,1896.17,1898.06,301923.0
1685422800,1898.06,1899.78,1892.23,1898.29,431523.0
1685426400,1898.3,1903.5,1898.3,1902.24,348577.0
1685430000,1902.25,1904.9,1898.27,1898.44,453266.0
1685433600,1898.44,1905.24,1898.44,1902.31,329281.0
1685437200,1902.32,1909.56,1902.32,1906.89,561157.0
1685440800,1906.89,1917.45,1906.03,1907.09,1240881.0
1685444400,1907.08,1915.99,1905.22,1915.35,741341.0
1685448000,1915.32,1915.85,1904.05,1910.01,1000315.0
1685451600,1910.01,1914.76,1902.0,1905.33,1044233.0
1685455200,1905.33,1910.14,1895.86,1897.09,1407912.0
1685458800,1897.09,1904.49,1893.72,1900.59,1278169.0
1685462400,1900.6,1906.07,1890.52,1904.41,1306663.0
1685466000,1904.41,1913.54,1897.35,1902.69,1210144.0
1685469600,1902.69,1910.52,1900.43,1907.86,614135.0
1685473200,1907.86,1908.8,1905.09,1907.23,213523.0
1685476800,1907.49,1907.62,1902.0,1903.35,264811.0
1685480400,1903.34,1916.06,1902.22,1905.7,343249.0
1685484000,1905.7,1906.4,1899.11,1904.5,245381.0
1685487600,1904.5,1905.02,1898.0,1901.23,388720.0
1685491200,1901.23,1905.28,1898.5,1904.95,311503.0
1685494800,1904.95,1907.75,1902.17,1903.45,272915.0
1685498400,1903.35,1903.35,1884.39,1896.12,1582639.0
1685502000,1896.11,1898.32,1892.96,1897.29,341462.0
1685505600,1897.3,1897.86,1870.0,1874.0,2295081.0
1685509200,1874.0,1874.98,1858.81,1864.87,2837753.0
1685512800,1864.86,1868.0,1857.56,1867.9,1217042.0
1685516400,1867.81,1873.13,1865.36,1869.49,699271.0
1685520000,1869.48,1873.5,1867.0,1868.16,634114.0
1685523600,1868.16,1870.97,1866.0,1869.56,483646.0
1685527200,1869.55,1871.5,1864.57,1865.8,391111.0
1685530800,1865.8,1869.07,1862.32,1865.57,483389.0
1685534400,1865.57,1869.11,1863.01,1866.79,445279.0
1685538000,1866.79,1875.82,1866.07,1868.61,844541.0
1685541600,1868.61,1868.74,1845.0,1861.51,3000659.0
1685545200,1861.51,1863.21,1857.03,1858.37,578828.0
1685548800,1858.3,1862.49,1854.54,1859.99,594095.0
1685552400,1859.99,1869.0,1858.92,1866.32,615421.0
1685556000,1866.32,1866.99,1861.33,1863.86,330178.0
1685559600,1863.87,1870.72,1861.02,1863.8,422577.0
1685563200,1863.83,1869.17,1863.35,1865.75,175722.0
1685566800,1865.6,1866.44,1861.07,1864.78,158393.0
1685570400,1864.77,1871.0,1863.65,1868.99,293023.0
1685574000,1869.0,1878.74,1867.75,1873.4,661442.0
1685577600,1873.4,1893.07,1868.0,1871.67,2412412.0
1685581200,1871.67,1880.0,1871.27,1873.98,1085404.0
1685584800,1873.99,1875.78,1847.9,1852.6,2014265.0
1685588400,1852.59,1858.8,1837.0,1855.78,1995201.0
1685592000,1855.79,1856.87,1852.2,1854.96,371940.0
1685595600,1854.95,1858.0,1853.5,1855.46,316559.0
1685599200,1855.46,1857.05,1853.22,1855.12,374052.0
1685602800,1855.12,1861.32,1851.01,1854.46,759866.0
1685606400,1854.47,1861.94,1852.42,1860.6,429481.0
1685610000,1860.6,1865.99,1860.05,1861.8,523547.0
1685613600,1861.79,1863.26,1858.83,1859.29,385088.0
1685617200,1859.3,1862.2,1857.43,1861.42,260989.0
1685620800,1861.41,1866.53,1857.0,1864.75,759191.0
1685624400,1864.75,1867.0,1859.2,1861.41,623746.0
1685628000,1861.41,1866.4,1855.51,1860.77,810197.0
1685631600,1860.78,1864.71,1858.25,1863.67,495601.0
1685635200,1863.67,1883.74,1861.01,1876.55,1632933.0
1685638800,1876.55,1880.56,1868.0,1871.31,1214573.0
1685642400,1871.3,1877.96,1870.51,1874.16,351991.0
1685646000,1874.16,1875.91,1856.71,1869.54,981726.0
1685649600,1869.54,1873.14,1867.5,1869.35,258486.0
1685653200,1869.34,1874.37,1866.66,1868.4,243945.0
1685656800,1868.4,1869.6,1863.56,1867.18,226955.0
1685660400,1867.17,1867.72,1852.01,1861.77,802694.0
1685664000,1861.77,1865.21,1847.61,1865.06,1523538.0
1685667600,1865.07,1870.3,1859.34,1867.99,819354.0
1685671200,1868.0,1881.1,1867.82,1877.61,1292140.0
1685674800,1877.61,1879.96,1875.18,1878.73,384331.0
1685678400,1878.73,1892.99,1875.0,1886.35,1849073.0
1685682000,1886.29,1897.96,1885.75,1892.81,1406599.0
1685685600,1892.81,1893.0,1888.51,1889.29,478349.0
1685689200,1889.33,1890.0,1885.2,1885.46,531220.0
1685692800,1885.47,1893.47,1885.47,1892.12,507891.0
1685696400,1892.12,1894.97,1888.88,1889.73,408135.0
1685700000,1889.73,1892.39,1888.97,1892.39,204651.0
1685703600,1892.38,1904.2,1890.76,1894.66,967064.0
1685707200,1894.66,1900.0,1878.0,1890.0,2602834.0
1685710800,1890.0,1893.32,1875.22,1879.52,1950205.0
1685714400,1879.52,1887.9,1878.0,1885.26,1069118.0
1685718000,1885.27,1892.9,1885.27,1891.85,631759.0
1685721600,1891.85,1894.5,1887.5,1888.97,499077.0
1685725200,1888.96,1893.68,1886.7,1893.07,329589.0
1685728800,1893.07,1912.26,1890.14,1909.76,1546287.0
1685732400,1909.84,1911.2,1905.3,1908.09,754640.0
1685736000,1908.09,1911.0,1904.6,1904.6,475719.0
1685739600,1904.6,1906.68,1902.29,1904.43,241409.0
1685743200,1904.4,1908.5,1903.8,1905.78,247982.0
1685746800,1905.78,1906.96,1904.38,1906.14,149136.0
1685750400,1906.14,1907.16,1901.22,1902.95,414639.0
1685754000,1902.95,1904.99,1896.5,1899.61,456774.0
1685757600,1899.62,1901.6,1898.32,1899.2,190847.0
1685761200,1899.2,1901.73,1898.22,1899.65,227507.0
1685764800,1899.64,1902.0,1897.06,1901.6,271364.0
1685768400,1901.59,1902.71,1900.08,1901.03,171478.0
1685772000,1901.03,1906.0,1901.02,1903.84,313986.0
1685775600,1903.85,1905.69,1902.37,1902.62,181858.0
1685779200,1902.62,1904.68,1902.14,1902.6,306578.0
1685782800,1902.6,1904.84,1901.1,1904.08,142677.0
1685786400,1904.08,1905.96,1899.09,1903.4,346080.0
1685790000,1903.4,1906.95,1902.15,1903.99,250659.0
1685793600,1903.99,1907.0,1903.45,1903.91,169784.0
1685797200,1903.9,1904.16,1899.2,1901.97,284557.0
1685800800,1901.97,1903.0,1899.42,1899.89,238921.0
1685804400,1899.89,1905.41,1890.0,1903.34,1065216.0
1685808000,1903.34,1904.28,1898.12,1899.0,362543.0
1685811600,1899.0,1899.0,1888.27,1890.46,997291.0
1685815200,1890.45,1894.03,1887.03,1891.47,465889.0
1685818800,1891.48,1892.84,1881.53,1885.86,719218.0
1685822400,1885.87,1890.85,1883.9,1887.9,253271.0
1685826000,1887.9,1890.18,1881.04,1889.67,256773.0
1685829600,1889.67,1893.0,1888.9,1891.61,232376.0
1685833200,1891.61,1892.58,1889.65,1892.06,108247.0
1685836800,1892.06,1893.0,1887.5,1887.77,217030.0
1685840400,1887.79,1892.98,1883.68,1890.0,474350.0
1685844000,1889.97,1894.8,1889.66,1894.29,380382.0
1685847600,1894.29,1894.77,1892.31,1893.77,160289.0
1685851200,1893.76,1895.98,1893.19,1894.59,171064.0
1685854800,1894.59,1894.77,1890.04,1891.59,188189.0
1685858400,1891.58,1901.98,1890.67,1898.45,558750.0
1685862000,1898.45,1900.77,1898.0,1899.63,330176.0
1685865600,1899.63,1901.78,1898.0,1899.32,248194.0
1685869200,1899.33,1908.66,1899.32,1905.4,861121.0
1685872800,1905.4,1906.0,1903.4,1904.89,240357.0
1685876400,1904.89,1905.57,1901.75,1902.99,199006.0
1685880000,1903.0,1904.98,1901.0,1904.33,192105.0
1685883600,1904.34,1914.89,1903.0,1907.42,799596.0
1685887200,1907.42,1908.8,1899.0,1905.75,1129511.0
1685890800,1905.74,1906.24,1900.71,1901.42,315187.0
1685894400,1901.39,1902.17,1896.0,1898.18,585178.0
1685898000,1898.17,1900.92,1897.39,1898.67,219959.0
1685901600,1898.67,1904.5,1898.35,1903.24,274998.0
1685905200,1903.23,1905.98,1902.5,1904.66,147918.0
1685908800,1904.66,1906.38,1903.49,1904.77,146304.0
1685912400,1904.76,1907.49,1900.77,1902.3,179473.0
1685916000,1902.29,1913.65,1898.35,1901.43,1174554.0
1685919600,1901.43,1904.23,1885.0,1889.9,1580267.0
1685923200,1889.89,1891.0,1875.0,1882.25,1468504.0
1685926800,1882.24,1885.56,1875.46,1884.39,821213.0
1685930400,1884.38,1887.0,1868.04,1875.35,1391069.0
1685934000,1875.34,1875.53,1867.0,1870.3,1658814.0
1685937600,1870.3,1874.32,1865.89,1870.9,758683.0
1685941200,1870.9,1872.07,1862.0,1871.13,1302507.0
1685944800,1871.12,1872.89,1869.47,1869.93,427059.0
1685948400,1869.94,1873.4,1869.1,1873.3,324432.0
1685952000,1873.3,1873.78,1869.55,1870.34,319144.0
1685955600,1870.34,1873.75,1868.52,1870.0,352263.0
1685959200,1869.99,1870.78,1864.16,1864.71,904609.0
1685962800,1864.71,1871.17,1863.08,1870.01,559716.0
1685966400,1870.02,1870.99,1862.5,1865.39,745759.0
1685970000,1865.38,1870.0,1858.0,1867.3,1218676.0
1685973600,1867.31,1871.31,1864.01,1868.4,770197.0
1685977200,1868.4,1868.99,1820.0,1820.0,8322755.0
1685980800,1820.21,1824.18,1773.17,1813.5,9440969.0
1685984400,1813.49,1818.33,1804.71,1816.22,1242432.0
1685988000,1816.23,1816.23,1804.0,1807.48,770727.0
1685991600,1807.49,1809.43,1795.17,1806.67,1010738.0
1685995200,1806.66,1808.86,1803.04,1805.26,366894.0
1685998800,1805.25,1807.51,1792.41,1807.5,637390.0
1686002400,1807.51,1810.0,1805.12,1807.29,303119.0
1686006000,1807.29,1816.35,1806.59,1810.67,395794.0
1686009600,1810.66,1812.39,1809.13,1811.25,304233.0
1686013200,1811.24,1811.98,1804.0,1805.2,375817.0
1686016800,1805.19,1814.15,1802.5,1813.22,606366.0
1686020400,1813.22,1813.24,1810.21,1811.63,217937.0
1686024000,1811.64,1818.76,1810.85,1817.86,399164.0
1686027600,1817.87,1818.72,1813.98,1815.39,381618.0
1686031200,1815.39,1816.67,1812.24,1812.91,294639.0
1686034800,1812.9,1816.84,1811.17,1812.77,347978.0
1686038400,1812.78,1816.98,1812.77,1815.8,305029.0
1686042000,1815.81,1820.94,1814.39,1816.95,546562.0
1686045600,1816.95,1822.91,1816.91,1818.36,564888.0
1686049200,1818.37,1819.0,1808.5,1813.62,702876.0
1686052800,1813.61,1819.12,1797.45,1805.72,3021179.0
1686056400,1805.73,1821.0,1798.06,1817.2,1957510.0
1686060000,1817.21,1842.97,1817.21,1838.79,5015810.0
1686063600,1838.8,1846.26,1834.05,1841.85,1738967.0
1686067200,1841.86,1872.0,1841.86,1863.86,3262945.0
1686070800,1863.85,1891.93,1857.67,1874.85,4142308.0
1686074400,1874.86,1878.26,1873.13,1874.6,561898.0
1686078000,1874.6,1899.85,1873.57,1892.24,1875200.0
1686081600,1892.17,1895.81,1875.02,1877.06,1396213.0
1686085200,1877.09,1882.18,1874.52,1880.13,339024.0
1686088800,1880.14,1884.92,1877.92,1882.73,261629.0
1686092400,1882.73,1888.68,1878.53,1883.88,574242.0
1686096000,1883.89,1897.99,1881.37,1885.38,920311.0
1686099600,1885.37,1886.5,1877.24,1879.01,750582.0
1686103200,1879.02,1880.63,1874.0,1876.72,567674.0
1686106800,1876.72,1878.88,1871.43,1878.04,682836.0
1686110400,1878.04,1880.52,1877.08,1879.5,280897.0
1686114000,1879.5,1881.8,1877.51,1880.19,264441.0
1686117600,1880.2,1883.8,1875.71,1876.17,544543.0
1686121200,1876.17,1879.93,1874.4,1875.19,366509.0
1686124800,1875.26,1876.91,1873.0,1875.18,323681.0
1686128400,1875.17,1875.18,1850.0,1852.21,2361602.0
1686132000,1852.2,1861.07,1842.0,1857.27,2149571.0
1686135600,1857.27,1880.0,1856.68,1870.64,1466896.0
1686139200,1870.64,1871.18,1860.42,1865.17,745463.0
1686142800,1865.17,1868.54,1857.21,1864.57,996260.0
1686146400,1864.57,1864.57,1838.6,1844.54,3090806.0
1686150000,1844.55,1853.24,1835.0,1839.69,2164635.0
1686153600,1839.68,1845.73,1832.67,1840.41,1299015.0
1686157200,1840.4,1850.63,1835.62,1849.32,768156.0
1686160800,1849.32,1852.0,1847.58,1849.34,413977.0
1686164400,1849.34,1852.0,1847.16,1850.49,194694.0
1686168000,1850.43,1851.26,1838.07,1841.46,567054.0
1686171600,1841.45,1844.72,1819.76,1822.0,1353890.0
1686175200,1821.99,1834.98,1820.62,1830.36,998854.0
1686178800,1830.37,1834.34,1824.88,1832.56,492943.0
1686182400,1832.57,1838.84,1831.19,1835.79,395842.0
1686186000,1835.79,1839.92,1835.39,1838.59,375190.0
1686189600,1838.59,1841.73,1836.89,1837.36,344841.0
1686193200,1837.35,1837.36,1828.1,1835.48,662583.0
1686196800,1835.47,1839.47,1834.94,1838.14,357352.0
1686200400,1838.14,1840.95,1836.05,1836.98,316491.0
1686204000,1836.98,1846.41,1832.43,1839.85,710464.0
1686207600,1839.85,1846.84,1838.88,1841.78,558545.0
1686211200,1841.79,1843.06,1840.5,1841.0,192956.0
1686214800,1841.0,1841.74,1838.2,1839.56,358872.0
1686218400,1839.56,1845.3,1838.25,1845.15,315053.0
1686222000,1845.15,1849.34,1842.72,1843.39,679893.0
1686225600,1843.39,1857.82,1840.8,1845.49,1576899.0
1686229200,1845.49,1851.05,1837.08,1846.31,1309255.0
1686232800,1846.31,1861.99,1843.52,1857.33,1553979.0
1686236400,1857.33,1861.67,1853.31,1855.94,630750.0
1686240000,1855.93,1856.39,1841.02,1846.17,1112686.0
1686243600,1846.17,1847.44,1841.7,1843.92,525120.0
1686247200,1843.92,1850.0,1842.1,1846.21,393257.0
1686250800,1846.19,1848.24,1844.69,1847.76,171554.0
1686254400,1847.62,1853.99,1846.49,1853.17,257103.0
1686258000,1853.19,1854.58,1850.0,1851.64,165669.0
1686261600,1851.63,1852.88,1847.11,1849.59,177790.0
1686265200,1849.58,1849.79,1845.0,1845.67,187729.0
1686268800,1845.67,1847.04,1843.11,1844.02,257322.0
1686272400,1844.02,1849.46,1842.4,1842.89,359312.0
1686276000,1842.88,1844.42,1826.08,1835.81,1772321.0
1686279600,1835.8,1838.73,1832.06,1838.0,420964.0
1686283200,1837.99,1841.59,1835.87,1837.79,430246.0
1686286800,1837.79,1839.41,1836.64,1839.29,199301.0
1686290400,1839.29,1841.88,1836.89,1837.59,313547.0
1686294000,1837.59,1837.59,1831.01,1836.4,561749.0
1686297600,1836.39,1843.83,1834.49,1842.77,704683.0
1686301200,1842.78,1848.0,1840.99,1844.19,560264.0
1686304800,1844.19,1845.83,1842.19,1844.0,283667.0
1686308400,1844.0,1845.41,1839.58,1843.78,466941.0
1686312000,1843.79,1854.99,1843.78,1852.0,932036.0
1686315600,1852.0,1855.6,1847.21,1847.62,896954.0
1686319200,1847.62,1851.98,1842.36,1844.86,833992.0
1686322800,1844.87,1852.32,1840.22,1842.03,1046485.0
1686326400,1842.02,1844.06,1838.48,1840.88,736800.0
1686330000,1840.91,1843.33,1837.24,1841.98,374604.0
1686333600,1841.98,1843.08,1836.5,1838.48,275603.0
1686337200,1838.49,1840.8,1830.2,1831.58,739860.0
1686340800,1831.58,1837.73,1828.5,1837.59,483214.0
1686344400,1837.59,1840.99,1834.69,1837.37,198302.0
1686348000,1837.38,1839.27,1835.5,1838.88,160569.0
1686351600,1838.89,1841.91,1836.74,1840.94,224403.0
1686355200,1840.95,1841.13,1836.34,1837.29,232318.0
1686358800,1837.3,1845.66,1828.6,1835.93,993913.0
1686362400,1835.93,1839.62,1825.69,1829.77,1141795.0
1686366000,1829.77,1831.98,1822.0,1827.37,963456.0
1686369600,1827.37,1830.63,1780.0,1788.49,6044915.0
1686373200,1788.5,1791.0,1742.68,1751.85,5879473.0
1686376800,1751.85,1761.4,1734.0,1744.89,2909825.0
1686380400,1744.88,1746.39,1723.55,1732.73,3145716.0
1686384000,1732.72,1744.66,1713.98,1740.58,2960877.0
1686387600,1740.59,1741.91,1732.61,1739.36,903071.0
1686391200,1739.36,1744.0,1735.29,1744.0,503042.0
1686394800,1744.0,1749.99,1740.31,1748.12,669500.0
1686398400,1748.11,1748.11,1738.16,1739.45,612402.0
1686402000,1739.45,1746.39,1737.14,1743.15,581376.0
1686405600,1743.16,1747.48,1739.49,1744.06,476998.0
1686409200,1744.06,1744.65,1732.0,1737.73,648507.0
1686412800,1737.73,1741.37,1732.89,1733.43,780230.0
1686416400,1733.44,1773.66,1717.0,1760.38,5048768.0
1686420000,1760.38,1762.81,1725.0,1733.46,2580777.0
1686423600,1733.41,1745.94,1732.5,1744.61,671948.0
1686427200,1744.61,1747.97,1738.71,1743.15,499282.0
1686430800,1743.15,1746.96,1739.34,1745.15,221238.0
1686434400,1745.15,1757.65,1744.17,1753.99,479434.0
1686438000,1753.99,1755.15,1750.59,1751.44,269888.0
1686441600,1751.43,1752.63,1745.0,1745.7,486558.0
1686445200,1745.71,1752.62,1743.5,1749.94,372030.0
1686448800,1749.94,1750.79,1745.83,1749.93,239352.0
1686452400,1749.93,1752.65,1747.71,1751.58,257265.0
1686456000,1751.58,1757.62,1744.0,1753.88,663400.0
1686459600,1753.89,1759.6,1753.0,1756.25,527478.0
1686463200,1756.38,1759.02,1755.52,1756.18,297913.0
1686466800,1756.18,1756.49,1752.4,1752.7,279180.0
1686470400,1752.65,1755.94,1748.25,1749.26,486660.0
1686474000,1749.26,1751.24,1745.4,1746.09,328716.0
1686477600,1746.09,1755.78,1745.52,1751.53,463387.0
1686481200,1751.54,1755.79,1750.19,1752.37,315889.0
1686484800,1752.38,1752.74,1746.71,1747.16,308644.0
1686488400,1747.16,1750.48,1738.57,1741.7,923508.0
1686492000,1741.7,1751.7,1741.11,1743.76,653682.0
1686495600,1743.77,1746.58,1740.79,1741.58,341556.0
1686499200,1741.58,1757.62,1740.29,1752.1,1231218.0
1686502800,1752.1,1765.0,1751.35,1755.79,1124138.0
1686506400,1755.79,1762.0,1754.17,1756.99,470042.0
1686510000,1757.0,1768.32,1754.62,1762.0,603238.0
1686513600,1762.0,1778.3,1762.0,1769.66,993004.0
1686517200,1769.66,1770.9,1761.39,1763.4,310479.0
1686520800,1763.41,1764.45,1741.0,1753.8,1254217.0
1686524400,1753.79,1755.93,1746.5,1752.74,488325.0
1686528000,1752.74,1755.71,1743.89,1751.94,792068.0
1686531600,1751.94,1753.86,1743.47,1746.25,519188.0
1686535200,1746.24,1749.37,1720.0,1731.89,3122200.0
1686538800,1731.88,1739.38,1730.55,1736.01,747226.0
1686542400,1736.0,1741.82,1735.09,1740.77,489353.0
1686546000,1740.78,1740.86,1735.87,1736.21,400535.0
1686549600,1736.2,1748.82,1735.87,1740.56,868648.0
1686553200,1740.57,1742.09,1732.36,1736.78,461623.0
1686556800,1736.77,1747.93,1734.4,1745.56,840018.0
1686560400,1745.56,1759.3,1744.32,1748.39,1754309.0
1686564000,1748.4,1755.99,1747.6,1748.21,799062.0
1686567600,1748.3,1749.13,1742.37,1745.9,610680.0
1686571200,1745.9,1747.42,1742.15,1747.34,373021.0
1686574800,1747.35,1747.35,1736.1,1739.91,978101.0
1686578400,1739.9,1744.63,1728.37,1738.36,1036852.0
1686582000,1738.43,1738.64,1730.41,1732.55,964104.0
1686585600,1732.4,1739.97,1726.35,1736.72,942129.0
1686589200,1736.72,1747.98,1720.0,1736.36,2301121.0
1686592800,1736.52,1738.58,1730.34,1737.21,377970.0
1686596400,1737.21,1737.64,1728.0,1733.42,419814.0
1686600000,1733.43,1739.76,1730.65,1739.24,237775.0
1686603600,1739.25,1744.96,1738.05,1743.4,284401.0
1686607200,1743.4,1746.5,1740.54,1742.8,334290.0
1686610800,1742.88,1744.58,1740.29,1742.55,229212.0
1686614400,1742.56,1750.72,1729.0,1732.93,1211801.0
1686618000,1732.92,1748.33,1728.09,1740.87,963660.0
1686621600,1740.88,1756.77,1737.59,1753.37,1591011.0
1686625200,1753.47,1754.4,1744.81,1747.23,664551.0
1686628800,1747.24,1748.45,1741.0,1747.79,525053.0
1686632400,1747.8,1752.38,1746.59,1749.22,460942.0
1686636000,1749.23,1753.33,1746.99,1748.71,381068.0
1686639600,1748.71,1752.5,1747.66,1747.91,291205.0
1686643200,1747.91,1759.8,1746.45,1753.2,1149390.0
1686646800,1753.21,1755.57,1747.41,1749.7,582876.0
1686650400,1749.7,1751.8,1747.53,1751.0,268051.0
1686654000,1751.0,1755.64,1746.58,1754.07,876153.0
1686657600,1754.07,1767.0,1729.0,1742.51,5212130.0
1686661200,1742.51,1746.64,1736.67,1739.01,1373701.0
1686664800,1739.01,1741.73,1731.4,1740.3,987645.0
1686668400,1740.43,1740.44,1724.01,1730.85,1772020.0
1686672000,1730.85,1739.8,1729.48,1738.59,764975.0
1686675600,1738.59,1740.87,1734.01,1737.16,327573.0
1686679200,1737.16,1751.5,1735.12,1741.1,1118176.0
1686682800,1741.11,1744.83,1738.8,1740.29,197004.0
1686686400,1740.3,1744.8,1736.15,1738.47,280888.0
1686690000,1738.47,1740.89,1736.1,1739.1,114493.0
1686693600,1739.1,1740.98,1733.67,1735.05,230296.0
1686697200,1735.04,1740.79,1735.04,1740.49,196868.0
1686700800,1740.41,1746.0,1738.6,1744.45,552164.0
1686704400,1744.49,1747.5,1741.54,1747.26,371722.0
1686708000,1747.27,1748.48,1744.2,1746.81,323117.0
1686711600,1746.82,1747.62,1743.84,1746.22,252396.0
1686715200,1746.21,1747.36,1741.5,1742.61,314173.0
1686718800,1742.6,1743.05,1737.0,1738.48,471423.0
1686722400,1738.71,1741.68,1737.75,1741.03,257654.0
1686726000,1741.03,1742.62,1738.67,1741.37,216877.0
1686729600,1741.37,1746.5,1740.79,1743.99,400624.0
1686733200,1743.99,1747.31,1742.98,1745.14,324259.0
1686736800,1745.15,1747.29,1743.55,1747.0,296227.0
1686740400,1747.0,1750.38,1745.01,1745.91,534790.0
1686744000,1745.9,1749.3,1743.56,1745.63,543889.0
1686747600,1745.63,1746.0,1737.04,1741.7,770403.0
1686751200,1741.7,1744.16,1739.5,1742.18,309011.0
1686754800,1742.1,1744.82,1737.52,1741.3,446444.0
1686758400,1741.3,1743.52,1738.35,1738.66,420745.0
1686762000,1738.66,1746.07,1730.96,1743.73,1417008.0
1686765600,1743.73,1748.75,1721.0,1734.11,3239043.0
1686769200,1734.11,1739.93,1727.2,1728.63,962505.0
1686772800,1728.61,1729.42,1623.19,1638.26,10648897.0
1686776400,1638.27,1655.97,1630.81,1654.25,1985661.0
1686780000,1654.27,1655.77,1646.47,1650.0,919289.0
1686783600,1650.0,1653.35,1645.79,1650.88,580002.0
1686787200,1650.89,1655.55,1648.8,1655.07,602311.0
1686790800,1655.07,1655.46,1643.02,1649.08,754349.0
1686794400,1649.08,1653.75,1648.78,1649.92,424167.0
1686798000,1649.92,1653.06,1648.37,1651.59,356696.0
1686801600,1651.6,1653.0,1645.15,1650.4,583259.0
1686805200,1650.43,1651.26,1642.69,1647.84,934601.0
1686808800,1647.84,1649.25,1634.18,1637.55,1447998.0
1686812400,1637.56,1643.95,1632.15,1640.32,1275688.0
1686816000,1640.31,1644.49,1639.2,1639.74,518639.0
1686819600,1639.74,1641.22,1625.77,1637.0,1614314.0
1686823200,1637.0,1642.0,1633.72,1636.35,852596.0
1686826800,1636.35,1645.67,1631.5,1642.99,1540907.0
1686830400,1642.99,1644.39,1635.72,1640.94,906414.0
1686834000,1640.94,1651.88,1638.46,1647.72,1648191.0
1686837600,1647.72,1648.85,1642.1,1644.21,708869.0
1686841200,1644.22,1646.5,1641.5,1642.4,652302.0
1686844800,1642.4,1643.96,1639.0,1641.64,583011.0
1686848400,1641.64,1651.99,1633.76,1650.2,1092690.0
1686852000,1650.19,1669.48,1647.14,1669.25,2318497.0
1686855600,1669.26,1672.0,1662.6,1668.64,1542227.0
1686859200,1668.65,1670.73,1654.2,1670.0,1322017.0
1686862800,1670.01,1681.46,1666.01,1666.52,1932334.0
1686866400,1666.5,1668.41,1664.0,1665.0,429656.0
1686870000,1665.0,1667.45,1662.3,1666.41,331889.0
1686873600,1666.4,1666.41,1660.5,1661.66,455537.0
1686877200,1661.67,1666.58,1659.48,1662.88,415827.0
1686880800,1662.88,1665.99,1661.6,1665.51,252039.0
1686884400,1665.52,1669.4,1664.18,1666.4,455451.0
1686888000,1666.4,1674.0,1665.99,1667.66,854772.0
1686891600,1667.66,1673.72,1667.42,1672.6,464353.0
1686895200,1672.73,1674.66,1671.16,1671.22,439796.0
1686898800,1671.21,1672.74,1669.71,1670.67,339540.0
1686902400,1670.68,1677.0,1670.3,1670.61,762042.0
1686906000,1670.6,1673.37,1670.0,1670.62,242027.0
1686909600,1670.63,1672.0,1668.22,1670.92,268628.0
1686913200,1670.92,1672.07,1663.68,1664.74,812157.0
1686916800,1664.74,1669.67,1664.07,1667.4,441155.0
1686920400,1667.4,1673.83,1663.15,1663.84,821817.0
1686924000,1663.85,1678.0,1648.79,1671.41,2727570.0
1686927600,1671.4,1689.56,1665.11,1682.4,2679990.0
1686931200,1682.4,1690.0,1677.48,1685.84,1972701.0
1686934800,1685.85,1703.98,1684.16,1698.32,2896960.0
1686938400,1698.32,1729.95,1694.39,1717.47,3779272.0
1686942000,1717.48,1722.57,1713.02,1722.41,644574.0
1686945600,1722.42,1728.92,1718.57,1727.2,630098.0
1686949200,1727.2,1728.0,1715.4,1717.0,589641.0
1686952800,1717.0,1719.99,1717.0,1719.51,302099.0
1686956400,1719.52,1720.0,1715.0,1717.4,231868.0
1686960000,1717.4,1720.27,1715.39,1716.14,394057.0
1686963600,1716.13,1718.8,1714.01,1715.36,365188.0
1686967200,1715.36,1722.08,1714.41,1720.73,410987.0
1686970800,1720.74,1721.99,1717.71,1718.72,198595.0
1686974400,1718.73,1726.88,1717.18,1726.34,615101.0
1686978000,1726.35,1778.36,1724.3,1758.73,4679036.0
1686981600,1758.88,1761.79,1747.2,1748.2,1490062.0
1686985200,1748.2,1750.83,1742.26,1744.81,897495.0
1686988800,1744.81,1747.57,1741.46,1744.64,498978.0
1686992400,1744.64,1747.5,1743.45,1743.62,287176.0
1686996000,1743.62,1746.66,1743.16,1744.48,205433.0
1686999600,1744.49,1746.01,1734.46,1738.97,1186372.0
1687003200,1738.98,1741.45,1730.3,1739.88,937693.0
1687006800,1739.88,1742.94,1739.12,1740.07,293398.0
1687010400,1740.07,1740.08,1732.8,1735.37,683965.0
1687014000,1735.37,1736.84,1715.89,1728.14,1885155.0
1687017600,1728.15,1732.83,1724.0,1729.65,642267.0
1687021200,1729.65,1731.0,1721.05,1723.76,563045.0
1687024800,1723.75,1732.41,1722.64,1730.54,474716.0
1687028400,1730.55,1730.56,1726.22,1728.19,160574.0
1687032000,1728.18,1729.83,1722.51,1728.43,333022.0
1687035600,1728.42,1729.56,1726.83,1728.23,131335.0
1687039200,1728.23,1732.91,1728.03,1730.21,168135.0
1687042800,1730.2,1731.52,1727.0,1727.67,153664.0
1687046400,1727.67,1728.46,1720.05,1725.3,692560.0
1687050000,1725.29,1728.83,1724.0,1728.52,244402.0
1687053600,1728.52,1729.63,1725.1,1725.7,188180.0
1687057200,1725.69,1731.0,1724.87,1729.3,267330.0
1687060800,1729.3,1731.36,1728.03,1730.11,217212.0
1687064400,1730.11,1739.39,1727.17,1727.91,834053.0
1687068000,1727.9,1731.66,1722.16,1727.78,597047.0
1687071600,1727.78,1734.8,1727.78,1730.05,441299.0
1687075200,1730.06,1731.38,1726.01,1728.47,272019.0
1687078800,1728.47,1733.97,1726.79,1733.26,329113.0
1687082400,1733.27,1734.26,1729.58,1731.88,268245.0
1687086000,1731.88,1735.7,1730.37,1734.27,228552.0
1687089600,1734.28,1738.66,1730.01,1735.99,585565.0
1687093200,1736.0,1740.59,1732.54,1733.05,564190.0
1687096800,1733.06,1742.53,1731.42,1740.7,662246.0
1687100400,1740.7,1742.27,1735.77,1738.23,414209.0
1687104000,1738.23,1744.9,1736.04,1744.64,675314.0
1687107600,1744.64,1748.3,1741.41,1745.52,582769.0
1687111200,1745.53,1746.15,1738.2,1740.62,389843.0
1687114800,1740.62,1742.53,1738.6,1741.62,91655.0
1687118400,1741.61,1744.14,1721.14,1729.93,1395939.0
1687122000,1729.94,1730.96,1723.2,1725.27,292305.0
1687125600,1725.27,1728.99,1723.0,1723.02,305398.0
1687129200,1723.01,1725.77,1712.8,1721.37,1443226.0
1687132800,1721.37,1726.66,1714.0,1723.01,861504.0
1687136400,1723.01,1728.0,1721.58,1725.32,391855.0
1687140000,1725.32,1728.42,1725.03,1727.1,240467.0
1687143600,1727.1,1727.78,1721.35,1723.34,296398.0
1687147200,1723.33,1726.99,1720.01,1724.8,435407.0
1687150800,1724.8,1727.9,1723.9,1727.27,242225.0
1687154400,1727.27,1727.86,1723.96,1724.78,160717.0
1687158000,1724.79,1726.25,1722.62,1724.61,191280.0
1687161600,1724.61,1725.86,1721.2,1723.15,296648.0
1687165200,1723.15,1724.52,1720.24,1724.21,248219.0
1687168800,1724.2,1727.26,1720.7,1721.72,354572.0
1687172400,1721.64,1726.8,1721.0,1725.69,292943.0
1687176000,1725.69,1734.76,1724.94,1730.79,874151.0
1687179600,1730.79,1733.87,1727.8,1728.31,461443.0
1687183200,1728.32,1729.28,1715.44,1720.9,1479571.0
1687186800,1720.89,1722.94,1716.03,1721.77,617281.0
1687190400,1721.77,1721.78,1696.54,1717.8,2690097.0
1687194000,1717.8,1734.17,1716.27,1729.85,1729513.0
1687197600,1729.85,1752.67,1710.55,1712.0,4119747.0
1687201200,1711.99,1727.09,1702.61,1724.23,1653415.0
1687204800,1724.23,1737.0,1722.5,1730.36,869828.0
1687208400,1730.43,1732.8,1725.0,1732.8,286955.0
1687212000,1732.8,1737.69,1730.84,1733.09,413122.0
1687215600,1733.08,1737.88,1733.08,1736.82,301525.0
1687219200,1736.82,1746.0,1734.54,1742.35,947897.0
1687222800,1742.13,1749.55,1733.0,1734.17,1373554.0
1687226400,1734.18,1737.43,1732.0,1735.75,369782.0
1687230000,1735.74,1737.52,1730.29,1731.05,365034.0
1687233600,1731.18,1733.54,1729.02,1731.6,349976.0
1687237200,1731.58,1734.83,1728.2,1728.92,523284.0
1687240800,1728.93,1730.47,1723.38,1729.4,739896.0
1687244400,1729.39,1730.64,1727.63,1730.39,245832.0
1687248000,1730.4,1730.4,1724.36,1725.97,456545.0
1687251600,1725.96,1731.81,1724.03,1728.75,481342.0
1687255200,1728.75,1733.0,1727.54,1729.88,319362.0
1687258800,1729.88,1734.77,1727.97,1734.35,360533.0
1687262400,1734.35,1739.0,1730.38,1731.38,736444.0
1687266000,1731.38,1733.0,1720.0,1723.25,979417.0
1687269600,1723.25,1725.29,1714.76,1720.17,1683525.0
1687273200,1720.17,1736.52,1718.41,1732.2,1281753.0
1687276800,1732.2,1747.99,1728.0,1744.98,2922118.0
1687280400,1744.86,1780.0,1744.85,1768.81,4916608.0
1687284000,1768.81,1794.6,1768.81,1782.6,3910124.0
1687287600,1782.6,1784.97,1769.24,1781.96,1565457.0
1687291200,1781.96,1790.89,1777.33,1785.0,1158798.0
1687294800,1785.0,1787.32,1773.29,1776.85,798332.0
1687298400,1776.85,1787.38,1776.2,1784.85,429521.0
1687302000,1784.85,1798.0,1784.27,1791.74,1033283.0
1687305600,1791.74,1808.29,1787.02,1799.32,2154061.0
1687309200,1799.33,1829.72,1799.32,1809.26,3691918.0
1687312800,1809.26,1812.92,1805.65,1811.07,657894.0
1687316400,1811.07,1812.99,1807.31,1811.54,399978.0
1687320000,1811.55,1819.39,1808.0,1816.33,854344.0
1687323600,1816.26,1823.09,1813.01,1821.75,941894.0
1687327200,1821.79,1824.0,1809.0,1813.05,797070.0
1687330800,1813.05,1814.76,1810.83,1813.24,353809.0
1687334400,1813.24,1813.25,1807.0,1809.47,544789.0
1687338000,1809.47,1815.98,1809.02,1813.01,419036.0
1687341600,1813.02,1822.98,1808.35,1811.98,1368120.0
1687345200,1811.98,1837.0,1811.57,1829.03,2011286.0
1687348800,1829.02,1839.96,1815.32,1815.74,2322867.0
1687352400,1815.75,1839.88,1814.3,1833.42,1987751.0
1687356000,1833.42,1849.31,1818.54,1843.79,3417305.0
1687359600,1843.8,1859.36,1839.37,1849.81,3147335.0
1687363200,1849.98,1901.59,1846.7,1870.98,7104981.0
1687366800,1870.99,1879.5,1856.1,1872.5,2495861.0
1687370400,1872.5,1882.34,1870.87,1876.33,1023565.0
1687374000,1876.33,1884.0,1867.31,1882.58,876775.0
1687377600,1882.58,1888.8,1874.0,1880.41,751587.0
1687381200,1880.41,1886.75,1872.63,1875.79,677803.0
1687384800,1875.8,1896.0,1874.54,1893.79,699174.0
1687388400,1893.79,1903.17,1888.99,1889.2,946587.0
1687392000,1889.2,1922.0,1883.39,1916.08,2301206.0
1687395600,1916.08,1926.59,1909.82,1912.44,1257454.0
1687399200,1912.5,1933.96,1909.05,1930.12,1681673.0
1687402800,1930.11,1930.84,1916.1,1918.94,734991.0
1687406400,1918.94,1919.8,1912.81,1919.59,573564.0
1687410000,1919.6,1919.6,1907.69,1911.7,630161.0
1687413600,1911.75,1912.32,1902.51,1909.95,729825.0
1687417200,1909.95,1912.22,1906.3,1911.01,385806.0
1687420800,1911.01,1912.14,1904.23,1908.69,368304.0
1687424400,1908.69,1912.99,1905.88,1907.67,390905.0
1687428000,1907.66,1912.12,1905.5,1906.48,345290.0
1687431600,1906.47,1907.37,1881.31,1887.26,2966616.0
1687435200,1887.26,1899.0,1885.83,1897.68,693396.0
1687438800,1897.68,1910.0,1895.26,1898.99,1272957.0
1687442400,1898.99,1902.73,1866.03,1872.41,3222004.0
1687446000,1872.41,1879.99,1870.28,1877.66,1067144.0
1687449600,1877.66,1893.0,1874.94,1880.1,1364266.0
1687453200,1880.1,1890.43,1877.35,1890.17,637064.0
1687456800,1890.17,1892.82,1879.15,1887.66,694188.0
1687460400,1887.66,1891.75,1883.34,1889.77,331396.0
1687464000,1889.94,1891.7,1880.98,1887.74,395732.0
1687467600,1887.74,1888.98,1876.65,1879.49,439240.0
1687471200,1879.49,1880.77,1868.59,1870.37,605872.0
1687474800,1870.36,1876.94,1866.7,1872.07,467183.0
1687478400,1872.07,1880.55,1871.75,1876.88,478521.0
1687482000,1876.87,1882.0,1875.65,1875.89,404345.0
1687485600,1876.0,1879.58,1862.05,1878.84,988337.0
1687489200,1878.84,1883.66,1877.98,1881.63,348592.0
1687492800,1881.64,1884.09,1879.89,1880.56,314796.0
1687496400,1880.56,1886.8,1880.39,1882.99,309542.0
1687500000,1882.99,1886.36,1876.51,1880.34,417322.0
1687503600,1880.35,1881.86,1875.11,1880.81,434345.0
1687507200,1880.81,1888.61,1878.5,1884.09,550591.0
1687510800,1884.09,1889.53,1879.73,1885.68,476856.0
1687514400,1885.68,1887.22,1874.87,1879.29,663723.0
1687518000,1879.3,1880.84,1877.12,1879.74,261850.0
1687521600,1879.89,1882.8,1867.22,1873.72,1155452.0
1687525200,1873.72,1878.52,1861.11,1872.57,1256544.0
1687528800,1872.57,1887.52,1868.14,1884.33,1277661.0
1687532400,1884.33,1923.6,1881.68,1918.07,5072101.0
1687536000,1918.03,1937.94,1900.2,1914.23,4444397.0
1687539600,1914.29,1925.91,1910.22,1923.78,1449690.0
1687543200,1923.7,1925.37,1903.0,1908.66,1028752.0
1687546800,1908.65,1913.41,1883.73,1900.69,1343423.0
1687550400,1900.67,1908.26,1897.07,1905.6,490336.0
1687554000,1905.57,1906.54,1875.14,1883.6,779227.0
1687557600,1883.6,1890.8,1880.54,1890.64,497203.0
1687561200,1890.64,1893.18,1886.06,1892.65,318332.0
1687564800,1892.65,1892.9,1878.0,1881.68,550594.0
1687568400,1881.66,1890.93,1879.13,1889.44,467363.0
1687572000,1889.45,1897.29,1886.69,1895.86,485953.0
1687575600,1895.86,1897.23,1891.78,1894.0,286068.0
1687579200,1894.0,1898.56,1892.0,1892.94,286553.0
1687582800,1892.99,1896.24,1891.59,1894.17,150612.0
1687586400,1894.18,1894.19,1886.25,1888.87,431541.0
1687590000,1888.87,1889.15,1882.3,1883.26,480337.0
1687593600,1883.26,1889.09,1882.23,1887.6,352808.0
1687597200,1887.6,1889.54,1885.68,1888.94,165196.0
1687600800,1888.98,1892.62,1887.74,1892.28,264283.0
1687604400,1892.28,1892.6,1889.38,1889.88,192691.0
1687608000,1889.88,1906.56,1889.87,1896.16,960459.0
1687611600,1896.02,1898.49,1886.27,1891.99,673064.0
1687615200,1891.99,1894.33,1889.4,1893.63,341809.0
1687618800,1893.63,1894.41,1868.35,1874.0,1965839.0
1687622400,1873.99,1877.67,1867.0,1877.05,893797.0
1687626000,1877.05,1884.65,1876.0,1882.82,515356.0
1687629600,1882.63,1888.55,1882.13,1886.7,352456.0
1687633200,1886.71,1889.21,1885.5,1888.28,215439.0
1687636800,1888.28,1888.28,1874.06,1877.35,445626.0
1687640400,1877.34,1878.46,1864.33,1875.49,646714.0
1687644000,1875.5,1877.5,1871.8,1875.4,230604.0
1687647600,1875.4,1878.88,1872.87,1875.69,366178.0
1687651200,1875.69,1879.71,1868.58,1873.19,493580.0
1687654800,1873.19,1880.4,1869.25,1877.75,543655.0
1687658400,1877.98,1886.5,1876.49,1882.99,512840.0
1687662000,1882.99,1896.77,1882.99,1894.99,742879.0
1687665600,1894.98,1916.95,1894.98,1906.57,1917421.0
1687669200,1906.57,1919.73,1903.7,1911.95,1071180.0
1687672800,1911.95,1931.0,1907.0,1920.43,2179487.0
1687676400,1920.43,1921.21,1907.62,1911.59,1179893.0
1687680000,1911.59,1922.0,1910.04,1916.94,1011146.0
1687683600,1916.95,1921.67,1907.54,1918.5,1009216.0
1687687200,1918.5,1925.0,1913.14,1915.67,842143.0
1687690800,1915.67,1919.27,1910.0,1918.96,643629.0
1687694400,1918.86,1920.75,1909.21,1913.85,612535.0
1687698000,1913.85,1915.07,1897.36,1905.88,1658356.0
1687701600,1905.88,1910.0,1888.28,1890.43,1584211.0
1687705200,1890.42,1891.25,1881.14,1886.78,1368159.0
1687708800,1886.78,1894.2,1884.31,1891.84,919337.0
1687712400,1891.84,1893.7,1885.0,1892.97,426315.0
1687716000,1892.97,1895.05,1881.2,1895.0,693880.0
1687719600,1895.01,1896.0,1884.3,1894.99,331696.0
1687723200,1894.99,1903.0,1888.21,1894.35,591546.0
1687726800,1894.36,1898.31,1893.79,1895.42,194302.0
1687730400,1895.41,1907.5,1892.68,1900.25,419845.0
1687734000,1900.25,1902.46,1897.22,1898.96,244488.0
1687737600,1898.96,1904.85,1887.8,1888.33,819416.0
1687741200,1888.32,1888.6,1865.0,1876.2,2545040.0
1687744800,1876.19,1879.33,1871.1,1878.41,563503.0
1687748400,1878.4,1881.53,1874.47,1880.64,339852.0
1687752000,1880.64,1880.65,1875.18,1877.95,317693.0
1687755600,1877.95,1880.3,1870.22,1877.76,474820.0
1687759200,1877.76,1898.58,1875.5,1896.0,1056134.0
1687762800,1896.01,1905.0,1885.09,1892.53,1868156.0
1687766400,1892.53,1893.96,1886.7,1891.92,451504.0
1687770000,1891.92,1893.64,1882.14,1884.08,600109.0
1687773600,1884.08,1884.08,1872.01,1877.86,1212659.0
1687777200,1877.87,1882.39,1875.36,1881.02,415491.0
1687780800,1881.01,1885.49,1874.39,1885.12,656839.0
1687784400,1885.13,1907.0,1882.77,1905.01,1433698.0
1687788000,1905.02,1909.79,1870.55,1883.47,2917475.0
1687791600,1883.48,1894.3,1880.3,1889.01,978845.0
1687795200,1889.0,1891.0,1845.0,1853.0,3956302.0
1687798800,1853.0,1855.18,1835.23,1846.62,2511939.0
1687802400,1846.63,1854.11,1842.79,1850.61,745731.0
1687806000,1850.62,1857.76,1841.85,1853.96,763480.0
1687809600,1854.03,1858.5,1850.31,1851.49,415674.0
1687813200,1851.48,1856.96,1847.11,1851.1,374357.0
1687816800,1851.1,1860.52,1847.4,1858.99,423502.0
1687820400,1858.99,1860.0,1854.12,1858.61,458729.0
1687824000,1858.61,1864.93,1855.11,1862.19,601051.0
1687827600,1862.18,1868.0,1856.0,1863.99,595327.0
1687831200,1863.99,1876.92,1861.69,1875.68,680999.0
1687834800,1875.69,1879.69,1870.2,1871.92,817322.0
1687838400,1871.92,1874.6,1870.15,1870.26,318043.0
1687842000,1870.26,1871.2,1863.22,1867.72,669367.0
1687845600,1867.72,1869.94,1862.25,1869.64,376939.0
1687849200,1869.65,1879.48,1867.87,1875.59,855241.0
1687852800,1875.59,1881.0,1873.69,1876.12,775952.0
1687856400,1876.13,1878.5,1871.15,1875.5,400901.0
1687860000,1875.5,1890.97,1875.49,1883.0,1765423.0
1687863600,1883.0,1884.8,1875.0,1881.58,838633.0
1687867200,1881.58,1886.71,1878.72,1883.97,633491.0
1687870800,1883.98,1884.66,1875.07,1880.31,866359.0
1687874400,1880.31,1896.58,1872.67,1884.03,2674431.0
1687878000,1884.0,1884.33,1863.0,1871.41,1764021.0
1687881600,1871.42,1911.01,1869.43,1908.85,2930767.0
1687885200,1908.86,1912.79,1893.0,1901.93,1776110.0
1687888800,1901.94,1902.64,1895.45,1897.23,428183.0
1687892400,1897.23,1901.35,1893.68,1894.41,296460.0
1687896000,1894.3,1897.58,1886.21,1893.08,482862.0
1687899600,1893.08,1897.66,1888.99,1896.01,306293.0
1687903200,1896.02,1897.24,1885.84,1885.99,332494.0
1687906800,1885.99,1892.53,1885.0,1890.06,294922.0
1687910400,1890.06,1890.67,1863.7,1875.59,2402549.0
1687914000,1875.59,1879.72,1867.05,1871.29,820301.0
1687917600,1871.28,1873.6,1853.0,1861.3,1391354.0
1687921200,1861.3,1868.27,1859.12,1867.07,552771.0
1687924800,1867.07,1869.4,1863.33,1868.33,339417.0
1687928400,1868.33,1870.51,1862.01,1868.0,421073.0
1687932000,1868.0,1868.0,1860.07,1860.92,705261.0
1687935600,1860.91,1864.7,1847.54,1851.12,2290771.0
1687939200,1851.12,1857.92,1850.2,1857.19,581608.0
1687942800,1857.19,1862.4,1855.23,1860.46,507957.0
1687946400,1860.46,1863.83,1858.86,1863.36,281571.0
1687950000,1863.35,1865.5,1860.49,1860.65,304711.0
1687953600,1860.66,1864.98,1850.0,1852.7,1341002.0
1687957200,1852.71,1859.57,1844.83,1857.45,1742235.0
1687960800,1857.45,1869.48,1853.0,1858.11,1330932.0
1687964400,1858.11,1863.21,1854.62,1859.63,579471.0
1687968000,1859.64,1865.55,1854.29,1855.1,866821.0
1687971600,1855.1,1856.82,1842.05,1848.68,1836527.0
1687975200,1848.69,1852.83,1846.32,1847.45,350179.0
1687978800,1847.46,1850.9,1815.49,1832.36,3325364.0
1687982400,1832.35,1835.27,1824.54,1831.25,1012595.0
1687986000,1831.24,1834.91,1825.3,1830.12,420016.0
1687989600,1830.12,1833.97,1826.1,1828.07,335332.0
1687993200,1828.07,1837.55,1827.56,1828.69,568614.0
1687996800,1828.69,1836.38,1828.25,1833.02,496935.0
1688000400,1833.02,1843.74,1832.24,1836.01,744868.0
1688004000,1836.0,1837.84,1831.3,1832.8,410959.0
1688007600,1832.81,1838.53,1831.44,1838.29,288746.0
1688011200,1838.3,1841.27,1836.7,1839.87,293125.0
1688014800,1839.87,1844.59,1837.76,1838.0,416830.0
1688018400,1838.05,1840.25,1836.94,1838.18,196150.0
1688022000,1838.18,1851.52,1837.46,1846.88,1114559.0
1688025600,1846.88,1850.96,1846.44,1848.9,508968.0
1688029200,1848.93,1860.36,1848.05,1858.0,1149542.0
1688032800,1858.0,1870.0,1854.0,1868.33,2029975.0
1688036400,1868.34,1873.58,1864.32,1869.79,1343054.0
1688040000,1869.79,1874.53,1865.02,1865.78,866386.0
1688043600,1865.81,1882.0,1852.26,1858.0,2315134.0
1688047200,1857.99,1862.86,1846.64,1849.94,1510338.0
1688050800,1849.94,1855.23,1847.77,1852.18,657613.0
1688054400,1852.17,1857.56,1849.4,1851.06,498879.0
1688058000,1851.06,1860.97,1841.13,1850.7,1386671.0
1688061600,1850.71,1857.74,1847.52,1856.21,304668.0
1688065200,1856.22,1858.77,1850.47,1857.56,355302.0
1688068800,1857.56,1859.87,1842.33,1849.51,700181.0
1688072400,1849.51,1853.34,1846.61,1851.5,195409.0
1688076000,1851.5,1855.44,1850.52,1852.03,159654.0
1688079600,1852.04,1857.02,1849.22,1852.21,325305.0
1688083200,1852.24,1857.41,1847.51,1849.83,549034.0
1688086800,1849.74,1849.74,1841.22,1845.2,634873.0
1688090400,1845.2,1868.79,1843.99,1861.2,1738288.0
1688094000,1861.2,1879.49,1860.44,1873.55,1530304.0
1688097600,1873.56,1908.79,1869.07,1887.91,3695749.0
1688101200,1887.9,1896.81,1877.1,1882.19,2368068.0
1688104800,1882.2,1884.07,1873.54,1875.22,1070621.0
1688108400,1875.21,1890.83,1874.2,1887.42,1023812.0
1688112000,1887.43,1892.95,1884.68,1889.25,770707.0
1688115600,1889.25,1891.17,1883.0,1885.65,698360.0
1688119200,1885.65,1895.39,1885.0,1892.0,786839.0
1688122800,1892.0,1893.46,1886.01,1891.16,476423.0
1688126400,1891.16,1914.96,1888.0,1907.16,2358533.0
1688130000,1907.16,1909.24,1822.48,1855.03,9442157.0
1688133600,1855.04,1861.67,1842.58,1845.61,3048570.0
1688137200,1845.61,1854.5,1844.1,1852.48,871752.0
1688140800,1852.47,1906.11,1849.12,1898.64,4208188.0
1688144400,1898.64,1948.0,1898.63,1932.19,6144811.0
1688148000,1932.19,1943.66,1914.05,1924.68,2676806.0
1688151600,1924.68,1931.96,1917.77,1927.07,889029.0
1688155200,1927.0,1932.96,1922.59,1927.8,574858.0
1688158800,1927.8,1934.43,1918.43,1932.17,589819.0
1688162400,1932.24,1940.94,1931.14,1935.03,466157.0
1688166000,1935.03,1944.66,1931.24,1933.91,542059.0
1688169600,1933.99,1945.0,1930.11,1934.5,798845.0
1688173200,1934.49,1936.53,1924.14,1929.09,819269.0
1688176800,1929.08,1930.39,1920.73,1921.02,624154.0
1688180400,1921.02,1923.17,1917.58,1920.66,557311.0
1688184000,1920.66,1921.51,1909.09,1915.98,1088087.0
1688187600,1915.98,1919.33,1915.0,1919.19,338738.0
1688191200,1919.19,1922.98,1915.0,1921.35,502861.0
1688194800,1921.34,1921.44,1912.54,1920.19,516445.0
1688198400,1920.25,1920.46,1911.55,1915.78,595675.0
1688202000,1915.78,1920.7,1913.72,1916.81,453339.0
1688205600,1916.81,1926.66,1915.94,1922.35,913326.0
1688209200,1922.36,1926.99,1920.73,1922.3,476378.0
1688212800,1922.29,1927.98,1921.61,1927.03,526331.0
1688216400,1927.03,1929.95,1922.36,1923.13,480472.0
1688220000,1923.13,1926.03,1921.0,1922.82,359133.0
1688223600,1922.82,1924.96,1916.71,1922.72,460573.0
1688227200,1922.72,1923.72,1916.55,1919.61,466462.0
1688230800,1919.61,1921.73,1916.5,1918.46,293011.0
1688234400,1918.46,1921.49,1918.31,1921.18,185110.0
1688238000,1921.17,1924.5,1921.17,1922.7,176531.0
1688241600,1922.69,1924.13,1921.59,1922.88,75407.0
1688245200,1922.88,1923.76,1921.43,1922.99,69597.0
1688248800,1922.98,1928.01,1920.76,1923.08,270500.0
1688252400,1923.08,1925.5,1920.76,1924.42,120986.0
1688256000,1924.42,1926.97,1917.0,1921.06,429455.0
1688259600,1921.05,1923.94,1918.28,1920.17,275981.0
1688263200,1920.18,1923.66,1911.35,1919.37,564869.0
1688266800,1919.37,1919.38,1912.0,1914.74,508254.0
1688270400,1914.74,1916.81,1910.0,1914.04,427887.0
1688274000,1914.04,1916.8,1912.26,1914.16,354803.0
1688277600,1914.11,1917.3,1913.0,1914.06,286537.0
1688281200,1914.05,1917.06,1913.02,1915.1,244112.0
1688284800,1915.1,1918.88,1912.0,1912.29,405327.0
1688288400,1912.28,1920.0,1912.0,1918.0,385235.0
1688292000,1918.0,1919.88,1915.26,1917.09,361326.0
1688295600,1917.09,1922.99,1916.27,1920.29,316580.0
1688299200,1920.28,1921.39,1916.4,1917.57,267958.0
1688302800,1917.57,1918.3,1913.14,1915.48,298090.0
1688306400,1915.48,1928.18,1914.96,1925.56,819753.0
1688310000,1925.57,1927.68,1885.0,1918.36,4194038.0
1688313600,1918.36,1924.53,1915.65,1917.73,1018322.0
1688317200,1917.72,1918.18,1905.0,1907.44,1037036.0
1688320800,1907.43,1912.41,1902.06,1912.31,678038.0
1688324400,1912.37,1914.97,1910.95,1914.43,147727.0
1688328000,1914.43,1921.11,1911.45,1918.6,279325.0
1688331600,1918.6,1925.88,1918.01,1921.49,417426.0
1688335200,1921.5,1964.87,1912.04,1942.51,4238182.0
1688338800,1942.58,1945.0,1931.08,1937.99,878912.0
1688342400,1937.99,1942.25,1933.57,1935.09,560912.0
1688346000,1935.08,1950.53,1934.8,1944.79,848667.0
1688349600,1944.8,1953.98,1944.79,1949.21,673237.0
1688353200,1949.2,1951.04,1947.42,1948.54,285305.0
1688356800,1948.53,1952.93,1941.12,1948.45,848295.0
1688360400,1948.45,1949.68,1944.67,1945.6,276309.0
1688364000,1945.6,1948.47,1942.0,1947.67,406570.0
1688367600,1947.67,1974.98,1947.42,1967.39,2688608.0
1688371200,1967.39,1978.0,1959.02,1960.4,1682371.0
1688374800,1960.4,1963.97,1955.05,1955.97,505617.0
1688378400,1955.98,1963.29,1954.77,1962.52,530027.0
1688382000,1962.53,1967.51,1961.17,1962.0,429066.0
1688385600,1962.0,1967.71,1954.18,1966.64,1121650.0
1688389200,1966.65,1972.0,1962.0,1964.47,933011.0
1688392800,1964.48,1967.4,1958.03,1960.85,702201.0
1688396400,1960.84,1977.0,1960.29,1968.39,1955727.0
1688400000,1968.4,1970.7,1953.12,1963.78,1476340.0
1688403600,1963.89,1966.82,1959.05,1964.39,436834.0
1688407200,1964.22,1972.0,1959.55,1970.62,613505.0
1688410800,1970.62,1975.51,1964.1,1967.63,886547.0
1688414400,1967.72,1968.48,1955.45,1958.56,574361.0
1688418000,1958.56,1959.68,1945.96,1957.67,680685.0
1688421600,1957.6,1959.1,1953.0,1955.57,259016.0
1688425200,1955.43,1956.12,1950.5,1955.7,300555.0
1688428800,1955.69,1958.31,1951.0,1951.94,401041.0
1688432400,1951.84,1959.86,1950.68,1954.5,671683.0
1688436000,1954.43,1957.22,1953.01,1956.85,261569.0
1688439600,1956.85,1967.65,1955.0,1962.87,634592.0
1688443200,1962.87,1963.0,1948.54,1953.79,722850.0
1688446800,1953.79,1954.85,1951.45,1952.53,286584.0
1688450400,1952.53,1957.3,1946.56,1953.88,619495.0
1688454000,1953.89,1955.4,1948.04,1948.7,265742.0
1688457600,1948.67,1952.54,1948.26,1950.75,248978.0
1688461200,1950.74,1954.9,1946.44,1954.8,468732.0
1688464800,1954.79,1960.32,1953.91,1957.93,572696.0
1688468400,1957.93,1962.0,1955.5,1960.7,460465.0
1688472000,1960.71,1961.52,1953.7,1957.19,457555.0
1688475600,1957.19,1958.5,1952.6,1955.91,373425.0
1688479200,1955.9,1960.27,1954.63,1956.76,382564.0
1688482800,1956.76,1959.8,1950.53,1954.7,494691.0
1688486400,1954.7,1966.51,1950.55,1955.99,1165036.0
1688490000,1955.99,1958.37,1948.04,1950.23,848870.0
1688493600,1950.21,1953.43,1945.94,1950.07,604254.0
1688497200,1950.07,1950.83,1931.39,1934.71,1954462.0
1688500800,1934.7,1942.84,1932.37,1942.35,487301.0
1688504400,1942.35,1942.76,1938.0,1942.3,192099.0
1688508000,1942.3,1942.77,1938.76,1942.2,154735.0
1688511600,1942.19,1942.2,1935.44,1936.69,334327.0
1688515200,1936.69,1942.48,1934.44,1935.11,419842.0
1688518800,1935.12,1942.0,1933.91,1938.19,439099.0
1688522400,1938.19,1942.0,1937.46,1941.93,223843.0
1688526000,1941.93,1942.4,1938.67,1941.32,210139.0
1688529600,1941.32,1941.9,1936.21,1937.14,336150.0
1688533200,1937.14,1938.95,1933.0,1934.49,497757.0
1688536800,1934.49,1937.5,1933.69,1937.34,339204.0
1688540400,1937.33,1938.59,1935.0,1936.47,207273.0
1688544000,1936.46,1936.99,1915.0,1929.31,2363907.0
1688547600,1929.32,1931.58,1921.73,1922.24,899632.0
1688551200,1922.24,1926.3,1905.0,1910.84,2900371.0
1688554800,1910.66,1917.59,1907.63,1910.71,819592.0
1688558400,1910.7,1914.63,1897.6,1902.09,1665783.0
1688562000,1902.09,1906.86,1893.67,1903.08,1658659.0
1688565600,1903.07,1911.82,1902.03,1910.68,779931.0
1688569200,1910.68,1911.2,1895.0,1902.79,1048476.0
1688572800,1902.78,1910.0,1901.22,1908.6,512531.0
1688576400,1908.61,1916.41,1907.58,1912.04,718330.0
1688580000,1911.93,1917.99,1906.34,1910.1,517777.0
1688583600,1910.1,1913.42,1907.14,1907.79,268507.0
1688587200,1907.8,1911.43,1903.8,1909.84,181306.0
1688590800,1910.12,1913.82,1908.29,1911.33,143357.0
1688594400,1911.33,1916.05,1906.64,1908.9,330924.0
1688598000,1908.94,1915.67,1906.73,1910.26,442697.0
1688601600,1910.25,1913.0,1902.04,1904.87,566272.0
1688605200,1904.88,1908.9,1898.18,1908.57,539763.0
1688608800,1908.58,1916.0,1908.5,1911.22,711554.0
1688612400,1911.23,1914.92,1911.23,1913.39,221209.0
1688616000,1913.4,1916.8,1910.06,1911.22,500483.0
1688619600,1911.22,1924.98,1909.56,1921.81,1098621.0
1688623200,1921.82,1927.08,1919.26,1923.52,801464.0
1688626800,1923.53,1929.92,1922.8,1924.73,807874.0
1688630400,1924.73,1951.37,1924.02,1949.61,2615268.0
1688634000,1949.62,1957.97,1938.06,1941.51,2647204.0
1688637600,1941.52,1945.69,1938.0,1943.81,757909.0
1688641200,1943.81,1944.76,1910.6,1917.73,2421991.0
1688644800,1917.73,1918.91,1890.04,1901.4,3692767.0
1688648400,1901.39,1907.78,1886.2,1892.99,1801087.0
1688652000,1892.98,1897.52,1865.0,1880.98,5045197.0
1688655600,1880.97,1892.67,1873.83,1888.37,1536574.0
1688659200,1888.36,1890.09,1878.42,1886.84,1125228.0
1688662800,1886.83,1889.55,1882.58,1887.52,313430.0
1688666400,1887.55,1894.5,1884.7,1893.62,472820.0
1688670000,1893.63,1893.63,1884.22,1885.62,267841.0
1688673600,1885.61,1888.0,1880.01,1884.01,256517.0
1688677200,1884.03,1887.7,1871.05,1876.27,550790.0
1688680800,1876.27,1876.39,1862.3,1868.64,765059.0
1688684400,1868.63,1868.64,1845.59,1845.87,2489113.0
1688688000,1845.86,1849.71,1825.0,1845.64,3621668.0
1688691600,1845.63,1854.06,1843.02,1852.29,588009.0
1688695200,1852.28,1855.76,1850.5,1854.01,387971.0
1688698800,1854.0,1859.72,1853.34,1857.55,448529.0
1688702400,1857.55,1858.5,1852.62,1854.1,381466.0
1688706000,1854.1,1863.82,1851.31,1858.05,747388.0
1688709600,1858.05,1859.3,1853.15,1855.09,408663.0
1688713200,1855.1,1858.46,1851.83,1855.82,454140.0
1688716800,1855.82,1862.43,1853.35,1855.92,482239.0
1688720400,1855.92,1865.75,1855.75,1861.29,492945.0
1688724000,1861.29,1863.83,1858.84,1863.82,263391.0
1688727600,1863.82,1864.75,1859.52,1860.06,344029.0
1688731200,1860.07,1873.99,1850.59,1862.75,2695766.0
1688734800,1862.75,1874.71,1860.45,1873.13,964034.0
1688738400,1873.13,1878.6,1866.3,1875.0,1318206.0
1688742000,1875.0,1875.74,1868.1,1872.4,464593.0
1688745600,1872.4,1875.38,1869.23,1872.94,411721.0
1688749200,1872.93,1873.73,1863.63,1867.04,487318.0
1688752800,1867.04,1867.87,1854.97,1859.88,715443.0
1688756400,1859.88,1864.33,1857.3,1864.23,315713.0
1688760000,1864.22,1866.97,1863.12,1865.5,166609.0
1688763600,1865.5,1872.88,1865.49,1869.07,249067.0
1688767200,1869.08,1871.0,1865.81,1867.67,199941.0
1688770800,1867.68,1871.53,1867.39,1871.53,143394.0
1688774400,1871.54,1872.0,1867.82,1871.53,241972.0
1688778000,1871.53,1873.74,1867.61,1868.49,237326.0
1688781600,1868.5,1871.44,1867.08,1869.7,321898.0
1688785200,1869.61,1869.7,1862.08,1864.24,401806.0
1688788800,1864.24,1864.24,1860.58,1861.05,345592.0
1688792400,1861.05,1863.84,1858.42,1862.91,427106.0
1688796000,1862.92,1863.67,1855.06,1857.54,516604.0
1688799600,1857.53,1862.0,1857.01,1861.8,185675.0
1688803200,1861.8,1866.63,1861.55,1865.62,352816.0
1688806800,1865.61,1867.65,1861.0,1863.49,395753.0
1688810400,1863.49,1864.78,1861.7,1862.47,175687.0
1688814000,1862.47,1862.48,1857.16,1859.54,469342.0
1688817600,1859.54,1859.89,1856.01,1856.4,332054.0
1688821200,1856.4,1861.42,1856.21,1859.78,231818.0
1688824800,1859.77,1861.52,1858.24,1861.35,174416.0
1688828400,1861.35,1861.97,1858.78,1859.48,147147.0
1688832000,1859.47,1866.77,1859.28,1862.87,396707.0
1688835600,1862.86,1863.9,1860.34,1862.27,294466.0
1688839200,1862.27,1862.28,1858.2,1859.41,214493.0
1688842800,1859.41,1859.92,1843.15,1846.99,1122392.0
1688846400,1846.99,1849.26,1842.01,1849.15,396367.0
1688850000,1849.14,1856.69,1846.45,1856.69,293995.0
1688853600,1856.69,1861.62,1854.97,1861.12,304337.0
1688857200,1861.12,1866.67,1861.07,1865.26,348407.0
1688860800,1865.25,1871.0,1862.69,1866.17,592060.0
1688864400,1866.17,1874.81,1866.17,1868.14,938006.0
1688868000,1868.14,1872.52,1864.44,1867.39,447245.0
1688871600,1867.39,1871.74,1866.02,1867.51,240825.0
1688875200,1867.52,1870.42,1866.8,1869.32,205652.0
1688878800,1869.33,1870.58,1867.0,1867.23,172420.0
1688882400,1867.24,1869.07,1865.15,1866.62,361786.0
1688886000,1866.71,1868.41,1863.54,1866.99,263971.0
1688889600,1866.99,1868.91,1866.65,1868.21,158773.0
1688893200,1868.2,1868.8,1864.29,1867.32,153627.0
1688896800,1867.32,1869.4,1866.54,1866.55,122889.0
1688900400,1866.54,1869.75,1865.27,1869.0,152143.0
1688904000,1869.0,1880.0,1867.72,1875.93,993202.0
1688907600,1875.93,1879.57,1864.61,1866.34,908929.0
1688911200,1866.33,1875.0,1856.04,1867.92,1737169.0
1688914800,1867.92,1870.3,1863.0,1866.17,381080.0
1688918400,1866.16,1867.39,1861.77,1864.23,339424.0
1688922000,1864.23,1868.37,1862.46,1867.91,174546.0
1688925600,1867.9,1868.59,1866.01,1866.24,120494.0
1688929200,1866.24,1868.87,1863.23,1868.44,129784.0
1688932800,1868.45,1871.96,1862.22,1869.04,301873.0
1688936400,1869.04,1872.0,1863.51,1865.69,287238.0
1688940000,1865.69,1868.32,1856.0,1866.58,560382.0
1688943600,1866.58,1866.59,1860.0,1862.8,218878.0
1688947200,1862.8,1863.38,1846.35,1854.2,1724251.0
1688950800,1854.2,1860.5,1851.37,1853.02,486378.0
1688954400,1853.01,1866.0,1852.61,1864.69,551490.0
1688958000,1864.7,1868.1,1861.4,1861.63,482221.0
1688961600,1861.64,1863.15,1859.15,1860.33,222067.0
1688965200,1860.34,1861.99,1853.8,1854.04,457697.0
1688968800,1854.03,1857.43,1852.66,1855.51,512449.0
1688972400,1855.51,1859.43,1853.91,1856.35,311501.0
1688976000,1856.34,1857.0,1848.83,1856.37,511987.0
1688979600,1856.36,1865.96,1853.51,1860.44,1006212.0
1688983200,1860.44,1865.47,1860.39,1862.89,275910.0
1688986800,1862.9,1865.5,1861.61,1864.31,236705.0
1688990400,1864.31,1868.07,1859.94,1861.84,573595.0
1688994000,1861.83,1869.99,1861.22,1863.5,653772.0
1688997600,1863.5,1874.3,1862.73,1869.84,837751.0
1689001200,1869.84,1873.87,1866.45,1870.68,643339.0
1689004800,1870.69,1874.3,1865.04,1872.26,692919.0
1689008400,1872.25,1873.55,1867.66,1868.35,326676.0
1689012000,1868.35,1891.1,1867.92,1888.08,1756965.0
1689015600,1888.08,1901.82,1887.2,1899.88,1519389.0
1689019200,1899.88,1906.0,1890.68,1892.24,1368930.0
1689022800,1892.18,1894.0,1875.71,1875.83,949748.0
1689026400,1875.82,1879.79,1866.84,1876.5,1167361.0
1689030000,1876.49,1883.63,1876.49,1880.6,537004.0
1689033600,1880.61,1884.97,1875.21,1878.74,718363.0
1689037200,1878.71,1885.0,1878.01,1883.17,327257.0
1689040800,1883.17,1884.2,1876.58,1878.08,465141.0
1689044400,1878.07,1880.73,1875.75,1880.0,287711.0
1689048000,1880.01,1880.81,1876.72,1877.05,235364.0
1689051600,1877.05,1879.0,1876.82,1878.46,134644.0
1689055200,1878.46,1892.71,1878.0,1886.17,1137044.0
1689058800,1886.17,1886.8,1881.75,1882.88,354120.0
1689062400,1882.87,1884.16,1878.12,1878.39,334942.0
1689066000,1878.38,1879.75,1866.88,1871.63,1596726.0
1689069600,1871.62,1871.63,1864.15,1868.16,738061.0
1689073200,1868.15,1872.43,1867.1,1867.56,412771.0
1689076800,1867.56,1872.81,1864.17,1871.1,725471.0
1689080400,1871.1,1874.24,1864.84,1869.1,682550.0
1689084000,1869.1,1878.0,1862.07,1873.6,1315791.0
1689087600,1873.6,1882.68,1866.11,1871.77,1587722.0
1689091200,1871.78,1876.25,1865.53,1873.07,644457.0
1689094800,1873.06,1876.5,1869.77,1873.01,284168.0
1689098400,1873.01,1873.93,1867.31,1871.43,362254.0
1689102000,1871.43,1875.31,1869.4,1874.59,243931.0
1689105600,1874.6,1877.8,1873.33,1873.75,265078.0
1689109200,1873.8,1876.86,1871.05,1875.62,137457.0
1689112800,1875.63,1879.13,1874.97,1878.83,350769.0
1689116400,1878.83,1880.41,1876.92,1877.99,264771.0
1689120000,1877.99,1880.67,1876.29,1877.23,516247.0
1689123600,1877.24,1889.0,1877.24,1881.92,1161315.0
1689127200,1881.85,1885.62,1881.46,1883.16,359457.0
1689130800,1883.07,1883.55,1879.5,1880.39,250990.0
1689134400,1880.38,1883.51,1878.52,1883.2,309159.0
1689138000,1883.19,1885.8,1882.19,1883.8,360603.0
1689141600,1883.8,1896.0,1881.5,1890.0,1471155.0
1689145200,1890.0,1895.73,1889.12,1890.42,691674.0
1689148800,1890.32,1891.6,1886.66,1889.25,459941.0
1689152400,1889.24,1890.6,1887.5,1889.99,171809.0
1689156000,1889.99,1890.72,1886.71,1887.42,212130.0
1689159600,1887.43,1891.88,1886.65,1891.0,362934.0
1689163200,1890.99,1902.56,1881.23,1887.17,2815161.0
1689166800,1887.18,1894.73,1877.77,1887.41,1896733.0
1689170400,1887.42,1899.88,1887.0,1892.82,1413762.0
1689174000,1892.83,1901.49,1880.12,1883.84,2362553.0
1689177600,1883.84,1886.0,1878.71,1885.61,1261169.0
1689181200,1885.61,1891.42,1884.5,1887.0,803239.0
1689184800,1887.0,1890.8,1885.0,1887.24,277845.0
1689188400,1887.24,1887.24,1866.56,1870.01,1773892.0
1689192000,1870.01,1873.35,1867.0,1873.25,442871.0
1689195600,1873.25,1873.26,1864.0,1872.2,614812.0
1689199200,1872.21,1872.21,1869.22,1871.58,270519.0
1689202800,1871.58,1874.56,1869.43,1872.16,285418.0
1689206400,1872.17,1876.54,1870.58,1871.78,495923.0
1689210000,1871.77,1873.93,1868.05,1873.08,365606.0
1689213600,1873.08,1874.45,1869.0,1870.58,329718.0
1689217200,1870.57,1871.0,1865.82,1867.93,460406.0
1689220800,1867.92,1869.99,1864.5,1866.34,527382.0
1689224400,1866.33,1868.9,1863.0,1868.71,455185.0
1689228000,1868.71,1874.0,1868.19,1872.9,515164.0
1689231600,1872.97,1874.5,1869.75,1870.35,410172.0
1689235200,1870.35,1874.5,1869.63,1873.7,328947.0
1689238800,1873.7,1884.32,1873.59,1882.67,1428496.0
1689242400,1882.67,1884.22,1880.06,1882.44,517416.0
1689246000,1882.45,1885.59,1882.18,1883.87,327796.0
1689249600,1883.88,1885.6,1875.29,1880.34,870967.0
1689253200,1880.34,1888.0,1879.4,1886.64,655743.0
1689256800,1886.65,1887.5,1876.91,1882.41,835631.0
1689260400,1882.41,1944.5,1881.28,1932.47,8087810.0
1689264000,1932.47,1968.2,1930.21,1962.71,6511546.0
1689267600,1962.7,2017.13,1954.82,1989.22,5888652.0
1689271200,1989.21,2015.0,1979.05,1981.74,4348268.0
1689274800,1981.73,2004.98,1981.2,1995.55,2019446.0
1689278400,1995.55,1999.96,1983.01,1984.94,784552.0
1689282000,1984.94,1985.71,1972.33,1983.66,1005510.0
1689285600,1983.66,1993.6,1982.6,1991.64,627715.0
1689289200,1991.64,2010.96,1991.41,2005.19,1072490.0
1689292800,2005.2,2027.0,2002.33,2022.42,2659364.0
1689296400,2022.42,2030.0,2011.48,2013.78,1354307.0
1689300000,2013.78,2017.0,2008.48,2011.65,607747.0
1689303600,2011.65,2018.56,2004.55,2009.61,640514.0
1689307200,2009.61,2012.65,2007.07,2009.45,408333.0
1689310800,2009.45,2010.01,2005.42,2009.0,313848.0
1689314400,2008.99,2009.99,2003.94,2004.82,327472.0
1689318000,2004.83,2007.15,1987.25,1991.36,1477588.0
1689321600,1991.36,2004.0,1989.24,2000.69,816321.0
1689325200,2000.69,2000.8,1993.28,1996.96,500114.0
1689328800,1996.87,1998.1,1985.0,1990.37,951016.0
1689332400,1990.37,1995.0,1987.53,1993.08,438172.0
1689336000,1993.08,1996.12,1987.18,1989.06,440989.0
1689339600,1989.07,2003.8,1985.0,1999.52,1229694.0
1689343200,1999.53,2003.57,1993.7,1998.5,846832.0
1689346800,1998.51,2007.64,1994.53,1998.51,932786.0
1689350400,1998.54,2000.85,1981.55,1991.27,1256573.0
1689354000,1991.27,1991.28,1960.0,1960.95,3509501.0
1689357600,1960.96,1965.79,1911.66,1915.8,6025788.0
1689361200,1915.81,1924.86,1896.27,1912.86,3283292.0
1689364800,1912.86,1918.24,1900.2,1914.2,1136840.0
1689368400,1914.08,1929.72,1913.56,1929.48,787447.0
1689372000,1929.21,1929.6,1923.12,1926.5,387210.0
1689375600,1926.5,1937.95,1926.14,1937.32,487154.0
1689379200,1937.31,1937.51,1929.18,1932.8,440937.0
1689382800,1932.79,1936.4,1926.95,1930.89,344370.0
1689386400,1930.89,1932.97,1928.6,1930.33,206274.0
1689390000,1930.41,1932.11,1926.26,1930.12,342291.0
1689393600,1930.12,1933.09,1929.55,1931.61,203609.0
1689397200,1931.61,1933.0,1926.89,1929.32,236406.0
1689400800,1929.32,1933.75,1926.8,1933.19,282069.0
1689404400,1933.2,1943.0,1932.24,1941.41,822806.0
1689408000,1941.42,1943.8,1936.5,1938.67,450692.0
1689411600,1938.67,1942.35,1938.0,1940.22,186339.0
1689415200,1940.22,1946.86,1940.22,1942.08,450788.0
1689418800,1942.09,1942.45,1937.58,1939.82,306483.0
1689422400,1939.82,1941.28,1938.4,1939.13,161501.0
1689426000,1939.15,1940.11,1931.25,1936.69,527438.0
1689429600,1936.74,1938.29,1932.2,1932.44,284138.0
1689433200,1932.43,1936.5,1927.99,1935.01,437565.0
1689436800,1935.01,1936.48,1930.04,1932.64,483451.0
1689440400,1932.77,1934.0,1929.34,1931.39,167652.0
1689444000,1931.4,1939.71,1931.39,1935.1,316213.0
1689447600,1934.97,1938.02,1933.69,1933.69,166901.0
1689451200,1933.7,1933.7,1930.13,1931.36,133407.0
1689454800,1931.36,1931.36,1926.0,1930.78,228452.0
1689458400,1930.79,1930.79,1926.86,1928.54,124039.0
1689462000,1928.54,1931.34,1927.34,1931.19,168240.0
1689465600,1931.19,1934.0,1930.55,1933.67,208817.0
1689469200,1933.67,1938.0,1933.4,1933.88,289293.0
1689472800,1933.88,1935.0,1913.09,1928.79,1879578.0
1689476400,1928.79,1929.2,1923.0,1923.47,417252.0
1689480000,1923.47,1926.28,1922.0,1925.02,232869.0
1689483600,1925.0,1929.14,1923.9,1925.81,274016.0
1689487200,1925.8,1929.99,1920.56,1927.93,441450.0
1689490800,1927.93,1932.13,1925.2,1925.21,298636.0
1689494400,1925.21,1928.67,1925.21,1928.01,201300.0
1689498000,1928.0,1931.4,1927.85,1929.7,212375.0
1689501600,1929.7,1936.94,1927.7,1928.99,545935.0
1689505200,1929.0,1933.31,1928.36,1932.71,234567.0
1689508800,1932.7,1936.5,1930.11,1930.93,325325.0
1689512400,1930.93,1932.99,1928.28,1930.0,264939.0
1689516000,1929.99,1943.88,1929.99,1939.9,1085206.0
1689519600,1939.9,1941.74,1935.21,1936.79,355859.0
1689523200,1936.8,1937.22,1934.1,1936.08,283480.0
1689526800,1936.08,1939.5,1935.68,1937.39,177770.0
1689530400,1937.39,1938.36,1929.31,1931.01,369023.0
1689534000,1931.02,1933.27,1925.5,1927.96,356775.0
1689537600,1927.96,1931.06,1926.62,1928.69,181014.0
1689541200,1928.69,1931.72,1928.54,1930.16,80423.0
1689544800,1930.16,1937.81,1928.81,1933.74,321035.0
1689548400,1933.75,1934.76,1916.67,1922.46,1120036.0
1689552000,1922.46,1929.49,1916.89,1921.37,838237.0
1689555600,1921.41,1928.9,1918.69,1924.3,449190.0
1689559200,1924.3,1928.53,1923.79,1925.81,193522.0
1689562800,1925.8,1932.5,1925.12,1930.82,343914.0
1689566400,1930.83,1932.93,1928.43,1932.36,338075.0
1689570000,1932.36,1936.13,1930.2,1930.34,421147.0
1689573600,1930.33,1932.47,1926.1,1930.55,431320.0
1689577200,1930.55,1932.51,1928.51,1928.87,271890.0
1689580800,1928.87,1931.51,1924.56,1925.08,452790.0
1689584400,1925.08,1927.66,1911.04,1915.09,1264055.0
1689588000,1915.08,1916.46,1891.04,1909.81,3295385.0
1689591600,1909.81,1919.33,1908.36,1910.05,1189345.0
1689595200,1910.06,1914.0,1900.12,1912.03,1596225.0
1689598800,1912.04,1917.46,1907.46,1916.06,847831.0
1689602400,1916.07,1917.52,1909.37,1913.81,501660.0
1689606000,1913.81,1914.58,1903.2,1908.43,950076.0
1689609600,1908.43,1913.27,1898.0,1904.7,1307908.0
1689613200,1904.51,1907.42,1890.5,1896.0,1830415.0
1689616800,1896.01,1897.76,1873.03,1883.42,2747893.0
1689620400,1883.41,1889.25,1880.13,1886.8,576787.0
1689624000,1886.8,1897.57,1886.08,1890.23,546119.0
1689627600,1890.21,1920.96,1890.21,1916.92,1082606.0
1689631200,1916.93,1919.72,1908.57,1909.61,618338.0
1689634800,1909.75,1913.67,1907.0,1911.1,473625.0
1689638400,1911.1,1917.57,1910.22,1911.74,480464.0
1689642000,1911.75,1916.58,1911.19,1915.07,319745.0
1689645600,1915.14,1916.29,1907.22,1907.46,372499.0
1689649200,1907.46,1911.8,1905.8,1908.89,369490.0
1689652800,1908.89,1912.29,1906.41,1910.6,304899.0
1689656400,1910.6,1910.6,1903.67,1905.11,454181.0
1689660000,1905.15,1909.5,1892.91,1899.16,1225887.0
1689663600,1899.17,1903.2,1896.88,1899.12,687867.0
1689667200,1899.13,1908.0,1893.19,1901.26,1092006.0
1689670800,1901.26,1903.86,1897.23,1897.87,492959.0
1689674400,1897.86,1905.92,1896.37,1903.37,372436.0
1689678000,1903.37,1910.0,1890.0,1894.71,1103508.0
1689681600,1894.71,1896.47,1885.0,1892.6,1493687.0
1689685200,1892.59,1896.98,1886.2,1894.08,838659.0
1689688800,1894.08,1904.37,1891.5,1900.26,1067756.0
1689692400,1900.27,1900.27,1892.8,1897.31,439734.0
1689696000,1897.31,1901.47,1875.39,1884.7,1688662.0
1689699600,1884.7,1892.37,1883.7,1891.47,643252.0
1689703200,1891.47,1903.0,1889.81,1901.2,659897.0
1689706800,1901.2,1903.8,1890.22,1891.95,509308.0
1689710400,1891.95,1897.37,1888.92,1894.52,287519.0
1689714000,1894.51,1899.33,1892.68,1897.3,163101.0
1689717600,1897.32,1902.92,1896.1,1901.65,242863.0
1689721200,1901.65,1902.37,1893.0,1897.62,480665.0
1689724800,1897.62,1912.87,1895.65,1911.5,1078500.0
1689728400,1911.5,1914.0,1904.15,1909.27,776698.0
1689732000,1909.27,1912.31,1906.71,1910.47,470130.0
1689735600,1910.47,1915.6,1909.26,1912.32,645741.0
1689739200,1912.32,1918.0,1911.59,1912.1,792794.0
1689742800,1912.1,1915.0,1911.0,1913.79,270799.0
1689746400,1913.64,1915.0,1908.35,1910.17,437647.0
1689750000,1910.17,1911.96,1906.56,1908.53,259590.0
1689753600,1908.54,1909.88,1903.09,1904.68,484321.0
1689757200,1904.67,1912.4,1902.27,1909.71,568942.0
1689760800,1909.7,1910.99,1907.72,1909.23,230417.0
1689764400,1909.17,1910.58,1907.6,1909.33,148344.0
1689768000,1909.34,1910.78,1903.26,1907.24,471335.0
1689771600,1907.24,1924.8,1902.25,1910.74,1968436.0
1689775200,1910.74,1912.65,1896.4,1899.14,1529864.0
1689778800,1899.13,1909.53,1894.41,1906.53,1037387.0
1689782400,1906.42,1908.96,1900.96,1903.23,597395.0
1689786000,1903.22,1918.77,1901.47,1909.3,1119009.0
1689789600,1909.3,1914.0,1904.13,1912.74,548252.0
1689793200,1912.74,1915.34,1908.5,1909.77,320934.0
1689796800,1909.79,1910.0,1898.0,1898.6,546729.0
1689800400,1898.6,1898.61,1882.01,1893.91,1497259.0
1689804000,1893.91,1895.38,1886.0,1888.53,492990.0
1689807600,1888.52,1893.12,1885.0,1888.74,536196.0
1689811200,1888.73,1894.87,1882.2,1893.63,781717.0
1689814800,1893.64,1896.19,1892.34,1894.82,375590.0
1689818400,1894.81,1900.45,1894.81,1896.93,539303.0
1689822000,1896.86,1898.17,1892.0,1894.2,437672.0
1689825600,1894.33,1897.59,1892.97,1895.59,283739.0
1689829200,1895.6,1909.79,1894.6,1906.42,1144629.0
1689832800,1906.43,1908.89,1903.94,1906.39,535117.0
1689836400,1906.4,1915.0,1905.38,1912.6,1117837.0
1689840000,1912.6,1917.45,1911.25,1915.16,740646.0
1689843600,1915.16,1921.16,1913.0,1918.23,1097293.0
1689847200,1918.24,1929.6,1918.06,1919.59,1579443.0
1689850800,1919.58,1922.56,1917.66,1920.84,508988.0
1689854400,1920.85,1922.87,1915.33,1915.75,558230.0
1689858000,1915.75,1921.62,1912.84,1917.5,722585.0
1689861600,1917.51,1918.74,1883.96,1889.81,4099555.0
1689865200,1889.8,1896.29,1885.01,1888.72,1508742.0
1689868800,1888.72,1892.33,1878.0,1884.64,1578370.0
1689872400,1884.79,1894.09,1883.06,1890.35,632250.0
1689876000,1890.35,1891.39,1881.31,1885.5,720837.0
1689879600,1885.47,1888.88,1882.93,1888.3,352320.0
1689883200,1888.3,1888.8,1882.59,1888.6,339222.0
1689886800,1888.59,1899.3,1887.99,1898.01,505870.0
1689890400,1898.02,1899.75,1893.21,1894.42,293875.0
1689894000,1894.42,1894.68,1890.66,1891.56,218547.0
1689897600,1891.56,1892.98,1886.49,1889.29,399378.0
1689901200,1889.29,1898.1,1887.5,1896.17,552994.0
1689904800,1896.16,1901.99,1894.28,1898.36,713071.0
1689908400,1898.37,1900.32,1895.58,1896.29,281281.0
1689912000,1896.29,1897.19,1893.64,1895.01,259627.0
1689915600,1895.01,1895.8,1890.5,1892.21,309743.0
1689919200,1892.2,1894.5,1890.6,1893.3,223837.0
1689922800,1893.3,1893.94,1887.22,1889.04,469437.0
1689926400,1889.03,1892.7,1889.0,1891.54,261635.0
1689930000,1891.54,1894.73,1884.61,1885.83,640513.0
1689933600,1885.82,1890.0,1885.24,1888.79,330277.0
1689937200,1888.79,1889.88,1885.0,1889.53,327171.0
1689940800,1889.53,1896.87,1889.06,1894.49,749245.0
1689944400,1894.5,1896.09,1888.39,1889.4,607911.0
1689948000,1889.4,1894.36,1886.27,1893.93,630725.0
1689951600,1893.93,1896.24,1890.43,1891.22,371529.0
1689955200,1891.22,1891.97,1888.6,1889.56,257353.0
1689958800,1889.56,1898.9,1888.64,1898.17,613712.0
1689962400,1898.16,1906.77,1897.95,1899.7,932444.0
1689966000,1899.71,1899.87,1885.0,1894.76,1071338.0
1689969600,1894.79,1895.49,1890.66,1894.71,165492.0
1689973200,1894.66,1895.98,1891.94,1893.9,111897.0
1689976800,1893.9,1895.53,1892.18,1893.37,91674.0
1689980400,1893.37,1893.86,1890.5,1891.92,119288.0
1689984000,1891.91,1896.56,1891.25,1896.49,193950.0
1689987600,1896.5,1897.76,1891.5,1892.0,246706.0
1689991200,1891.93,1895.75,1891.21,1894.8,212043.0
1689994800,1894.81,1895.67,1892.51,1892.95,227826.0
1689998400,1892.94,1895.76,1892.36,1893.99,235179.0
1690002000,1893.99,1894.56,1892.0,1892.41,137309.0
1690005600,1892.41,1893.55,1890.8,1892.11,195257.0
1690009200,1892.12,1895.49,1890.33,1892.16,308334.0
1690012800,1892.16,1894.7,1891.47,1892.5,152738.0
1690016400,1892.49,1893.68,1888.0,1890.12,313173.0
1690020000,1890.11,1890.12,1883.68,1888.47,945666.0
1690023600,1888.41,1889.17,1885.5,1888.35,224220.0
1690027200,1888.35,1888.99,1885.21,1885.74,241824.0
1690030800,1885.74,1887.92,1885.57,1887.31,140046.0
1690034400,1887.32,1890.5,1885.87,1888.02,324429.0
1690038000,1888.01,1889.88,1886.28,1888.89,167443.0
1690041600,1888.9,1890.8,1887.09,1889.58,212952.0
1690045200,1889.52,1889.52,1884.1,1885.31,238315.0
1690048800,1885.31,1885.69,1882.0,1883.87,517353.0
1690052400,1883.86,1888.4,1883.0,1887.39,234448.0
1690056000,1887.4,1889.0,1885.97,1887.61,107360.0
1690059600,1887.69,1888.4,1885.03,1887.12,134259.0
1690063200,1887.12,1888.59,1882.33,1884.37,171595.0
1690066800,1884.38,1884.63,1845.0,1866.42,3521398.0
1690070400,1866.42,1867.88,1858.03,1862.58,846831.0
1690074000,1862.59,1871.99,1862.4,1869.8,768030.0
1690077600,1869.8,1873.8,1867.36,1872.6,412204.0
1690081200,1872.6,1872.99,1868.68,1868.96,249403.0
1690084800,1868.95,1875.0,1868.92,1874.26,340127.0
1690088400,1874.26,1879.33,1872.93,1874.64,677462.0
1690092000,1874.63,1875.45,1872.5,1874.08,253379.0
1690095600,1874.08,1875.03,1872.0,1874.92,228402.0
1690099200,1874.92,1878.39,1873.36,1877.75,246084.0
1690102800,1877.75,1878.2,1874.55,1874.96,161991.0
1690106400,1874.96,1876.7,1874.0,1874.59,128447.0
1690110000,1874.58,1876.52,1874.13,1874.6,108158.0
1690113600,1874.6,1876.0,1872.24,1875.51,208240.0
1690117200,1875.52,1875.76,1871.45,1873.14,229985.0
1690120800,1873.19,1874.95,1872.78,1873.44,114543.0
1690124400,1873.44,1875.57,1872.34,1874.26,212739.0
1690128000,1874.25,1886.16,1874.05,1883.42,993997.0
1690131600,1883.43,1895.98,1881.39,1894.47,977615.0
1690135200,1894.48,1904.36,1891.53,1902.0,1367798.0
1690138800,1902.01,1905.0,1883.93,1889.23,1238900.0
1690142400,1889.24,1893.39,1889.24,1893.08,287846.0
1690146000,1893.08,1893.97,1875.2,1880.31,811625.0
1690149600,1880.3,1885.56,1880.25,1883.51,406558.0
1690153200,1883.51,1890.3,1883.32,1888.58,360144.0
1690156800,1888.59,1891.38,1885.6,1885.84,393191.0
1690160400,1885.84,1886.53,1876.02,1880.07,799260.0
1690164000,1880.06,1880.2,1872.1,1875.39,799004.0
1690167600,1875.46,1875.46,1866.16,1868.74,1161830.0
1690171200,1868.73,1872.88,1862.67,1871.6,958605.0
1690174800,1871.59,1873.88,1867.52,1871.7,456279.0
1690178400,1871.71,1871.72,1869.31,1869.54,241824.0
1690182000,1869.53,1878.0,1868.0,1875.25,840060.0
1690185600,1875.25,1875.26,1869.62,1870.08,322440.0
1690189200,1870.08,1872.0,1830.03,1842.64,3916949.0
1690192800,1842.64,1853.31,1839.31,1852.13,1477558.0
1690196400,1852.13,1854.94,1850.57,1852.8,694088.0
1690200000,1852.8,1853.35,1847.39,1852.49,627717.0
1690203600,1852.5,1854.65,1846.07,1850.61,629648.0
1690207200,1850.6,1850.94,1841.09,1844.09,1279609.0
1690210800,1844.09,1847.0,1834.47,1843.73,1999219.0
1690214400,1843.73,1849.27,1839.05,1845.4,754874.0
1690218000,1845.41,1846.18,1841.04,1843.53,264626.0
1690221600,1843.52,1851.0,1843.11,1849.8,409945.0
1690225200,1849.8,1850.96,1847.48,1849.29,307708.0
1690228800,1849.29,1851.0,1846.31,1850.44,219211.0
1690232400,1850.44,1851.66,1846.92,1849.6,143037.0
1690236000,1849.6,1851.3,1845.02,1847.97,186897.0
1690239600,1847.97,1851.4,1847.37,1849.79,181328.0
1690243200,1849.79,1852.62,1847.29,1849.73,343710.0
1690246800,1849.73,1849.87,1845.08,1848.98,324284.0
1690250400,1848.98,1856.95,1848.62,1853.01,725776.0
1690254000,1853.01,1854.02,1850.51,1851.08,269009.0
1690257600,1851.09,1852.54,1846.47,1848.19,312732.0
1690261200,1848.18,1853.85,1848.01,1851.5,269335.0
1690264800,1851.51,1853.75,1850.01,1852.45,172231.0
1690268400,1852.45,1853.02,1849.26,1850.84,192567.0
1690272000,1850.84,1855.17,1849.52,1854.62,328651.0
1690275600,1854.62,1863.99,1852.77,1856.63,1081141.0
1690279200,1856.62,1857.66,1854.34,1854.51,254654.0
1690282800,1854.51,1854.91,1852.48,1853.61,237772.0
1690286400,1853.6,1855.47,1852.18,1854.12,211779.0
1690290000,1854.13,1868.88,1852.2,1864.29,1458434.0
1690293600,1864.29,1866.72,1853.87,1853.88,1036223.0
1690297200,1853.89,1859.64,1853.23,1857.6,399849.0
1690300800,1857.61,1864.0,1854.16,1855.83,563063.0
1690304400,1855.83,1861.72,1852.64,1860.87,508022.0
1690308000,1860.81,1866.64,1859.5,1859.6,451923.0
1690311600,1859.6,1861.0,1856.56,1857.0,159850.0
1690315200,1857.0,1862.62,1856.01,1862.19,285867.0
1690318800,1862.19,1865.0,1861.05,1861.1,212542.0
1690322400,1861.11,1863.23,1859.27,1859.66,164473.0
1690326000,1859.65,1860.6,1856.41,1857.64,173995.0
1690329600,1857.64,1859.32,1855.0,1856.12,255073.0
1690333200,1856.11,1856.75,1852.29,1854.39,458056.0
1690336800,1854.39,1860.35,1854.04,1860.33,334875.0
1690340400,1860.34,1867.38,1858.54,1858.71,927857.0
1690344000,1858.71,1858.8,1854.58,1855.38,311554.0
1690347600,1855.38,1860.0,1855.28,1859.74,195816.0
1690351200,1859.74,1861.41,1853.5,1854.6,543383.0
1690354800,1854.6,1856.51,1852.15,1853.6,515596.0
1690358400,1853.59,1856.17,1852.97,1854.45,240653.0
1690362000,1854.45,1855.71,1848.09,1850.25,715232.0
1690365600,1850.25,1853.08,1849.58,1852.31,294312.0
1690369200,1852.3,1853.5,1850.62,1851.0,190511.0
1690372800,1851.0,1856.27,1850.12,1855.5,378498.0
1690376400,1855.5,1859.16,1854.6,1858.09,505578.0
1690380000,1858.1,1861.03,1854.55,1857.4,553123.0
1690383600,1857.4,1861.0,1857.39,1860.15,320740.0
1690387200,1860.15,1864.09,1857.61,1858.9,518965.0
1690390800,1858.9,1860.5,1855.01,1857.31,395978.0
1690394400,1857.3,1883.6,1855.51,1871.51,3259010.0
1690398000,1871.51,1875.36,1857.2,1873.28,1617618.0
1690401600,1873.29,1888.03,1871.62,1879.48,1737066.0
1690405200,1879.48,1882.8,1868.0,1870.53,693272.0
1690408800,1870.52,1872.71,1866.34,1872.22,429573.0
1690412400,1872.22,1876.47,1866.87,1871.79,494462.0
1690416000,1871.8,1872.44,1867.0,1870.26,309105.0
1690419600,1870.26,1874.85,1869.04,1874.66,343493.0
1690423200,1874.66,1879.0,1871.83,1878.2,496270.0
1690426800,1878.2,1879.43,1875.89,1875.89,354219.0
1690430400,1875.9,1880.0,1875.81,1879.9,273032.0
1690434000,1879.9,1882.18,1877.08,1877.8,404742.0
1690437600,1877.8,1878.33,1873.0,1873.59,363482.0
1690441200,1873.58,1877.7,1861.1,1871.47,1022977.0
1690444800,1871.47,1880.0,1869.51,1879.59,1012261.0
1690448400,1879.59,1886.1,1878.08,1883.68,1098750.0
1690452000,1883.68,1884.76,1876.83,1877.61,659234.0
1690455600,1877.61,1879.15,1876.0,1876.79,378957.0
1690459200,1876.79,1878.84,1873.5,1878.06,461394.0
1690462800,1878.06,1879.0,1873.0,1874.47,521750.0
1690466400,1874.46,1875.74,1868.8,1870.15,893993.0
1690470000,1870.14,1873.27,1863.98,1869.0,1077157.0
1690473600,1869.0,1869.65,1866.8,1867.66,357199.0
1690477200,1867.66,1869.26,1863.1,1865.88,561760.0
1690480800,1865.87,1867.06,1856.17,1859.75,1305439.0
1690484400,1859.75,1863.0,1855.09,1861.0,560469.0
1690488000,1861.0,1862.86,1858.5,1859.12,318926.0
1690491600,1859.12,1862.28,1857.1,1859.33,254229.0
1690495200,1859.26,1862.67,1857.0,1857.0,201896.0
1690498800,1857.0,1862.13,1855.23,1861.56,343189.0
1690502400,1861.55,1864.74,1860.99,1861.91,384525.0
1690506000,1861.9,1864.86,1860.22,1863.91,209614.0
1690509600,1863.91,1864.58,1860.18,1862.56,244414.0
1690513200,1862.56,1865.5,1860.1,1862.99,293360.0
1690516800,1862.99,1864.88,1861.0,1863.94,284202.0
1690520400,1863.94,1864.1,1856.32,1858.62,530511.0
1690524000,1858.61,1861.43,1857.3,1860.0,288474.0
1690527600,1860.01,1863.52,1859.1,1859.3,289565.0
1690531200,1859.3,1863.58,1859.06,1862.54,253456.0
1690534800,1862.53,1868.99,1861.73,1867.85,758310.0
1690538400,1867.89,1868.93,1865.65,1866.59,417269.0
1690542000,1866.6,1868.6,1864.8,1866.66,289186.0
1690545600,1866.66,1873.98,1866.3,1872.0,872890.0
1690549200,1872.0,1872.87,1867.59,1870.51,548746.0
1690552800,1870.51,1883.35,1870.51,1878.51,2154234.0
1690556400,1878.44,1880.89,1873.81,1875.18,777047.0
1690560000,1875.18,1879.79,1873.41,1877.05,434073.0
1690563600,1877.05,1877.06,1866.36,1871.63,1189814.0
1690567200,1871.63,1876.78,1871.09,1875.55,484497.0
1690570800,1875.55,1877.14,1873.0,1873.95,303286.0
1690574400,1873.9,1876.84,1872.24,1876.32,167835.0
1690578000,1876.32,1877.76,1874.8,1876.49,89546.0
1690581600,1876.49,1877.17,1875.3,1875.75,98339.0
1690585200,1875.74,1876.23,1873.89,1874.03,120796.0
1690588800,1874.03,1877.28,1873.0,1874.46,259787.0
1690592400,1874.46,1877.46,1872.59,1875.7,231038.0
1690596000,1875.71,1876.35,1873.0,1875.19,176754.0
1690599600,1875.19,1875.8,1873.25,1873.75,89423.0
1690603200,1873.67,1877.23,1873.49,1875.99,243869.0
1690606800,1875.98,1876.34,1873.5,1874.71,137175.0
1690610400,1874.7,1874.71,1873.1,1874.21,191367.0
1690614000,1874.2,1874.37,1871.5,1872.58,213306.0
1690617600,1872.58,1874.15,1869.33,1871.73,369348.0
1690621200,1871.74,1873.47,1870.01,1871.26,217915.0
1690624800,1871.25,1872.21,1869.88,1870.52,146235.0
1690628400,1870.51,1873.66,1870.33,1870.8,231552.0
1690632000,1870.79,1875.0,1870.56,1872.69,274616.0
1690635600,1872.68,1875.8,1872.68,1873.17,227906.0
1690639200,1873.17,1874.4,1872.0,1872.68,106152.0
1690642800,1872.68,1873.5,1871.69,1872.49,89120.0
1690646400,1872.5,1873.53,1871.27,1873.53,119348.0
1690650000,1873.53,1877.77,1872.6,1876.78,263019.0
1690653600,1876.79,1877.72,1872.99,1874.81,213485.0
1690657200,1874.82,1880.0,1874.82,1877.95,362568.0
1690660800,1877.96,1886.96,1877.96,1883.56,872584.0
1690664400,1883.57,1885.53,1880.33,1881.79,347489.0
1690668000,1881.79,1882.86,1879.4,1879.44,182228.0
1690671600,1879.44,1882.0,1879.38,1880.25,154711.0
1690675200,1880.24,1881.73,1878.43,1881.59,252098.0
1690678800,1881.58,1881.74,1877.35,1877.73,246982.0
1690682400,1877.72,1879.14,1877.27,1877.89,139809.0
1690686000,1877.89,1879.33,1877.67,1878.2,118370.0
1690689600,1878.2,1879.39,1878.0,1878.71,71877.0
1690693200,1878.72,1879.05,1875.42,1876.67,224906.0
1690696800,1876.67,1876.68,1873.73,1875.6,303844.0
1690700400,1875.6,1876.18,1874.07,1875.3,149582.0
1690704000,1875.3,1876.19,1874.3,1875.68,148309.0
1690707600,1875.68,1875.69,1872.67,1874.0,200402.0
1690711200,1873.99,1875.84,1872.79,1874.91,188655.0
1690714800,1874.9,1877.31,1874.0,1876.04,282241.0
1690718400,1876.03,1878.0,1875.11,1877.01,177505.0
1690722000,1877.01,1877.05,1871.2,1873.19,332356.0
1690725600,1873.19,1883.0,1873.18,1880.08,692074.0
1690729200,1880.09,1885.29,1873.94,1876.09,1085403.0
1690732800,1876.09,1878.95,1873.68,1876.85,498863.0
1690736400,1876.8,1879.09,1874.11,1878.62,191892.0
1690740000,1878.62,1878.84,1875.83,1877.17,90393.0
1690743600,1877.17,1878.84,1857.77,1862.56,1913416.0
1690747200,1862.55,1865.7,1848.0,1865.69,2551235.0
1690750800,1865.69,1865.75,1858.02,1861.52,455152.0
1690754400,1861.52,1861.75,1855.22,1856.29,457017.0
1690758000,1856.28,1863.93,1856.0,1861.97,520529.0
1690761600,1861.97,1878.0,1861.24,1872.97,1394158.0
1690765200,1872.98,1874.79,1868.02,1872.97,516407.0
1690768800,1872.91,1875.64,1869.92,1870.18,381392.0
1690772400,1870.19,1870.84,1867.88,1869.36,359407.0
1690776000,1869.37,1870.1,1863.02,1863.91,577463.0
1690779600,1863.91,1866.01,1862.32,1864.0,407232.0
1690783200,1864.0,1867.3,1863.1,1866.93,324907.0
1690786800,1866.93,1868.0,1864.5,1865.23,231972.0
1690790400,1865.22,1870.0,1864.56,1868.75,358393.0
1690794000,1868.75,1869.2,1865.41,1868.14,269235.0
1690797600,1868.14,1869.85,1867.51,1868.41,186380.0
1690801200,1868.42,1870.24,1867.04,1867.83,151818.0
1690804800,1867.82,1873.82,1866.94,1872.53,520196.0
1690808400,1872.53,1873.0,1862.87,1864.61,902865.0
1690812000,1864.6,1866.0,1860.21,1861.62,922438.0
1690815600,1861.61,1862.76,1856.85,1857.72,808353.0
1690819200,1857.71,1861.82,1854.8,1860.04,1039741.0
1690822800,1860.04,1863.64,1856.01,1862.49,497955.0
1690826400,1862.49,1862.8,1857.53,1861.09,294947.0
1690830000,1861.09,1862.15,1855.05,1857.16,302467.0
1690833600,1857.17,1860.87,1852.0,1854.12,799326.0
1690837200,1854.11,1859.45,1851.5,1857.76,393299.0
1690840800,1857.76,1858.45,1855.58,1857.05,201444.0
1690844400,1857.05,1858.92,1855.8,1857.01,158754.0
1690848000,1857.0,1862.79,1855.55,1861.93,408990.0
1690851600,1861.93,1864.95,1851.88,1853.13,886505.0
1690855200,1853.13,1854.3,1808.0,1829.28,6128780.0
1690858800,1829.26,1829.89,1826.0,1827.21,733973.0
1690862400,1827.2,1828.12,1821.7,1825.67,865553.0
1690866000,1825.67,1830.0,1825.21,1829.68,436022.0
1690869600,1829.69,1835.7,1827.61,1831.46,915422.0
1690873200,1831.45,1834.3,1829.0,1833.67,423084.0
1690876800,1833.68,1837.38,1832.66,1837.09,571047.0
1690880400,1837.08,1837.48,1831.65,1832.77,437608.0
1690884000,1832.77,1835.31,1832.0,1834.2,197362.0
1690887600,1834.25,1835.46,1830.23,1830.94,293144.0
1690891200,1830.95,1836.71,1827.73,1832.38,782349.0
1690894800,1832.38,1836.0,1831.79,1833.51,318666.0
1690898400,1833.5,1835.98,1826.31,1828.24,958787.0
1690902000,1828.24,1836.94,1812.0,1834.88,2608801.0
1690905600,1834.89,1842.48,1830.21,1834.01,1339027.0
1690909200,1834.0,1838.0,1834.0,1837.2,419868.0
1690912800,1837.21,1853.9,1837.2,1853.19,1606554.0
1690916400,1853.2,1857.68,1848.19,1851.0,1046401.0
1690920000,1851.0,1853.49,1848.25,1850.58,339176.0
1690923600,1850.59,1852.96,1848.05,1850.02,257787.0
1690927200,1850.02,1851.95,1847.0,1851.47,257142.0
1690930800,1851.47,1876.9,1851.26,1873.38,3557693.0
1690934400,1873.39,1878.8,1867.38,1870.25,1677099.0
1690938000,1870.26,1879.85,1868.01,1869.57,1260067.0
1690941600,1869.46,1870.1,1866.21,1867.99,487309.0
1690945200,1867.91,1868.17,1862.8,1863.44,776091.0
1690948800,1863.43,1865.59,1861.23,1863.56,540881.0
1690952400,1863.56,1863.57,1859.03,1862.5,497905.0
1690956000,1862.5,1864.27,1858.0,1858.09,354188.0
1690959600,1858.1,1862.08,1856.01,1857.55,390055.0
1690963200,1857.54,1858.85,1854.15,1858.27,1088016.0
1690966800,1858.27,1860.78,1855.0,1855.14,457513.0
1690970400,1855.14,1859.46,1854.54,1859.46,282198.0
1690974000,1859.5,1861.49,1857.87,1860.19,410038.0
1690977600,1860.18,1861.34,1854.52,1854.73,425906.0
1690981200,1854.74,1856.32,1850.05,1853.1,1067094.0
1690984800,1853.0,1853.0,1841.07,1842.38,2338779.0
1690988400,1842.37,1845.12,1834.0,1843.03,1571717.0
1690992000,1843.03,1847.99,1820.0,1829.27,3568885.0
1690995600,1829.26,1839.49,1825.44,1831.73,1486221.0
1690999200,1831.73,1835.0,1829.28,1834.16,354018.0
1691002800,1834.16,1843.59,1833.03,1841.7,561034.0
1691006400,1841.69,1844.42,1840.69,1842.28,274769.0
1691010000,1842.28,1844.64,1838.04,1843.58,279849.0
1691013600,1843.57,1845.55,1842.18,1842.31,221445.0
1691017200,1842.31,1842.48,1837.14,1839.61,289706.0
1691020800,1839.61,1843.5,1838.58,1838.9,394339.0
1691024400,1838.89,1846.62,1837.38,1845.12,409937.0
1691028000,1845.13,1846.44,1838.0,1841.89,373353.0
1691031600,1841.89,1842.28,1839.66,1841.0,189088.0
1691035200,1841.0,1841.31,1834.03,1837.79,475970.0
1691038800,1837.79,1840.0,1834.74,1839.43,424376.0
1691042400,1839.43,1841.49,1832.26,1835.8,532578.0
1691046000,1835.75,1837.2,1832.13,1832.86,547957.0
1691049600,1832.86,1834.87,1826.01,1833.29,1157368.0
1691053200,1833.29,1835.69,1832.3,1835.18,501057.0
1691056800,1835.18,1838.0,1834.97,1837.41,345781.0
1691060400,1837.41,1838.9,1835.99,1837.66,261522.0
1691064000,1837.67,1838.53,1833.67,1834.88,456088.0
1691067600,1834.94,1840.81,1834.37,1838.79,643702.0
1691071200,1838.79,1849.87,1836.12,1847.41,1321242.0
1691074800,1847.41,1849.95,1838.44,1840.01,954584.0
1691078400,1840.01,1849.66,1839.29,1847.52,768155.0
1691082000,1847.52,1859.5,1846.8,1847.02,1859932.0
1691085600,1847.02,1847.55,1841.58,1847.4,676006.0
1691089200,1847.4,1847.5,1842.71,1845.76,152291.0
1691092800,1845.76,1854.7,1843.35,1844.6,672823.0
1691096400,1844.59,1847.7,1835.64,1840.19,442129.0
1691100000,1840.18,1840.57,1831.19,1838.27,913977.0
1691103600,1838.27,1839.59,1836.01,1836.11,239914.0
1691107200,1836.1,1839.4,1833.81,1838.48,598009.0
1691110800,1838.48,1838.49,1834.6,1835.5,241297.0
1691114400,1835.5,1837.16,1827.69,1834.63,647359.0
1691118000,1834.62,1835.82,1832.44,1834.46,277726.0
1691121600,1834.46,1835.68,1830.5,1835.53,357912.0
1691125200,1835.53,1837.38,1834.28,1836.07,258600.0
1691128800,1836.07,1836.97,1832.4,1832.91,304448.0
1691132400,1832.91,1838.3,1831.55,1837.49,465846.0
1691136000,1837.5,1841.0,1835.11,1835.26,593726.0
1691139600,1835.26,1839.08,1834.58,1838.37,274439.0
1691143200,1838.38,1838.62,1834.2,1835.15,230657.0
1691146800,1835.16,1836.9,1833.77,1834.89,225386.0
1691150400,1834.86,1845.16,1831.4,1839.41,1312939.0
1691154000,1839.41,1851.86,1838.81,1843.03,1552537.0
1691157600,1843.03,1849.95,1836.66,1847.0,1264756.0
1691161200,1847.0,1849.49,1844.26,1847.19,452522.0
1691164800,1847.2,1848.21,1844.51,1847.81,340256.0
1691168400,1847.81,1848.97,1841.17,1841.48,365275.0
1691172000,1841.47,1841.48,1826.66,1832.57,1638364.0
1691175600,1832.56,1835.56,1828.02,1831.6,534780.0
1691179200,1831.63,1834.52,1815.17,1822.79,2030722.0
1691182800,1822.78,1833.78,1821.96,1829.59,735077.0
1691186400,1829.59,1832.22,1829.0,1829.07,174603.0
1691190000,1829.07,1831.28,1826.79,1830.67,322543.0
1691193600,1830.67,1834.0,1829.87,1832.13,281238.0
1691197200,1832.13,1832.73,1828.07,1828.32,248002.0
1691200800,1828.32,1832.14,1827.97,1831.17,192459.0
1691204400,1831.17,1832.8,1830.72,1832.8,128338.0
1691208000,1832.8,1832.8,1828.65,1830.2,204229.0
1691211600,1830.2,1834.09,1829.4,1833.45,262190.0
1691215200,1833.45,1833.69,1831.6,1831.91,151638.0
1691218800,1831.91,1832.38,1830.55,1831.18,106729.0
1691222400,1831.17,1833.9,1830.07,1832.94,191741.0
1691226000,1832.94,1833.32,1830.73,1830.92,126193.0
1691229600,1830.93,1833.5,1830.66,1831.65,164458.0
1691233200,1831.64,1835.0,1831.64,1832.49,211016.0
1691236800,1832.49,1833.22,1830.57,1830.88,236787.0
1691240400,1830.88,1833.49,1830.81,1833.04,179902.0
1691244000,1833.05,1836.66,1833.04,1835.93,463238.0
1691247600,1835.93,1837.38,1831.36,1833.9,323447.0
1691251200,1833.9,1834.64,1831.14,1831.43,177042.0
1691254800,1831.42,1834.71,1831.4,1834.37,148976.0
1691258400,1834.37,1839.0,1833.84,1837.2,378419.0
1691262000,1837.28,1838.4,1835.25,1835.33,171612.0
1691265600,1835.33,1835.54,1833.96,1834.31,114612.0
1691269200,1834.42,1836.72,1834.33,1835.2,96807.0
1691272800,1835.19,1838.5,1834.56,1838.12,140881.0
1691276400,1838.13,1838.3,1836.41,1836.42,92168.0
1691280000,1836.42,1837.92,1835.59,1836.61,116569.0
1691283600,1836.6,1837.27,1833.54,1833.67,115720.0
1691287200,1833.66,1838.93,1833.34,1836.11,202994.0
1691290800,1836.11,1836.47,1834.0,1835.0,139063.0
1691294400,1835.0,1836.21,1834.85,1835.8,103131.0
1691298000,1835.8,1836.64,1835.66,1836.64,65750.0
1691301600,1836.65,1837.19,1832.33,1835.08,273004.0
1691305200,1835.07,1835.66,1833.8,1835.35,97485.0
1691308800,1835.36,1838.12,1834.35,1835.24,234712.0
1691312400,1835.24,1835.24,1830.18,1831.81,522988.0
1691316000,1831.8,1831.81,1828.58,1831.41,336111.0
1691319600,1831.41,1833.72,1831.4,1832.83,193979.0
1691323200,1832.82,1833.25,1828.71,1829.55,381109.0
1691326800,1829.54,1831.48,1828.0,1829.81,396831.0
1691330400,1829.82,1831.46,1825.82,1830.0,571845.0
1691334000,1830.0,1831.37,1828.65,1829.45,189221.0
1691337600,1829.46,1836.0,1828.41,1835.6,534930.0
1691341200,1835.61,1835.83,1830.61,1833.02,273552.0
1691344800,1833.02,1834.5,1832.8,1833.07,113824.0
1691348400,1833.07,1833.8,1831.37,1831.68,68877.0
1691352000,1831.69,1833.21,1830.77,1832.58,87531.0
1691355600,1832.58,1838.0,1828.69,1830.22,563511.0
1691359200,1830.21,1834.16,1828.11,1830.06,285743.0
1691362800,1830.07,1830.83,1828.06,1830.49,162068.0
1691366400,1830.48,1832.74,1826.58,1830.56,405404.0
1691370000,1830.56,1844.96,1830.29,1840.96,1593570.0
1691373600,1840.96,1845.0,1839.91,1844.47,556626.0
1691377200,1844.47,1847.3,1838.1,1838.71,791044.0
1691380800,1838.72,1842.0,1838.0,1841.51,284696.0
1691384400,1841.52,1842.72,1839.62,1839.64,254430.0
1691388000,1839.64,1839.74,1832.7,1832.81,893413.0
1691391600,1832.81,1837.58,1832.5,1837.5,378181.0
1691395200,1837.51,1837.51,1833.76,1833.76,216428.0
1691398800,1833.76,1836.9,1833.1,1836.01,228235.0
1691402400,1836.01,1838.0,1833.67,1837.8,261806.0
1691406000,1837.81,1837.81,1834.64,1834.64,184993.0
1691409600,1834.64,1838.07,1832.5,1833.87,696219.0
1691413200,1833.88,1835.63,1828.41,1828.75,865232.0
1691416800,1828.75,1833.44,1827.0,1830.2,730103.0
1691420400,1830.2,1830.72,1813.38,1818.63,2476518.0
1691424000,1818.62,1820.5,1802.0,1816.25,3836300.0
1691427600,1816.25,1819.25,1798.1,1814.79,2368041.0
1691431200,1814.79,1832.99,1812.54,1821.95,2581024.0
1691434800,1821.95,1826.17,1817.5,1825.7,493618.0
1691438400,1825.8,1828.17,1823.27,1828.11,287199.0
1691442000,1828.11,1831.97,1824.49,1826.07,382869.0
1691445600,1826.08,1828.84,1825.1,1827.88,162216.0
1691449200,1827.87,1829.26,1825.94,1828.9,194504.0
1691452800,1828.91,1835.46,1827.71,1835.2,656662.0
1691456400,1835.21,1835.5,1826.5,1826.83,570273.0
1691460000,1826.82,1831.3,1826.0,1829.13,289768.0
1691463600,1829.14,1831.01,1828.36,1830.1,178982.0
1691467200,1830.1,1833.66,1829.59,1833.48,390682.0
1691470800,1833.49,1839.67,1833.48,1834.95,1046328.0
1691474400,1834.95,1837.28,1833.04,1833.29,394182.0
1691478000,1833.28,1833.97,1830.3,1830.73,445652.0
1691481600,1830.73,1832.28,1830.47,1830.61,248143.0
1691485200,1830.61,1831.74,1830.07,1831.2,198091.0
1691488800,1831.2,1835.27,1830.52,1834.59,379129.0
1691492400,1834.59,1839.0,1832.81,1838.71,752566.0
1691496000,1838.72,1845.66,1835.18,1845.33,1689150.0
1691499600,1845.33,1848.96,1835.2,1835.55,1823450.0
1691503200,1835.55,1843.88,1835.3,1838.6,617280.0
1691506800,1838.6,1845.37,1838.59,1843.04,534760.0
1691510400,1843.04,1858.8,1842.75,1854.01,2110649.0
1691514000,1854.01,1857.5,1850.91,1853.25,797872.0
1691517600,1853.25,1871.94,1847.16,1858.2,3239541.0
1691521200,1858.2,1864.63,1858.0,1859.18,696966.0
1691524800,1859.11,1864.9,1856.8,1863.57,464549.0
1691528400,1863.57,1876.93,1860.71,1862.19,1305025.0
1691532000,1862.2,1863.66,1854.32,1857.21,488872.0
1691535600,1857.2,1859.61,1855.51,1855.98,246109.0
1691539200,1855.98,1860.52,1854.81,1854.89,315163.0
1691542800,1854.89,1861.31,1852.8,1858.71,443557.0
1691546400,1858.7,1859.0,1852.0,1853.25,459276.0
1691550000,1853.25,1855.65,1853.0,1854.79,217211.0
1691553600,1854.79,1857.1,1853.65,1856.68,172554.0
1691557200,1856.67,1858.68,1855.92,1857.23,216237.0
1691560800,1857.24,1858.4,1854.0,1857.68,289701.0
1691564400,1857.68,1863.77,1857.46,1862.0,505127.0
1691568000,1862.0,1864.69,1859.71,1862.4,534035.0
1691571600,1862.4,1862.59,1859.5,1859.7,239487.0
1691575200,1859.7,1866.91,1858.53,1864.33,459631.0
1691578800,1864.33,1865.34,1859.81,1863.29,453387.0
1691582400,1863.29,1870.0,1860.33,1869.22,954498.0
1691586000,1869.23,1871.99,1860.3,1860.52,1007018.0
1691589600,1860.51,1864.26,1853.5,1853.5,893045.0
1691593200,1853.51,1856.37,1851.43,1853.56,838189.0
1691596800,1853.56,1854.57,1847.2,1849.42,974145.0
1691600400,1849.42,1852.78,1847.27,1849.81,584715.0
1691604000,1849.81,1855.66,1848.71,1853.27,465001.0
1691607600,1853.27,1855.18,1846.15,1848.62,381990.0
1691611200,1848.63,1853.79,1848.35,1853.05,191299.0
1691614800,1853.05,1855.51,1847.37,1853.93,401120.0
1691618400,1853.92,1856.0,1853.27,1855.92,264300.0
1691622000,1855.91,1859.45,1854.97,1855.62,308192.0
1691625600,1855.61,1858.54,1854.83,1857.71,288013.0
1691629200,1857.72,1858.0,1854.49,1855.59,197913.0
1691632800,1855.57,1856.99,1853.3,1853.3,153990.0
1691636400,1853.3,1854.98,1852.21,1853.06,242680.0
1691640000,1853.06,1853.86,1852.03,1852.61,145630.0
1691643600,1852.61,1854.63,1850.93,1854.06,222129.0
1691647200,1854.06,1856.03,1850.2,1850.2,442673.0
1691650800,1850.2,1855.0,1850.2,1851.52,360269.0
1691654400,1851.52,1853.04,1849.87,1852.48,302405.0
1691658000,1852.46,1853.75,1850.57,1852.88,268061.0
1691661600,1852.88,1854.96,1851.3,1854.88,219563.0
1691665200,1854.88,1855.26,1850.95,1851.09,320968.0
1691668800,1851.1,1860.28,1850.5,1857.02,1701092.0
1691672400,1857.03,1864.39,1854.0,1863.67,1091067.0
1691676000,1863.68,1866.19,1848.2,1853.09,1979439.0
1691679600,1853.09,1856.95,1851.29,1853.89,614095.0
1691683200,1853.9,1854.63,1850.0,1851.95,455053.0
1691686800,1851.95,1852.72,1846.21,1848.8,772146.0
1691690400,1848.74,1851.34,1847.46,1850.69,252770.0
1691694000,1850.68,1851.19,1847.8,1850.17,189178.0
1691697600,1850.17,1852.63,1849.07,1850.74,227772.0
1691701200,1850.74,1852.38,1849.85,1850.27,109241.0
1691704800,1850.26,1853.43,1849.84,1851.79,124079.0
1691708400,1851.79,1853.86,1851.5,1852.25,146261.0
1691712000,1852.25,1854.73,1851.56,1854.7,277875.0
1691715600,1854.71,1855.25,1851.19,1851.6,212037.0
1691719200,1851.61,1851.61,1843.0,1844.67,653433.0
1691722800,1844.67,1848.04,1843.72,1847.21,481297.0
1691726400,1847.2,1848.66,1846.84,1848.39,140339.0
1691730000,1848.39,1850.3,1847.09,1850.28,176451.0
1691733600,1850.28,1851.4,1848.07,1850.4,243202.0
1691737200,1850.38,1851.0,1848.99,1849.02,123964.0
1691740800,1849.02,1851.73,1848.56,1848.8,250881.0
1691744400,1848.81,1848.81,1846.3,1847.07,204799.0
1691748000,1847.09,1850.0,1845.72,1848.57,229449.0
1691751600,1848.57,1851.73,1848.53,1851.4,216577.0
1691755200,1851.4,1853.01,1848.61,1849.28,586061.0
1691758800,1849.28,1852.93,1847.66,1852.77,441893.0
1691762400,1852.77,1858.47,1851.42,1853.21,1286257.0
1691766000,1853.21,1854.95,1844.0,1846.34,1232284.0
1691769600,1846.34,1849.44,1838.19,1844.7,1197317.0
1691773200,1844.7,1845.78,1842.2,1843.19,380323.0
1691776800,1843.2,1845.79,1842.4,1845.25,289115.0
1691780400,1845.26,1845.68,1842.7,1844.98,177792.0
1691784000,1844.98,1846.0,1844.4,1846.0,78592.0
1691787600,1845.99,1846.75,1844.12,1845.73,112670.0
1691791200,1845.73,1848.0,1845.26,1846.82,96161.0
1691794800,1846.82,1851.97,1846.38,1848.68,289715.0
1691798400,1848.69,1854.0,1847.91,1852.67,476435.0
1691802000,1852.68,1853.3,1848.51,1848.72,253197.0
1691805600,1848.73,1849.99,1847.84,1848.19,125710.0
1691809200,1848.19,1848.91,1847.72,1848.12,97546.0
1691812800,1848.12,1849.19,1847.8,1848.77,110423.0
1691816400,1848.77,1848.78,1847.36,1847.62,69264.0
1691820000,1847.62,1849.71,1847.26,1849.42,84117.0
1691823600,1849.42,1851.96,1849.42,1850.43,264452.0
1691827200,1850.43,1851.21,1848.72,1848.87,109641.0
1691830800,1848.87,1851.28,1848.87,1850.36,105774.0
1691834400,1850.36,1851.33,1850.19,1851.3,95813.0
1691838000,1851.31,1851.5,1849.5,1850.9,72212.0
1691841600,1850.91,1852.0,1850.44,1851.63,97058.0
1691845200,1851.63,1852.98,1850.79,1850.89,223210.0
1691848800,1850.89,1853.49,1850.89,1852.64,171441.0
1691852400,1852.64,1853.65,1850.2,1850.8,164324.0
1691856000,1850.8,1852.87,1850.8,1851.66,101548.0
1691859600,1851.66,1851.8,1848.66,1849.1,140875.0
1691863200,1849.1,1850.22,1847.68,1849.05,149500.0
1691866800,1849.02,1849.03,1847.5,1847.92,94530.0
1691870400,1847.91,1848.91,1847.19,1848.0,72204.0
1691874000,1848.0,1850.5,1846.17,1849.88,218296.0
1691877600,1849.88,1850.62,1849.44,1850.35,70899.0
1691881200,1850.36,1850.49,1849.77,1850.42,36157.0
1691884800,1850.41,1851.62,1849.55,1851.29,148568.0
1691888400,1851.29,1851.73,1850.26,1851.4,104653.0
1691892000,1851.4,1851.51,1850.36,1850.44,50432.0
1691895600,1850.44,1850.45,1848.75,1849.62,137737.0
1691899200,1849.61,1849.62,1848.01,1848.6,103883.0
1691902800,1848.6,1848.61,1846.62,1848.34,216347.0
1691906400,1848.34,1849.33,1848.0,1849.19,113767.0
1691910000,1849.19,1849.7,1848.46,1849.7,47125.0
1691913600,1849.7,1851.31,1849.7,1850.79,124633.0
1691917200,1850.8,1850.88,1849.49,1850.78,99893.0
1691920800,1850.78,1851.16,1850.09,1850.33,102079.0
1691924400,1850.33,1850.33,1848.67,1849.71,93206.0
1691928000,1849.7,1852.0,1849.03,1851.09,234226.0
1691931600,1851.09,1851.09,1849.56,1849.96,85135.0
1691935200,1849.96,1851.39,1849.25,1849.32,90526.0
1691938800,1849.32,1849.51,1847.59,1848.75,204878.0
1691942400,1848.75,1849.0,1846.53,1848.48,284107.0
1691946000,1848.48,1852.09,1848.24,1850.62,403176.0
1691949600,1850.63,1857.13,1850.62,1854.57,442871.0
1691953200,1854.58,1862.58,1854.58,1858.71,668470.0
1691956800,1858.71,1860.35,1854.48,1855.05,243440.0
1691960400,1855.04,1855.53,1847.0,1848.96,732959.0
1691964000,1848.95,1848.95,1835.01,1839.8,1795280.0
1691967600,1839.8,1842.67,1838.22,1841.4,388432.0
1691971200,1841.4,1844.58,1839.01,1841.82,644017.0
1691974800,1841.82,1842.83,1839.07,1841.85,321331.0
1691978400,1841.84,1847.99,1835.34,1843.6,1439464.0
1691982000,1843.6,1848.75,1843.1,1846.61,709460.0
1691985600,1846.62,1848.73,1846.51,1847.58,265359.0
1691989200,1847.59,1851.63,1847.41,1850.7,409999.0
1691992800,1850.7,1852.2,1848.73,1849.08,294192.0
1691996400,1849.08,1850.44,1848.04,1849.6,322490.0
1692000000,1849.61,1852.58,1849.03,1849.34,362056.0
1692003600,1849.34,1850.14,1848.37,1849.28,191226.0
1692007200,1849.27,1850.19,1848.91,1850.18,78826.0
1692010800,1850.19,1850.25,1846.58,1848.32,307054.0
1692014400,1848.32,1848.33,1844.9,1847.03,446486.0
1692018000,1847.03,1847.2,1844.45,1846.8,303473.0
1692021600,1846.8,1854.94,1846.37,1852.12,1073448.0
1692025200,1852.12,1856.5,1849.45,1853.3,785242.0
1692028800,1853.3,1855.44,1852.1,1853.09,447669.0
1692032400,1853.09,1853.83,1846.67,1847.47,595108.0
1692036000,1847.47,1847.47,1839.5,1843.4,1410401.0
1692039600,1843.4,1844.86,1842.02,1843.36,313042.0
1692043200,1843.36,1846.09,1841.85,1845.7,214386.0
1692046800,1845.7,1846.73,1845.08,1846.16,145575.0
1692050400,1846.16,1846.8,1844.9,1845.74,137430.0
1692054000,1845.73,1846.15,1845.0,1845.78,101227.0
1692057600,1845.78,1847.36,1845.06,1847.34,148436.0
1692061200,1847.33,1847.48,1844.51,1846.3,140028.0
1692064800,1846.3,1846.31,1843.44,1844.45,158844.0
1692068400,1844.45,1845.21,1843.66,1845.21,106280.0
1692072000,1845.2,1845.2,1843.02,1843.28,126960.0
1692075600,1843.28,1844.01,1841.88,1843.42,403766.0
1692079200,1843.42,1844.41,1842.5,1842.55,233350.0
1692082800,1842.55,1844.75,1840.75,1844.06,320547.0
1692086400,1844.06,1846.0,1842.7,1843.58,267364.0
1692090000,1843.58,1845.55,1842.7,1844.01,173557.0
1692093600,1844.0,1844.09,1843.06,1843.44,94184.0
1692097200,1843.44,1843.59,1839.12,1840.79,559516.0
1692100800,1840.78,1845.19,1840.15,1842.6,321885.0
1692104400,1842.61,1845.0,1841.27,1841.52,248844.0
1692108000,1841.52,1846.0,1838.18,1844.15,669027.0
1692111600,1844.15,1845.79,1839.5,1840.41,534977.0
1692115200,1840.41,1842.09,1838.28,1838.91,469639.0
1692118800,1838.91,1841.86,1838.4,1841.49,204968.0
1692122400,1841.49,1843.02,1839.71,1840.65,128099.0
1692126000,1840.64,1840.65,1813.0,1828.02,4165563.0
1692129600,1828.02,1832.71,1825.09,1830.47,506524.0
1692133200,1830.47,1832.59,1828.21,1829.83,286746.0
1692136800,1829.83,1831.31,1828.5,1829.19,189970.0
1692140400,1829.18,1831.27,1828.4,1829.39,202836.0
1692144000,1829.38,1831.0,1828.44,1829.81,240584.0
1692147600,1829.8,1830.94,1828.49,1830.93,150500.0
1692151200,1830.93,1831.94,1830.5,1831.65,191021.0
1692154800,1831.65,1831.96,1829.06,1829.09,139420.0
1692158400,1829.08,1829.55,1826.71,1827.55,260775.0
1692162000,1827.55,1828.29,1822.68,1824.24,719653.0
1692165600,1824.23,1826.79,1820.58,1826.33,646594.0
1692169200,1826.34,1829.37,1826.08,1827.4,385564.0
1692172800,1827.4,1828.0,1824.32,1825.86,248986.0
1692176400,1825.86,1826.2,1820.0,1824.97,710436.0
1692180000,1824.97,1826.93,1824.36,1826.92,242662.0
1692183600,1826.93,1826.99,1823.4,1825.39,218760.0
1692187200,1825.39,1828.66,1820.5,1824.8,699558.0
1692190800,1824.81,1825.61,1819.42,1822.02,697296.0
1692194400,1822.01,1827.39,1820.02,1826.5,411485.0
1692198000,1826.5,1826.99,1820.31,1820.71,404029.0
1692201600,1820.69,1823.36,1816.62,1823.2,1496676.0
1692205200,1823.2,1826.0,1820.1,1825.75,625460.0
1692208800,1825.76,1829.6,1823.4,1823.9,740238.0
1692212400,1823.9,1824.08,1820.04,1821.09,322452.0
1692216000,1821.09,1823.23,1796.16,1810.5,3326400.0
1692219600,1810.51,1812.74,1803.48,1812.73,720360.0
1692223200,1812.74,1816.26,1811.86,1812.84,377300.0
1692226800,1812.83,1812.84,1806.2,1807.96,532836.0
1692230400,1807.98,1810.82,1775.0,1797.06,4120067.0
1692234000,1797.07,1800.87,1795.1,1798.77,773863.0
1692237600,1798.76,1801.63,1795.3,1796.38,501039.0
1692241200,1796.38,1801.5,1796.25,1798.57,299948.0
1692244800,1798.57,1800.8,1797.56,1799.21,251321.0
1692248400,1799.21,1803.54,1798.68,1802.3,295989.0
1692252000,1802.4,1802.92,1799.88,1802.58,389659.0
1692255600,1802.58,1802.59,1798.29,1799.8,237901.0
1692259200,1799.81,1800.3,1792.42,1793.28,544230.0
1692262800,1793.27,1796.19,1782.12,1793.4,1374227.0
1692266400,1793.39,1794.22,1786.0,1788.88,832477.0
1692270000,1788.82,1790.2,1784.3,1788.27,709304.0
1692273600,1788.27,1792.75,1785.34,1790.0,558690.0
1692277200,1790.0,1793.61,1784.6,1785.65,589028.0
1692280800,1785.65,1790.0,1777.4,1779.35,1449488.0
1692284400,1779.35,1780.84,1718.07,1739.39,9496773.0
1692288000,1739.27,1748.79,1722.06,1740.8,4256901.0
1692291600,1740.8,1745.66,1737.16,1741.48,471197.0
1692295200,1741.49,1743.59,1734.15,1735.46,586511.0
1692298800,1735.46,1742.74,1734.56,1738.09,330849.0
1692302400,1738.09,1739.51,1704.41,1718.33,2472214.0
1692306000,1718.37,1722.39,1466.64,1615.8,9258239.0
1692309600,1615.79,1712.48,1603.59,1694.34,6653673.0
1692313200,1694.33,1717.8,1674.15,1680.4,4398543.0
1692316800,1680.4,1698.32,1678.78,1694.29,1993851.0
1692320400,1694.23,1696.8,1683.64,1689.03,838823.0
1692324000,1689.04,1694.5,1677.29,1678.38,973686.0
1692327600,1678.39,1683.33,1672.34,1677.28,1022309.0
1692331200,1677.29,1679.57,1660.09,1669.2,1522471.0
1692334800,1669.21,1684.37,1668.45,1680.0,926811.0
1692338400,1680.0,1698.0,1679.75,1691.33,1392731.0
1692342000,1691.32,1693.8,1686.93,1690.71,472278.0
1692345600,1690.71,1697.0,1683.17,1695.05,931527.0
1692349200,1695.06,1695.06,1683.33,1684.73,552222.0
1692352800,1684.74,1686.38,1681.31,1682.91,452293.0
1692356400,1682.91,1689.09,1678.0,1685.7,789865.0
1692360000,1685.7,1686.37,1678.39,1678.55,645796.0
1692363600,1678.55,1686.79,1667.82,1672.54,1489086.0
1692367200,1672.55,1675.34,1652.19,1663.66,2138680.0
1692370800,1663.61,1676.89,1658.1,1660.67,1394341.0
1692374400,1660.67,1668.22,1655.53,1662.56,1227298.0
1692378000,1662.56,1668.59,1637.34,1662.18,3314077.0
1692381600,1662.17,1679.0,1655.04,1668.19,1242089.0
1692385200,1668.19,1668.19,1655.03,1657.71,1067937.0
1692388800,1657.79,1668.1,1656.36,1657.52,571330.0
1692392400,1657.51,1670.32,1657.5,1663.07,346704.0
1692396000,1663.07,1666.59,1661.23,1662.56,232917.0
1692399600,1662.56,1665.38,1657.77,1661.61,232958.0
1692403200,1661.62,1671.91,1661.16,1668.53,423230.0
1692406800,1668.53,1668.6,1661.42,1661.45,284378.0
1692410400,1661.44,1663.27,1659.08,1660.01,370071.0
1692414000,1660.01,1660.01,1656.36,1659.79,340589.0
1692417600,1659.79,1663.75,1656.65,1661.9,267959.0
1692421200,1661.9,1662.0,1656.0,1656.4,330337.0
1692424800,1656.4,1659.5,1654.29,1655.16,251103.0
1692428400,1655.16,1661.0,1654.19,1660.65,381788.0
1692432000,1660.65,1665.87,1658.55,1661.64,565556.0
1692435600,1661.65,1664.36,1659.38,1663.42,245004.0
1692439200,1663.43,1663.72,1660.57,1661.59,116203.0
1692442800,1661.59,1662.61,1660.0,1660.1,132899.0
1692446400,1660.1,1660.9,1658.07,1659.43,238944.0
1692450000,1659.43,1664.0,1658.79,1660.66,304200.0
1692453600,1660.66,1665.19,1660.65,1662.96,335151.0
1692457200,1662.97,1685.0,1662.2,1683.39,1953377.0
1692460800,1683.39,1697.49,1678.54,1691.01,2173935.0
1692464400,1691.01,1691.02,1674.6,1679.38,1131982.0
1692468000,1679.38,1680.62,1675.03,1679.6,297019.0
1692471600,1679.61,1680.2,1676.67,1677.41,177857.0
1692475200,1677.4,1678.32,1665.0,1671.23,717671.0
1692478800,1671.24,1673.6,1668.92,1669.22,182983.0
1692482400,1669.21,1670.51,1663.48,1666.45,349955.0
1692486000,1666.45,1670.68,1665.95,1669.94,177058.0
1692489600,1669.94,1674.33,1667.82,1673.82,373009.0
1692493200,1673.82,1675.58,1665.0,1666.88,521694.0
1692496800,1666.81,1670.71,1665.41,1669.42,263951.0
1692500400,1669.42,1670.1,1667.71,1668.15,167211.0
1692504000,1668.15,1669.15,1666.01,1667.03,155492.0
1692507600,1667.03,1670.0,1663.15,1664.89,286039.0
1692511200,1664.9,1666.12,1661.66,1663.3,361205.0
1692514800,1663.3,1666.6,1662.87,1665.96,188343.0
1692518400,1665.96,1669.77,1663.4,1668.87,449710.0
1692522000,1668.9,1670.6,1666.92,1670.35,210966.0
1692525600,1670.35,1672.43,1669.0,1672.03,385035.0
1692529200,1672.03,1675.5,1671.49,1674.56,482081.0
1692532800,1674.56,1677.4,1672.05,1676.0,340123.0
1692536400,1676.0,1679.48,1674.2,1674.83,403011.0
1692540000,1674.83,1676.0,1665.12,1667.82,784913.0
1692543600,1667.82,1674.32,1663.87,1671.36,726655.0
1692547200,1671.36,1672.0,1665.28,1668.95,284053.0
1692550800,1668.95,1680.0,1667.2,1674.69,533427.0
1692554400,1674.69,1678.88,1674.0,1675.79,245188.0
1692558000,1675.78,1678.5,1675.1,1678.01,156576.0
1692561600,1678.09,1694.99,1678.09,1689.5,1276701.0
1692565200,1689.51,1690.18,1680.7,1682.76,343932.0
1692568800,1682.76,1685.39,1681.41,1683.46,190360.0
1692572400,1683.45,1685.41,1680.1,1685.01,235696.0
1692576000,1685.01,1685.13,1679.26,1682.74,338778.0
1692579600,1682.74,1685.63,1679.18,1683.15,361035.0
1692583200,1683.16,1684.53,1676.59,1678.98,419009.0
1692586800,1678.98,1679.83,1675.0,1677.07,249144.0
1692590400,1677.06,1677.22,1674.6,1676.4,289500.0
1692594000,1676.4,1688.95,1676.01,1678.2,803447.0
1692597600,1678.27,1679.87,1670.69,1671.0,551344.0
1692601200,1670.99,1673.65,1669.68,1672.0,373867.0
1692604800,1672.0,1675.45,1669.5,1672.75,476472.0
1692608400,1672.74,1675.08,1669.5,1671.16,368199.0
1692612000,1671.15,1671.24,1659.19,1667.2,1435804.0
1692615600,1667.2,1673.54,1666.74,1672.94,519479.0
1692619200,1672.94,1675.99,1670.05,1670.66,528190.0
1692622800,1670.66,1678.52,1667.27,1678.31,680195.0
1692626400,1678.31,1684.0,1671.65,1673.92,1187129.0
1692630000,1673.92,1675.46,1647.92,1657.61,3180571.0
1692633600,1657.6,1665.15,1657.0,1660.97,664546.0
1692637200,1660.96,1666.0,1659.56,1665.39,390041.0
1692640800,1665.39,1669.87,1664.15,1664.99,290506.0
1692644400,1665.0,1676.0,1664.02,1672.54,717703.0
1692648000,1672.48,1677.67,1671.25,1671.83,466279.0
1692651600,1671.84,1676.0,1669.2,1673.53,239413.0
1692655200,1673.53,1673.55,1666.36,1666.9,215183.0
1692658800,1666.9,1669.37,1666.08,1667.59,169891.0
1692662400,1667.59,1669.16,1666.39,1666.67,215593.0
1692666000,1666.67,1667.82,1662.79,1663.32,306652.0
1692669600,1663.32,1667.27,1662.54,1664.61,267375.0
1692673200,1664.61,1665.4,1660.87,1664.04,225039.0
1692676800,1664.04,1664.14,1660.67,1662.41,187869.0
1692680400,1662.41,1664.24,1661.5,1663.73,216926.0
1692684000,1663.72,1665.9,1661.16,1665.01,274066.0
1692687600,1665.01,1667.15,1664.32,1666.48,300844.0
1692691200,1666.48,1667.85,1663.71,1664.9,225149.0
1692694800,1664.82,1667.54,1662.39,1663.96,302546.0
1692698400,1663.96,1665.76,1662.45,1663.61,244058.0
1692702000,1663.61,1664.68,1660.17,1662.62,325533.0
1692705600,1662.62,1667.42,1660.57,1663.2,552606.0
1692709200,1663.19,1663.79,1653.03,1656.17,1270398.0
1692712800,1656.1,1660.78,1652.0,1655.16,933809.0
1692716400,1655.17,1658.5,1644.0,1650.37,1213334.0
1692720000,1650.37,1651.5,1626.72,1648.2,4592160.0
1692723600,1648.2,1648.84,1618.0,1626.2,2743133.0
1692727200,1626.2,1642.85,1620.14,1637.0,1384181.0
1692730800,1637.0,1640.48,1624.3,1625.0,640486.0
1692734400,1625.0,1633.0,1624.85,1631.32,324238.0
1692738000,1631.32,1632.33,1573.23,1604.1,4168242.0
1692741600,1604.09,1623.0,1602.91,1619.6,1302277.0
1692745200,1619.6,1639.98,1618.14,1635.16,1513968.0
1692748800,1635.16,1642.71,1633.0,1633.01,868153.0
1692752400,1633.0,1637.93,1629.3,1634.39,550672.0
1692756000,1634.4,1639.0,1633.05,1633.56,326285.0
1692759600,1633.57,1636.08,1631.34,1632.21,296483.0
1692763200,1632.21,1640.62,1631.0,1637.94,557530.0
1692766800,1637.94,1640.0,1634.01,1638.98,387932.0
1692770400,1638.98,1658.8,1637.3,1644.97,1795561.0
1692774000,1645.15,1650.97,1642.0,1645.36,1036852.0
1692777600,1645.36,1649.36,1642.68,1644.51,419153.0
1692781200,1644.52,1647.28,1643.0,1645.43,314890.0
1692784800,1645.44,1646.76,1642.04,1643.27,447926.0
1692788400,1643.27,1644.5,1639.59,1642.16,678098.0
1692792000,1642.16,1645.58,1636.42,1637.89,613324.0
1692795600,1637.9,1651.94,1633.61,1648.99,1242850.0
1692799200,1648.99,1658.85,1642.73,1652.39,1735411.0
1692802800,1652.39,1660.0,1651.54,1657.15,959084.0
1692806400,1657.17,1687.05,1655.43,1682.06,4015655.0
1692810000,1682.06,1695.0,1678.68,1683.56,1827963.0
1692813600,1683.56,1685.87,1676.75,1679.39,631212.0
1692817200,1679.39,1706.11,1678.52,1687.06,1759173.0
1692820800,1687.07,1693.04,1679.03,1684.34,966515.0
1692824400,1684.35,1685.8,1659.59,1665.32,894234.0
1692828000,1665.31,1678.8,1664.07,1676.11,556882.0
1692831600,1676.11,1683.2,1675.0,1679.44,430377.0
1692835200,1679.43,1683.64,1679.06,1681.57,448564.0
1692838800,1681.57,1682.3,1672.67,1672.78,458581.0
1692842400,1672.77,1678.17,1672.27,1673.49,321507.0
1692846000,1673.48,1676.17,1672.91,1675.44,178437.0
1692849600,1675.43,1677.68,1673.21,1676.35,230441.0
1692853200,1676.35,1678.83,1674.03,1674.76,231497.0
1692856800,1674.76,1678.95,1672.16,1675.28,363952.0
1692860400,1675.28,1676.39,1673.8,1674.49,226363.0
1692864000,1674.49,1674.97,1670.04,1674.21,375575.0
1692867600,1674.21,1678.15,1666.83,1667.27,849371.0
1692871200,1667.26,1670.65,1666.2,1670.47,413402.0
1692874800,1670.46,1674.06,1667.51,1667.63,390797.0
1692878400,1667.62,1670.13,1665.0,1667.95,546598.0
1692882000,1667.96,1668.5,1661.1,1665.56,613765.0
1692885600,1665.56,1665.97,1644.55,1646.07,2331269.0
1692889200,1646.06,1650.29,1642.04,1643.6,1018521.0
1692892800,1643.59,1656.77,1642.59,1651.39,1120588.0
1692896400,1651.39,1652.91,1635.0,1649.51,1565790.0
1692900000,1649.51,1650.66,1642.77,1645.36,466659.0
1692903600,1645.36,1654.71,1644.68,1649.97,350502.0
1692907200,1649.98,1654.67,1643.26,1650.19,484632.0
1692910800,1650.22,1654.89,1649.41,1654.09,226257.0
1692914400,1654.09,1655.57,1652.38,1654.53,170218.0
1692918000,1654.52,1665.49,1651.11,1660.8,613039.0
1692921600,1660.8,1661.54,1655.78,1656.14,309872.0
1692925200,1656.14,1660.49,1653.33,1660.48,302968.0
1692928800,1660.49,1664.4,1657.74,1658.4,353305.0
1692932400,1658.4,1659.27,1645.43,1655.2,794672.0
1692936000,1655.21,1655.68,1647.76,1648.5,488458.0
1692939600,1648.5,1654.87,1646.27,1652.37,370507.0
1692943200,1652.37,1653.3,1648.49,1650.92,305851.0
1692946800,1650.92,1653.38,1649.34,1651.15,234205.0
1692950400,1651.16,1658.83,1650.9,1654.59,378062.0
1692954000,1654.6,1656.91,1652.66,1652.87,292205.0
1692957600,1652.87,1655.56,1651.89,1652.38,235314.0
1692961200,1652.39,1655.5,1652.15,1654.05,177535.0
1692964800,1654.06,1656.78,1653.8,1654.47,244840.0
1692968400,1654.47,1665.18,1654.34,1654.6,1316720.0
1692972000,1654.61,1677.97,1638.35,1640.12,4348454.0
1692975600,1640.12,1658.88,1636.0,1646.47,1847321.0
1692979200,1646.21,1651.98,1640.87,1644.28,773712.0
1692982800,1644.28,1647.66,1635.34,1642.74,811568.0
1692986400,1642.74,1656.04,1640.85,1654.06,615724.0
1692990000,1654.07,1655.6,1643.51,1646.81,433367.0
1692993600,1646.81,1651.6,1645.71,1649.91,270790.0
1692997200,1649.91,1653.87,1647.29,1651.31,213585.0
1693000800,1651.31,1654.16,1648.29,1653.88,238246.0
1693004400,1653.88,1655.02,1652.25,1653.73,252159.0
1693008000,1653.73,1654.04,1651.5,1651.8,152034.0
1693011600,1651.8,1654.63,1651.4,1651.65,139889.0
1693015200,1651.65,1655.11,1651.6,1653.99,166085.0
1693018800,1654.04,1655.64,1653.34,1654.67,184993.0
1693022400,1654.67,1654.76,1652.19,1653.28,115937.0
1693026000,1653.27,1653.28,1651.38,1652.51,87244.0
1693029600,1652.5,1653.87,1651.0,1653.6,101945.0
1693033200,1653.59,1654.23,1652.58,1652.59,90258.0
1693036800,1652.58,1653.58,1646.33,1650.42,529635.0
1693040400,1650.42,1650.6,1647.47,1649.46,187897.0
1693044000,1649.47,1650.34,1648.96,1650.21,133827.0
1693047600,1650.21,1650.92,1649.71,1650.68,105560.0
1693051200,1650.68,1650.68,1647.0,1649.91,199713.0
1693054800,1649.91,1650.49,1649.2,1650.43,76695.0
1693058400,1650.43,1652.48,1649.05,1652.34,169695.0
1693062000,1652.34,1652.98,1650.73,1651.5,132712.0
1693065600,1651.5,1651.87,1647.2,1648.38,173730.0
1693069200,1648.38,1648.39,1644.2,1646.44,338273.0
1693072800,1646.43,1646.43,1644.36,1646.01,121098.0
1693076400,1646.0,1646.63,1644.12,1646.15,63856.0
1693080000,1646.14,1647.8,1645.86,1647.4,55557.0
1693083600,1647.4,1651.08,1647.32,1649.02,118621.0
1693087200,1649.02,1650.4,1648.13,1648.57,88430.0
1693090800,1648.57,1648.57,1645.23,1647.21,116615.0
1693094400,1647.22,1649.45,1646.75,1648.01,88544.0
1693098000,1648.0,1649.72,1646.33,1649.62,160098.0
1693101600,1649.62,1650.5,1646.3,1646.62,162836.0
1693105200,1646.62,1648.0,1646.61,1647.38,67853.0
1693108800,1647.39,1651.99,1647.38,1651.59,199469.0
1693112400,1651.6,1654.88,1651.09,1651.72,330368.0
1693116000,1651.73,1652.11,1648.2,1650.01,174351.0
1693119600,1650.0,1650.13,1648.5,1648.65,59922.0
1693123200,1648.65,1651.82,1647.51,1650.89,133203.0
1693126800,1650.88,1651.18,1648.11,1650.41,137359.0
1693130400,1650.4,1652.37,1650.4,1650.53,167558.0
1693134000,1650.53,1651.0,1649.35,1649.36,96976.0
1693137600,1649.35,1651.34,1648.73,1650.82,111526.0
1693141200,1650.82,1652.5,1649.55,1651.77,152544.0
1693144800,1651.77,1659.95,1651.77,1657.59,911910.0
1693148400,1657.58,1660.05,1654.43,1655.29,389669.0
1693152000,1655.28,1659.89,1654.6,1659.0,343072.0
1693155600,1659.0,1660.01,1650.0,1651.54,380195.0
1693159200,1651.54,1655.73,1650.16,1655.21,221724.0
1693162800,1655.21,1659.34,1654.42,1656.03,232700.0
1693166400,1656.04,1656.45,1653.41,1654.56,113659.0
1693170000,1654.55,1658.85,1650.53,1653.29,210812.0
1693173600,1653.3,1657.49,1651.7,1657.19,169538.0
1693177200,1657.19,1659.0,1655.82,1658.31,225404.0
1693180800,1658.31,1658.33,1649.0,1651.41,538316.0
1693184400,1651.41,1652.19,1648.0,1649.18,428718.0
1693188000,1649.17,1652.11,1648.51,1650.51,239984.0
1693191600,1650.51,1651.56,1649.12,1650.0,129774.0
1693195200,1649.99,1650.52,1648.99,1650.33,124561.0
1693198800,1650.32,1652.0,1635.65,1642.78,1455213.0
1693202400,1642.76,1646.88,1641.56,1643.04,512964.0
1693206000,1643.03,1644.11,1638.37,1641.86,355598.0
1693209600,1641.85,1643.95,1639.6,1642.12,313224.0
1693213200,1642.12,1642.13,1618.0,1635.12,2432323.0
1693216800,1635.12,1639.0,1634.06,1637.6,334546.0
1693220400,1637.6,1640.98,1636.32,1640.21,293927.0
1693224000,1640.21,1664.75,1639.79,1655.3,2865452.0
1693227600,1655.3,1656.5,1648.04,1649.12,650488.0
1693231200,1649.12,1653.61,1646.53,1651.01,560430.0
1693234800,1651.01,1655.0,1642.02,1648.6,796965.0
1693238400,1648.59,1652.6,1647.51,1651.17,401173.0
1693242000,1651.01,1655.31,1648.72,1649.89,386894.0
1693245600,1649.9,1652.2,1646.0,1652.0,314097.0
1693249200,1652.0,1653.19,1638.0,1646.58,739169.0
1693252800,1646.55,1648.68,1643.73,1647.1,130302.0
1693256400,1647.1,1647.95,1644.32,1646.58,87583.0
1693260000,1646.57,1651.86,1645.62,1651.02,179807.0
1693263600,1651.02,1657.53,1650.62,1653.23,410765.0
1693267200,1653.23,1657.02,1652.02,1655.89,328473.0
1693270800,1655.9,1662.55,1654.28,1655.2,806920.0
1693274400,1655.21,1655.66,1651.46,1653.24,292211.0
1693278000,1653.23,1653.86,1651.14,1652.44,226281.0
1693281600,1652.45,1653.62,1649.29,1650.72,288530.0
1693285200,1650.73,1651.77,1649.45,1650.42,182979.0
1693288800,1650.42,1650.42,1645.22,1646.18,413081.0
1693292400,1646.17,1652.58,1645.11,1647.51,671329.0
1693296000,1647.51,1648.31,1645.13,1645.43,324724.0
1693299600,1645.43,1647.91,1645.0,1645.87,260279.0
1693303200,1645.87,1645.87,1640.01,1643.82,608794.0
1693306800,1643.81,1647.0,1640.33,1642.21,379072.0
1693310400,1642.28,1646.18,1640.52,1646.17,399807.0
1693314000,1646.17,1649.58,1642.65,1645.6,476474.0
1693317600,1645.59,1737.0,1645.59,1721.2,12011433.0
1693321200,1721.21,1726.22,1710.32,1716.09,2210347.0
1693324800,1716.09,1747.0,1709.26,1734.72,5109031.0
1693328400,1734.71,1744.8,1730.13,1733.93,1570682.0
1693332000,1733.85,1740.27,1731.33,1735.33,579977.0
1693335600,1735.33,1741.92,1731.46,1734.98,695331.0
1693339200,1734.79,1741.79,1725.14,1726.5,774593.0
1693342800,1726.51,1733.88,1726.41,1732.21,311696.0
1693346400,1732.21,1734.75,1727.27,1730.0,359567.0
1693350000,1730.01,1732.3,1721.41,1729.25,562604.0
1693353600,1729.25,1731.11,1721.53,1722.04,418146.0
1693357200,1722.04,1723.03,1712.45,1718.88,886373.0
1693360800,1718.87,1720.63,1715.46,1717.11,419094.0
1693364400,1717.05,1720.06,1713.01,1718.82,492267.0
1693368000,1718.82,1720.93,1718.32,1719.23,236000.0
1693371600,1719.22,1722.75,1717.19,1720.62,268549.0
1693375200,1720.61,1720.99,1716.06,1717.79,308920.0
1693378800,1717.7,1719.77,1716.5,1718.0,169714.0
1693382400,1717.99,1720.3,1715.2,1719.39,294473.0
1693386000,1719.38,1719.38,1711.17,1715.46,604059.0
1693389600,1715.46,1720.38,1714.92,1719.5,271686.0
1693393200,1719.49,1719.71,1716.0,1716.21,231943.0
1693396800,1716.2,1720.72,1713.01,1717.71,717656.0
1693400400,1717.7,1722.61,1703.0,1718.34,1732659.0
1693404000,1718.49,1720.3,1695.0,1703.01,2321713.0
1693407600,1703.01,1708.77,1696.64,1703.94,1047038.0
1693411200,1703.94,1704.65,1696.13,1700.65,613416.0
1693414800,1700.69,1704.79,1697.65,1700.87,360384.0
1693418400,1700.86,1705.81,1697.02,1704.26,269121.0
1693422000,1704.27,1705.27,1701.33,1701.54,176883.0
1693425600,1701.54,1706.07,1701.54,1703.93,220904.0
1693429200,1703.92,1708.5,1702.4,1703.61,180212.0
1693432800,1703.61,1707.08,1701.29,1701.51,127369.0
1693436400,1701.51,1706.5,1701.51,1705.37,141660.0
1693440000,1705.37,1705.37,1700.42,1702.11,220335.0
1693443600,1702.1,1702.57,1698.84,1699.79,184293.0
1693447200,1699.8,1702.65,1699.34,1699.98,157051.0
1693450800,1699.99,1700.97,1697.07,1699.53,197047.0
1693454400,1699.53,1703.2,1699.26,1701.99,220023.0
1693458000,1702.0,1704.51,1701.12,1703.65,162347.0
1693461600,1703.65,1706.61,1702.7,1704.07,276577.0
1693465200,1704.07,1707.3,1703.72,1706.46,194864.0
1693468800,1706.46,1708.39,1705.0,1706.3,202901.0
1693472400,1706.3,1706.31,1703.36,1704.13,144670.0
1693476000,1704.13,1705.22,1704.07,1705.11,64407.0
1693479600,1705.12,1730.0,1705.11,1713.51,2576424.0
1693483200,1713.51,1714.19,1703.21,1708.18,1252152.0
1693486800,1708.18,1708.86,1699.15,1704.5,915469.0
1693490400,1704.6,1705.51,1697.51,1705.11,789260.0
1693494000,1705.11,1705.21,1676.49,1689.15,2709601.0
1693497600,1689.15,1689.32,1646.04,1650.8,4665306.0
1693501200,1650.78,1662.0,1642.0,1659.99,2019437.0
1693504800,1659.99,1664.5,1655.48,1657.82,701967.0
1693508400,1657.81,1659.34,1643.85,1657.4,1386038.0
1693512000,1657.32,1657.76,1645.8,1649.34,604607.0
1693515600,1649.34,1650.62,1628.53,1648.01,1943786.0
1693519200,1648.01,1650.33,1645.0,1649.95,350595.0
1693522800,1649.95,1649.95,1644.3,1646.13,261276.0
1693526400,1646.14,1654.49,1645.21,1652.66,426822.0
1693530000,1652.66,1653.37,1649.29,1649.49,248734.0
1693533600,1649.49,1652.89,1649.29,1650.09,179719.0
1693537200,1650.09,1653.0,1648.99,1652.14,179761.0
1693540800,1652.14,1652.95,1650.23,1650.42,123018.0
1693544400,1650.41,1651.0,1648.47,1648.75,187861.0
1693548000,1648.74,1650.05,1644.17,1645.18,421893.0
1693551600,1645.18,1646.97,1643.45,1646.24,293860.0
1693555200,1646.24,1648.61,1643.67,1644.28,276368.0
1693558800,1644.28,1647.54,1642.4,1645.29,331458.0
1693562400,1645.29,1646.16,1641.61,1642.25,233000.0
1693566000,1642.25,1648.58,1641.11,1646.67,350931.0
1693569600,1646.67,1652.73,1642.1,1646.9,1170276.0
1693573200,1646.9,1647.04,1634.06,1645.23,1177988.0
1693576800,1645.05,1645.5,1622.0,1630.63,2064891.0
1693580400,1630.63,1641.98,1623.42,1634.49,1345114.0
1693584000,1634.49,1637.66,1624.03,1625.63,1053865.0
1693587600,1625.52,1626.17,1601.25,1606.2,3684770.0
1693591200,1606.2,1628.55,1604.74,1618.91,1475940.0
1693594800,1618.99,1619.92,1613.47,1619.2,349039.0
1693598400,1619.36,1638.72,1616.21,1629.13,957061.0
1693602000,1629.13,1632.67,1625.02,1629.17,311492.0
1693605600,1629.16,1630.13,1626.09,1626.87,118226.0
1693609200,1626.88,1631.33,1625.84,1629.05,165385.0
1693612800,1629.06,1634.32,1628.0,1629.99,255891.0
1693616400,1629.99,1632.0,1628.12,1629.27,197337.0
1693620000,1629.28,1632.93,1628.81,1629.41,167893.0
1693623600,1629.41,1632.85,1629.41,1632.0,151018.0
1693627200,1631.99,1632.9,1630.71,1632.01,135561.0
1693630800,1632.02,1636.49,1631.2,1633.2,358720.0
1693634400,1633.2,1634.66,1630.22,1630.67,175021.0
1693638000,1630.67,1632.46,1630.1,1631.59,97620.0
1693641600,1631.6,1633.41,1630.38,1631.09,171475.0
1693645200,1631.09,1634.77,1630.4,1633.6,193016.0
1693648800,1633.6,1636.57,1632.95,1634.32,238584.0
1693652400,1634.33,1637.0,1633.48,1634.57,224948.0
1693656000,1634.57,1635.69,1633.48,1634.97,120302.0
1693659600,1634.96,1639.74,1633.45,1636.51,421149.0
1693663200,1636.51,1639.91,1635.12,1637.71,221769.0
1693666800,1637.71,1645.97,1637.21,1638.88,829968.0
1693670400,1638.88,1641.0,1635.42,1636.01,314149.0
1693674000,1636.0,1638.36,1632.21,1633.1,310067.0
1693677600,1633.09,1634.13,1628.0,1631.9,528107.0
1693681200,1631.9,1634.98,1631.06,1633.53,186490.0
1693684800,1633.53,1634.71,1632.8,1634.09,73569.0
1693688400,1634.1,1639.92,1633.61,1636.38,235571.0
1693692000,1636.38,1637.72,1635.61,1637.02,73533.0
1693695600,1637.07,1639.35,1636.45,1637.28,64552.0
1693699200,1637.28,1637.81,1631.89,1635.39,242918.0
1693702800,1635.39,1636.52,1633.34,1633.67,126404.0
1693706400,1633.66,1634.79,1631.31,1634.42,176725.0
1693710000,1634.42,1636.17,1633.48,1636.16,83491.0
1693713600,1636.16,1636.35,1634.65,1635.26,60045.0
1693717200,1635.26,1637.47,1634.43,1635.92,101771.0
1693720800,1635.9,1638.77,1635.43,1636.15,141062.0
1693724400,1636.15,1636.35,1633.59,1635.38,124709.0
1693728000,1635.38,1635.91,1631.2,1632.47,260038.0
1693731600,1632.46,1634.77,1631.89,1633.29,126769.0
1693735200,1633.29,1634.81,1632.51,1634.56,97213.0
1693738800,1634.56,1634.96,1633.27,1634.37,55282.0
1693742400,1634.36,1640.84,1631.22,1632.3,821748.0
1693746000,1632.29,1636.5,1628.07,1633.75,624665.0
1693749600,1633.74,1638.37,1633.42,1636.19,257314.0
1693753200,1636.2,1636.4,1631.0,1632.85,261805.0
1693756800,1632.85,1634.81,1624.35,1627.7,650360.0
1693760400,1627.69,1632.66,1626.68,1631.56,252942.0
1693764000,1631.56,1644.0,1631.0,1636.89,821348.0
1693767600,1636.89,1640.22,1635.26,1638.69,280386.0
1693771200,1638.7,1648.88,1636.5,1642.94,565686.0
1693774800,1642.94,1646.16,1635.82,1637.02,325332.0
1693778400,1637.03,1638.08,1633.42,1635.91,190382.0
1693782000,1635.91,1637.44,1634.13,1635.9,107150.0
1693785600,1635.9,1637.01,1634.24,1635.2,117340.0
1693789200,1635.2,1636.68,1632.14,1633.39,171146.0
1693792800,1633.43,1641.51,1632.75,1638.74,254659.0
1693796400,1638.74,1644.92,1637.5,1637.68,520081.0
1693800000,1637.68,1639.91,1637.13,1638.25,134262.0
1693803600,1638.25,1639.68,1635.16,1635.48,162320.0
1693807200,1635.48,1638.88,1634.68,1637.4,233740.0
1693810800,1637.41,1640.48,1637.4,1639.0,187400.0
1693814400,1639.01,1640.79,1638.09,1639.29,148733.0
1693818000,1639.28,1640.48,1635.1,1637.52,283628.0
1693821600,1637.51,1637.77,1633.88,1635.41,415614.0
1693825200,1635.41,1636.48,1631.38,1632.35,415058.0
1693828800,1632.35,1633.75,1628.05,1630.81,713199.0
1693832400,1630.81,1635.29,1629.91,1632.6,336674.0
1693836000,1632.6,1634.17,1628.19,1629.58,278070.0
1693839600,1629.57,1634.77,1618.03,1626.4,2124097.0
1693843200,1626.39,1629.75,1625.67,1628.82,326542.0
1693846800,1628.96,1636.25,1627.67,1630.67,392775.0
1693850400,1630.68,1633.15,1629.39,1631.08,120010.0
1693854000,1631.01,1632.5,1627.57,1631.24,176907.0
1693857600,1631.23,1632.37,1626.61,1628.55,252004.0
1693861200,1628.55,1629.16,1618.66,1621.2,602878.0
1693864800,1621.19,1624.65,1616.19,1624.4,446883.0
1693868400,1624.39,1633.0,1623.62,1630.65,645027.0
1693872000,1630.65,1631.48,1624.94,1626.0,350965.0
1693875600,1626.11,1627.1,1623.04,1623.49,214921.0
1693879200,1623.5,1624.22,1618.25,1618.53,504326.0
1693882800,1618.54,1619.08,1609.41,1618.24,1413221.0
1693886400,1618.24,1623.32,1618.15,1622.19,517100.0
1693890000,1622.12,1627.54,1621.3,1625.19,536402.0
1693893600,1625.19,1625.19,1621.18,1621.93,388806.0
1693897200,1621.93,1626.15,1621.37,1624.76,211821.0
1693900800,1624.76,1628.88,1620.52,1624.43,445934.0
1693904400,1624.43,1636.6,1623.77,1631.92,964162.0
1693908000,1632.0,1638.88,1631.63,1633.22,649952.0
1693911600,1633.19,1636.61,1631.79,1635.2,302255.0
1693915200,1635.21,1639.87,1629.79,1637.6,763784.0
1693918800,1637.6,1639.17,1630.4,1630.79,525889.0
1693922400,1630.79,1633.43,1626.0,1630.53,652176.0
1693926000,1630.54,1648.65,1630.5,1636.62,2133993.0
1693929600,1636.62,1643.44,1635.6,1636.36,501240.0
1693933200,1636.36,1639.15,1634.22,1636.16,269473.0
1693936800,1636.16,1637.98,1633.3,1636.88,151050.0
1693940400,1636.87,1639.35,1632.22,1632.36,139662.0
1693944000,1632.4,1633.64,1626.56,1629.98,427364.0
1693947600,1629.98,1634.05,1629.77,1630.61,147675.0
1693951200,1630.61,1632.39,1630.21,1632.07,88197.0
1693954800,1632.07,1634.84,1631.85,1634.78,102709.0
1693958400,1634.78,1635.68,1631.8,1633.93,202642.0
1693962000,1633.94,1635.97,1633.11,1633.63,110710.0
1693965600,1633.64,1640.0,1633.0,1639.08,273859.0
1693969200,1639.08,1640.34,1633.5,1633.55,321562.0
1693972800,1633.55,1634.03,1630.31,1631.04,296099.0
1693976400,1631.03,1631.95,1628.51,1628.99,304746.0
1693980000,1628.99,1631.69,1628.0,1630.71,307458.0
1693983600,1630.7,1631.58,1629.0,1629.01,160959.0
1693987200,1629.0,1632.31,1628.57,1631.3,170488.0
1693990800,1631.31,1633.34,1629.0,1632.2,216359.0
1693994400,1632.2,1634.36,1630.98,1631.49,210343.0
1693998000,1631.49,1636.6,1631.08,1632.49,328880.0
1694001600,1632.5,1634.81,1630.94,1632.45,201489.0
1694005200,1632.45,1635.74,1629.88,1632.5,422549.0
1694008800,1632.5,1632.5,1619.0,1624.19,1818786.0
1694012400,1624.18,1627.49,1619.44,1623.47,556494.0
1694016000,1623.47,1626.02,1622.0,1623.6,368962.0
1694019600,1623.6,1673.49,1608.23,1646.71,5311072.0
1694023200,1646.63,1655.92,1623.58,1628.36,2547783.0
1694026800,1628.39,1633.54,1626.23,1631.7,354106.0
1694030400,1631.7,1634.04,1628.55,1628.84,300139.0
1694034000,1628.78,1633.62,1627.55,1632.25,138281.0
1694037600,1632.26,1635.25,1631.42,1631.64,150813.0
1694041200,1631.65,1634.68,1631.02,1633.08,115797.0
1694044800,1633.08,1633.82,1631.9,1633.81,101107.0
1694048400,1633.81,1634.44,1631.7,1633.97,134761.0
1694052000,1633.97,1638.8,1632.5,1634.08,605053.0
1694055600,1634.11,1640.57,1633.45,1639.96,489137.0
1694059200,1639.96,1642.33,1637.28,1639.03,518041.0
1694062800,1639.03,1640.5,1637.37,1638.17,142961.0
1694066400,1638.17,1639.16,1636.87,1637.35,143905.0
1694070000,1637.35,1637.65,1635.47,1635.83,160872.0
1694073600,1635.83,1635.95,1632.25,1633.71,317032.0
1694077200,1633.71,1634.88,1631.52,1632.27,191907.0
1694080800,1632.27,1633.58,1629.46,1631.28,286543.0
1694084400,1631.27,1632.1,1626.35,1627.81,391517.0
1694088000,1627.82,1630.2,1624.19,1626.48,454929.0
1694091600,1626.48,1634.17,1625.1,1626.25,585403.0
1694095200,1626.24,1632.8,1623.48,1632.79,709938.0
1694098800,1632.79,1634.36,1629.0,1630.87,567446.0
1694102400,1630.87,1641.65,1630.07,1634.19,885411.0
1694106000,1634.19,1640.0,1631.16,1638.91,450208.0
1694109600,1638.91,1641.18,1634.24,1636.43,339054.0
1694113200,1636.4,1638.0,1632.72,1637.27,261166.0
1694116800,1637.21,1639.58,1635.7,1638.77,347441.0
1694120400,1638.64,1659.86,1638.64,1645.92,2317977.0
1694124000,1645.92,1654.55,1645.92,1649.98,663232.0
1694127600,1649.97,1652.15,1644.07,1647.67,472940.0
1694131200,1647.66,1659.19,1644.83,1654.74,714321.0
1694134800,1654.75,1657.25,1647.02,1647.28,458297.0
1694138400,1647.28,1647.96,1644.09,1645.72,305950.0
1694142000,1645.72,1647.35,1644.47,1646.63,169669.0
1694145600,1646.56,1653.56,1646.03,1651.6,440644.0
1694149200,1651.6,1653.36,1645.55,1645.58,650961.0
1694152800,1645.59,1646.68,1643.33,1645.75,315518.0
1694156400,1645.76,1648.81,1645.06,1646.87,255145.0
1694160000,1646.87,1647.63,1643.68,1645.52,225032.0
1694163600,1645.52,1645.52,1633.11,1635.6,902838.0
1694167200,1635.54,1635.56,1616.0,1626.89,3274612.0
1694170800,1626.89,1628.62,1624.77,1626.0,344648.0
1694174400,1626.0,1631.96,1624.5,1628.56,455629.0
1694178000,1628.56,1635.0,1628.01,1631.25,587941.0
1694181600,1631.25,1633.99,1629.25,1629.33,303684.0
1694185200,1629.32,1632.71,1626.79,1628.44,405122.0
1694188800,1628.43,1631.37,1624.55,1628.13,527549.0
1694192400,1628.12,1630.77,1625.33,1630.21,225906.0
1694196000,1630.2,1631.2,1626.27,1627.78,144138.0
1694199600,1627.78,1635.37,1626.76,1634.42,382665.0
1694203200,1634.42,1637.97,1633.0,1637.07,282505.0
1694206800,1637.08,1637.83,1634.12,1634.26,184282.0
1694210400,1634.26,1636.29,1634.26,1635.86,63658.0
1694214000,1635.86,1639.7,1634.84,1636.27,222939.0
1694217600,1636.27,1636.76,1634.58,1634.71,143307.0
1694221200,1634.72,1636.36,1634.51,1635.77,118167.0
1694224800,1635.77,1636.18,1634.74,1635.41,107541.0
1694228400,1635.41,1635.42,1633.28,1634.4,122808.0
1694232000,1634.4,1634.41,1631.76,1633.38,151703.0
1694235600,1633.38,1634.86,1632.06,1632.59,126621.0
1694239200,1632.59,1635.58,1632.05,1635.57,102577.0
1694242800,1635.58,1636.09,1633.73,1634.36,102583.0
1694246400,1634.36,1635.21,1633.41,1634.2,132974.0
1694250000,1634.2,1636.11,1633.41,1634.74,120479.0
1694253600,1634.74,1635.24,1633.6,1634.53,119444.0
1694257200,1634.52,1636.0,1633.61,1635.15,108049.0
1694260800,1635.15,1635.87,1634.35,1634.6,85573.0
1694264400,1634.61,1634.62,1630.17,1631.44,317909.0
1694268000,1631.44,1633.75,1630.01,1632.91,183864.0
1694271600,1632.9,1637.72,1632.9,1635.31,399287.0
1694275200,1635.31,1637.66,1634.76,1635.73,150763.0
1694278800,1635.73,1636.0,1633.87,1634.55,59167.0
1694282400,1634.55,1634.56,1632.5,1633.41,77548.0
1694286000,1633.41,1634.5,1632.81,1634.2,40188.0
1694289600,1634.2,1634.94,1633.77,1633.78,31639.0
1694293200,1633.78,1635.95,1633.65,1635.67,49927.0
1694296800,1635.67,1637.03,1635.07,1635.5,121715.0
1694300400,1635.41,1635.94,1634.45,1635.41,33373.0
1694304000,1635.41,1635.68,1630.66,1632.4,302037.0
1694307600,1632.39,1632.4,1626.56,1631.34,395333.0
1694311200,1631.35,1631.86,1630.11,1631.19,119269.0
1694314800,1631.19,1632.32,1629.9,1631.31,148045.0
1694318400,1631.3,1631.31,1617.77,1625.4,1375170.0
1694322000,1625.39,1626.6,1623.3,1626.12,244004.0
1694325600,1626.12,1628.19,1625.84,1626.83,228125.0
1694329200,1626.83,1627.4,1624.62,1624.94,108290.0
1694332800,1624.94,1626.0,1622.8,1625.67,242876.0
1694336400,1625.68,1626.88,1622.04,1623.41,166389.0
1694340000,1623.4,1623.8,1621.52,1621.85,205582.0
1694343600,1621.85,1627.13,1619.21,1624.42,489617.0
1694347200,1624.41,1627.0,1624.17,1626.0,225461.0
1694350800,1626.0,1628.77,1623.71,1626.99,362049.0
1694354400,1626.99,1627.6,1620.7,1622.29,449863.0
1694358000,1622.29,1622.3,1609.0,1619.86,1311493.0
1694361600,1619.87,1620.49,1588.74,1613.92,2185994.0
1694365200,1613.81,1614.27,1602.01,1608.76,965260.0
1694368800,1608.76,1614.34,1608.16,1612.54,360975.0
1694372400,1612.55,1620.16,1601.43,1617.34,1014133.0
1694376000,1617.34,1627.0,1614.57,1619.39,1120655.0
1694379600,1619.39,1628.88,1619.05,1623.8,403159.0
1694383200,1623.79,1627.41,1619.2,1619.31,346706.0
1694386800,1619.31,1620.24,1616.14,1617.04,221518.0
1694390400,1617.05,1619.0,1603.0,1609.89,1106946.0
1694394000,1609.89,1612.93,1606.14,1608.87,460098.0
1694397600,1608.86,1613.09,1606.71,1612.84,260252.0
1694401200,1612.84,1615.16,1612.25,1612.59,165101.0
1694404800,1612.59,1612.59,1608.04,1612.23,355330.0
1694408400,1612.21,1617.91,1611.5,1617.64,404210.0
1694412000,1617.63,1618.48,1614.43,1615.51,385304.0
1694415600,1615.52,1616.02,1611.0,1612.2,296130.0
1694419200,1612.2,1612.71,1603.5,1607.09,924603.0
1694422800,1607.0,1608.55,1578.76,1593.88,3026726.0
1694426400,1593.88,1594.42,1573.15,1589.42,2472352.0
1694430000,1589.43,1590.18,1585.16,1586.51,474187.0
1694433600,1586.52,1594.89,1584.59,1594.0,823335.0
1694437200,1594.0,1598.62,1587.19,1588.02,1008075.0
1694440800,1588.01,1590.0,1548.0,1558.95,7189711.0
1694444400,1558.96,1565.66,1550.44,1562.29,1799353.0
1694448000,1562.28,1568.17,1557.55,1558.29,1007496.0
1694451600,1558.28,1564.63,1551.33,1564.07,832552.0
1694455200,1564.08,1564.08,1555.01,1556.29,374688.0
1694458800,1556.28,1557.41,1531.0,1539.26,2300721.0
1694462400,1539.35,1546.69,1530.56,1541.88,1230250.0
1694466000,1541.88,1548.71,1538.62,1544.2,427893.0
1694469600,1544.2,1549.76,1543.97,1548.01,296631.0
1694473200,1548.01,1552.37,1546.05,1551.96,385233.0
1694476800,1551.96,1559.26,1549.7,1557.28,533887.0
1694480400,1557.29,1558.32,1552.11,1552.67,321105.0
1694484000,1552.68,1558.28,1552.08,1557.24,291274.0
1694487600,1557.23,1595.0,1557.23,1584.79,4575029.0
1694491200,1584.8,1593.4,1580.72,1582.32,1174713.0
1694494800,1582.21,1582.83,1575.52,1580.73,1010731.0
1694498400,1580.74,1585.0,1578.08,1578.98,579768.0
1694502000,1578.94,1581.79,1574.07,1579.77,613274.0
1694505600,1579.78,1584.54,1575.94,1577.81,438296.0
1694509200,1577.81,1591.0,1576.18,1589.08,816336.0
1694512800,1589.08,1627.01,1586.45,1613.96,4216671.0
1694516400,1613.96,1615.8,1606.52,1609.92,739457.0
1694520000,1609.95,1612.45,1604.07,1604.87,679966.0
1694523600,1604.86,1609.86,1595.21,1608.54,1377805.0
1694527200,1608.53,1614.0,1594.78,1597.58,1560162.0
1694530800,1597.5,1605.8,1597.49,1604.08,527511.0
1694534400,1604.08,1623.53,1596.27,1598.81,2061319.0
1694538000,1598.8,1602.59,1583.61,1585.84,1591948.0
1694541600,1585.84,1593.6,1583.95,1593.28,487699.0
1694545200,1593.28,1610.78,1593.28,1598.24,911567.0
1694548800,1598.22,1601.27,1597.06,1598.94,139252.0
1694552400,1598.94,1604.45,1597.52,1601.16,160500.0
1694556000,1601.16,1601.17,1595.68,1596.62,245790.0
1694559600,1596.63,1596.98,1590.02,1593.21,488570.0
1694563200,1593.2,1601.47,1589.35,1597.32,466769.0
1694566800,1597.32,1601.0,1595.94,1598.92,250671.0
1694570400,1598.92,1599.57,1593.87,1594.39,227846.0
1694574000,1594.39,1595.83,1586.6,1589.95,479007.0
1694577600,1589.94,1592.37,1588.09,1590.8,296952.0
1694581200,1590.79,1590.99,1580.5,1584.48,692363.0
1694584800,1584.48,1589.14,1581.61,1587.58,394648.0
1694588400,1587.59,1603.49,1582.61,1584.3,1711321.0
1694592000,1584.29,1594.8,1582.8,1592.75,602985.0
1694595600,1592.75,1602.56,1590.7,1600.72,786881.0
1694599200,1600.72,1604.19,1595.55,1600.03,911912.0
1694602800,1600.03,1607.6,1597.18,1604.47,612299.0
1694606400,1604.48,1605.8,1592.2,1601.0,1686216.0
1694610000,1601.0,1602.0,1592.03,1595.27,672755.0
1694613600,1595.26,1611.81,1592.3,1603.72,1386411.0
1694617200,1603.72,1619.14,1602.02,1608.01,1368816.0
1694620800,1608.02,1615.84,1605.7,1609.24,868170.0
1694624400,1609.24,1611.26,1596.35,1597.55,1144334.0
1694628000,1597.56,1602.46,1596.96,1599.29,256960.0
1694631600,1599.29,1602.88,1595.07,1599.23,313702.0
1694635200,1599.28,1605.77,1599.05,1603.64,219981.0
1694638800,1603.68,1607.52,1602.65,1605.12,113997.0
1694642400,1605.11,1609.51,1605.11,1606.7,135850.0
1694646000,1606.69,1609.94,1605.73,1607.4,133647.0
1694649600,1607.4,1637.1,1606.89,1635.74,2254117.0
1694653200,1635.73,1638.84,1618.01,1620.35,1913764.0
1694656800,1620.34,1623.42,1617.37,1623.42,577445.0
1694660400,1623.42,1624.48,1618.37,1620.41,259484.0
1694664000,1620.4,1621.63,1613.76,1615.97,385617.0
1694667600,1615.97,1618.5,1612.02,1614.67,423264.0
1694671200,1614.67,1620.49,1613.31,1619.88,261917.0
1694674800,1619.88,1626.67,1616.41,1621.44,614263.0
1694678400,1621.45,1622.62,1617.17,1619.86,416031.0
1694682000,1619.87,1621.07,1618.04,1619.52,152596.0
1694685600,1619.54,1622.97,1618.14,1622.24,339726.0
1694689200,1622.2,1626.99,1621.71,1624.67,559609.0
1694692800,1624.67,1629.58,1617.0,1624.06,1307135.0
1694696400,1624.06,1636.0,1621.01,1624.97,1801769.0
1694700000,1624.97,1638.36,1622.5,1636.4,1308246.0
1694703600,1636.4,1644.33,1628.51,1634.4,1411610.0
1694707200,1634.41,1635.89,1626.14,1634.69,775393.0
1694710800,1634.69,1638.2,1631.67,1636.84,441019.0
1694714400,1636.84,1644.99,1629.06,1629.46,837005.0
1694718000,1629.45,1636.59,1629.2,1635.97,279783.0
1694721600,1636.06,1638.48,1626.8,1626.93,354920.0
1694725200,1626.92,1629.9,1623.39,1627.1,320702.0
1694728800,1627.1,1632.0,1625.82,1629.64,235781.0
1694732400,1629.64,1631.0,1625.0,1626.32,224389.0
1694736000,1626.33,1629.37,1623.13,1624.21,399013.0
1694739600,1624.21,1627.95,1622.0,1627.62,266793.0
1694743200,1627.62,1635.8,1627.62,1632.42,720968.0
1694746800,1632.43,1635.26,1630.55,1634.31,267541.0
1694750400,1634.3,1635.82,1630.96,1633.2,239983.0
1694754000,1633.2,1634.49,1629.68,1630.96,213199.0
1694757600,1630.96,1632.3,1628.5,1630.03,183936.0
1694761200,1630.03,1630.5,1627.0,1627.97,263474.0
1694764800,1627.97,1629.78,1625.88,1629.54,417849.0
1694768400,1629.58,1632.49,1626.58,1628.71,338170.0
1694772000,1628.66,1630.51,1627.62,1630.2,182685.0
1694775600,1630.19,1630.31,1617.08,1620.89,977293.0
1694779200,1620.88,1624.0,1619.23,1619.91,573496.0
1694782800,1619.91,1625.99,1619.6,1620.5,415744.0
1694786400,1620.5,1623.0,1611.0,1614.62,1214546.0
1694790000,1614.61,1620.46,1614.04,1619.64,411955.0
1694793600,1619.65,1624.0,1618.74,1623.01,544615.0
1694797200,1623.01,1623.33,1618.59,1619.16,265662.0
1694800800,1619.16,1622.0,1617.42,1619.13,142528.0
1694804400,1619.13,1623.6,1618.74,1621.37,133478.0
1694808000,1621.37,1623.0,1618.82,1622.66,187076.0
1694811600,1622.65,1639.71,1622.65,1632.19,1222363.0
1694815200,1632.2,1654.7,1630.57,1649.55,1404782.0
1694818800,1649.55,1653.52,1640.7,1641.18,865991.0
1694822400,1641.18,1645.39,1640.0,1641.72,425451.0
1694826000,1641.71,1644.82,1638.13,1643.54,419680.0
1694829600,1643.55,1653.0,1643.55,1645.16,781670.0
1694833200,1645.16,1647.7,1640.24,1641.56,417838.0
1694836800,1641.57,1642.53,1638.5,1639.01,502947.0
1694840400,1639.0,1640.81,1637.26,1638.09,368024.0
1694844000,1638.09,1639.66,1634.56,1636.84,291573.0
1694847600,1636.83,1638.29,1635.0,1637.01,227989.0
1694851200,1637.0,1637.7,1633.61,1635.02,306351.0
1694854800,1635.02,1638.99,1634.39,1634.87,215185.0
1694858400,1634.86,1636.99,1631.45,1636.82,409352.0
1694862000,1636.82,1637.51,1634.06,1635.84,175511.0
1694865600,1635.83,1639.57,1634.5,1637.23,277842.0
1694869200,1637.23,1637.87,1634.19,1635.43,179475.0
1694872800,1635.43,1636.95,1633.0,1633.24,218111.0
1694876400,1633.24,1637.2,1631.1,1634.35,225480.0
1694880000,1634.35,1636.77,1633.6,1636.77,116766.0
1694883600,1636.76,1639.5,1635.4,1637.5,207341.0
1694887200,1637.51,1638.99,1635.23,1637.17,92797.0
1694890800,1637.16,1637.17,1631.84,1633.61,165914.0
1694894400,1633.6,1636.5,1633.02,1634.79,88594.0
1694898000,1634.8,1638.0,1634.42,1636.8,80296.0
1694901600,1636.79,1637.36,1634.71,1635.85,64161.0
1694905200,1635.9,1636.84,1632.79,1634.4,132552.0
1694908800,1634.4,1634.4,1621.82,1625.12,958095.0
1694912400,1625.12,1627.25,1618.78,1625.33,731393.0
1694916000,1625.32,1629.96,1624.33,1628.08,284700.0
1694919600,1628.07,1630.0,1627.26,1628.99,155962.0
1694923200,1628.99,1631.44,1627.07,1630.87,221785.0
1694926800,1630.86,1631.81,1628.13,1629.88,157303.0
1694930400,1629.88,1631.16,1628.61,1630.41,104270.0
1694934000,1630.4,1630.78,1627.2,1627.6,137634.0
1694937600,1627.6,1632.89,1627.04,1631.9,253386.0
1694941200,1631.91,1634.3,1630.39,1633.8,210930.0
1694944800,1633.81,1635.59,1633.13,1633.8,215523.0
1694948400,1633.8,1634.36,1629.4,1629.4,188956.0
1694952000,1629.4,1632.5,1629.15,1631.65,122265.0
1694955600,1631.64,1631.65,1627.33,1628.68,248658.0
1694959200,1628.69,1632.49,1628.23,1628.99,165215.0
1694962800,1629.0,1631.8,1628.51,1629.67,144708.0
1694966400,1629.66,1629.66,1624.0,1624.81,392046.0
1694970000,1624.8,1624.91,1620.0,1620.09,431514.0
1694973600,1620.08,1626.05,1617.75,1625.3,370734.0
1694977200,1625.3,1627.02,1625.3,1625.93,88442.0
1694980800,1625.93,1626.7,1612.83,1617.0,821553.0
1694984400,1616.99,1620.9,1611.3,1619.76,592447.0
1694988000,1619.77,1620.95,1615.55,1620.9,265026.0
1694991600,1620.9,1623.67,1616.09,1622.53,294918.0
1694995200,1622.58,1624.98,1600.0,1612.7,1684197.0
1694998800,1612.71,1617.17,1612.7,1616.21,281809.0
1695002400,1616.19,1636.68,1615.68,1629.22,1761323.0
1695006000,1629.23,1630.92,1624.81,1629.84,441233.0
1695009600,1629.84,1632.22,1626.4,1630.31,296859.0
1695013200,1630.31,1635.33,1629.35,1629.66,458486.0
1695016800,1629.67,1632.99,1627.68,1628.73,294143.0
1695020400,1628.72,1638.78,1628.66,1633.69,944182.0
1695024000,1633.7,1635.0,1630.59,1633.26,233315.0
1695027600,1633.26,1643.07,1633.26,1638.1,1104777.0
1695031200,1638.1,1652.51,1638.1,1648.45,1695591.0
1695034800,1648.54,1659.48,1648.54,1655.72,1241976.0
1695038400,1655.73,1669.0,1650.57,1665.33,2030786.0
1695042000,1665.24,1667.5,1652.54,1656.8,1112678.0
1695045600,1656.8,1659.58,1650.57,1657.33,647616.0
1695049200,1657.32,1662.38,1654.21,1655.58,531607.0
1695052800,1655.59,1658.76,1651.71,1655.55,629553.0
1695056400,1655.56,1657.41,1633.72,1638.72,1863835.0
1695060000,1638.67,1644.58,1633.0,1637.19,730510.0
1695063600,1637.18,1645.4,1635.3,1640.74,463242.0
1695067200,1640.75,1641.98,1636.8,1637.53,236656.0
1695070800,1637.57,1640.49,1635.83,1640.42,130745.0
1695074400,1640.42,1642.47,1637.95,1642.19,187731.0
1695078000,1642.19,1642.46,1635.37,1636.62,269018.0
1695081600,1636.62,1639.08,1626.19,1630.46,871609.0
1695085200,1630.45,1634.0,1629.5,1633.19,311575.0
1695088800,1633.19,1640.0,1632.24,1639.88,384986.0
1695092400,1639.79,1640.08,1633.3,1634.49,419633.0
1695096000,1634.48,1638.44,1632.72,1637.12,227396.0
1695099600,1637.12,1638.26,1635.25,1635.89,163646.0
1695103200,1635.89,1637.77,1632.1,1636.6,278976.0
1695106800,1636.56,1638.34,1635.85,1635.86,179281.0
1695110400,1635.85,1644.54,1635.76,1643.69,604350.0
1695114000,1643.69,1661.26,1641.0,1653.44,1930243.0
1695117600,1653.45,1654.36,1641.27,1646.44,1036197.0
1695121200,1646.43,1647.67,1641.52,1647.67,491096.0
1695124800,1647.67,1651.01,1640.0,1644.0,810066.0
1695128400,1644.01,1648.01,1635.85,1638.38,769565.0
1695132000,1638.39,1647.0,1634.0,1645.57,1122798.0
1695135600,1645.57,1659.84,1644.15,1656.98,1845783.0
1695139200,1656.77,1659.8,1648.21,1650.92,868311.0
1695142800,1650.93,1651.08,1642.02,1645.51,557976.0
1695146400,1645.51,1649.5,1643.52,1644.86,267250.0
1695150000,1644.87,1645.4,1640.1,1644.28,312826.0
1695153600,1644.27,1644.67,1638.62,1642.28,348864.0
1695157200,1642.27,1642.61,1636.31,1641.05,303089.0
1695160800,1641.05,1643.2,1637.54,1642.01,171979.0
1695164400,1642.0,1645.0,1641.39,1643.49,204133.0
1695168000,1643.49,1644.56,1639.15,1642.27,241750.0
1695171600,1642.27,1649.2,1641.21,1648.67,370698.0
1695175200,1648.67,1649.54,1639.5,1640.21,529370.0
1695178800,1640.2,1641.96,1636.03,1637.8,386258.0
1695182400,1637.8,1639.52,1635.4,1635.73,336670.0
1695186000,1635.73,1637.52,1633.29,1634.36,426061.0
1695189600,1634.36,1637.9,1630.65,1634.11,588185.0
1695193200,1634.12,1636.96,1632.8,1634.82,255865.0
1695196800,1634.81,1638.5,1633.5,1637.54,270485.0
1695200400,1637.54,1638.37,1617.0,1627.24,1896657.0
1695204000,1627.24,1629.41,1623.18,1629.21,585016.0
1695207600,1629.22,1633.0,1628.6,1629.66,442480.0
1695211200,1629.67,1632.84,1622.38,1626.12,624767.0
1695214800,1626.12,1633.8,1620.2,1631.27,798270.0
1695218400,1631.21,1634.88,1624.51,1627.52,695037.0
1695222000,1627.51,1630.79,1624.64,1628.87,365287.0
1695225600,1628.86,1630.53,1625.89,1627.56,333096.0
1695229200,1627.55,1632.8,1625.57,1628.76,445599.0
1695232800,1628.75,1641.0,1625.01,1632.26,1294221.0
1695236400,1632.09,1633.61,1603.69,1615.9,2228077.0
1695240000,1615.9,1624.83,1614.61,1624.83,417447.0
1695243600,1624.82,1630.0,1622.35,1626.15,445443.0
1695247200,1626.2,1626.46,1620.79,1623.11,497769.0
1695250800,1623.12,1624.39,1619.58,1622.37,421057.0
1695254400,1622.37,1625.72,1620.06,1620.41,695772.0
1695258000,1620.41,1621.33,1613.41,1617.35,765621.0
1695261600,1617.36,1621.17,1615.4,1618.1,341819.0
1695265200,1618.09,1623.48,1618.0,1623.28,263684.0
1695268800,1623.28,1624.52,1620.82,1624.12,312742.0
1695272400,1624.13,1624.39,1620.13,1623.86,227961.0
1695276000,1623.87,1623.88,1617.51,1621.5,338214.0
1695279600,1621.49,1621.5,1616.57,1618.31,197060.0
1695283200,1618.32,1622.82,1616.66,1617.01,467843.0
1695286800,1617.02,1618.0,1605.21,1610.28,1435246.0
1695290400,1610.28,1611.89,1587.27,1591.66,2846295.0
1695294000,1591.75,1597.29,1589.72,1594.92,917121.0
1695297600,1594.92,1597.03,1583.78,1590.68,1600932.0
1695301200,1590.69,1590.91,1565.81,1576.31,3003697.0
1695304800,1576.31,1585.23,1574.0,1583.78,1029125.0
1695308400,1583.79,1587.92,1580.45,1583.43,712078.0
1695312000,1583.43,1587.66,1581.73,1586.07,361259.0
1695315600,1586.07,1593.13,1586.01,1588.76,650983.0
1695319200,1588.75,1592.46,1588.28,1591.38,224629.0
1695322800,1591.36,1592.37,1585.82,1589.48,312042.0
1695326400,1589.48,1590.19,1582.5,1588.0,389797.0
1695330000,1588.0,1588.91,1583.51,1588.9,158360.0
1695333600,1588.91,1588.95,1584.19,1585.89,103565.0
1695337200,1585.89,1587.86,1583.7,1583.89,140124.0
1695340800,1583.89,1591.86,1576.0,1590.89,1062475.0
1695344400,1590.89,1595.36,1585.31,1591.0,517577.0
1695348000,1591.01,1592.8,1588.3,1588.64,231524.0
1695351600,1588.65,1596.88,1588.31,1594.56,466440.0
1695355200,1594.59,1595.8,1593.26,1594.0,286367.0
1695358800,1594.0,1594.6,1591.37,1593.97,161522.0
1695362400,1593.97,1595.91,1591.0,1591.9,285461.0
1695366000,1591.89,1597.5,1587.03,1595.79,627408.0
1695369600,1595.8,1602.9,1595.38,1596.08,1049261.0
1695373200,1596.08,1596.6,1593.28,1594.97,322254.0
1695376800,1594.97,1596.84,1593.0,1593.64,239836.0
1695380400,1593.63,1597.8,1593.63,1597.04,160053.0
1695384000,1597.05,1599.55,1594.73,1595.01,367934.0
1695387600,1595.0,1597.95,1593.03,1596.83,326009.0
1695391200,1596.79,1600.83,1593.37,1598.72,592498.0
1695394800,1598.72,1599.0,1593.0,1593.47,324676.0
1695398400,1593.46,1594.54,1588.01,1589.83,568751.0
1695402000,1589.84,1592.83,1586.72,1591.9,466135.0
1695405600,1591.91,1595.87,1589.78,1595.28,217144.0
1695409200,1595.28,1599.41,1591.42,1592.75,469707.0
1695412800,1592.52,1594.79,1590.11,1592.08,204219.0
1695416400,1592.07,1594.31,1589.3,1594.11,149497.0
1695420000,1594.11,1595.46,1592.43,1595.07,126587.0
1695423600,1595.07,1595.08,1593.02,1593.32,87643.0
1695427200,1593.32,1598.14,1593.1,1595.95,341487.0
1695430800,1595.96,1597.13,1593.88,1595.81,201616.0
1695434400,1595.82,1595.84,1592.1,1592.34,160321.0
1695438000,1592.34,1593.01,1590.23,1591.06,231609.0
1695441600,1591.05,1592.67,1589.8,1592.42,157192.0
1695445200,1592.42,1594.39,1592.4,1593.8,154552.0
1695448800,1593.8,1595.5,1593.6,1594.22,154250.0
1695452400,1594.22,1594.58,1591.73,1594.28,188130.0
1695456000,1594.28,1594.77,1591.84,1592.91,115032.0
1695459600,1592.94,1594.79,1591.0,1592.99,222327.0
1695463200,1592.99,1593.44,1591.95,1591.96,68929.0
1695466800,1591.96,1593.5,1590.97,1593.41,113881.0
1695470400,1593.42,1595.41,1591.25,1592.83,290084.0
1695474000,1592.83,1593.26,1590.85,1591.8,127926.0
1695477600,1591.81,1593.34,1590.6,1592.22,146972.0
1695481200,1592.22,1592.41,1587.68,1590.85,272229.0
1695484800,1590.83,1594.46,1588.96,1593.62,240485.0
1695488400,1593.63,1594.51,1590.13,1591.35,170766.0
1695492000,1591.35,1595.4,1590.95,1592.96,180047.0
1695495600,1592.99,1595.32,1592.74,1594.68,71824.0
1695499200,1594.67,1595.49,1593.06,1593.39,57074.0
1695502800,1593.39,1594.19,1592.22,1593.01,50649.0
1695506400,1593.01,1593.48,1590.55,1590.6,91437.0
1695510000,1590.6,1593.99,1589.89,1593.74,102449.0
1695513600,1593.75,1594.29,1591.95,1592.5,96207.0
1695517200,1592.5,1593.93,1590.8,1593.92,111278.0
1695520800,1593.92,1594.88,1593.5,1594.01,151878.0
1695524400,1594.01,1594.07,1592.03,1592.06,53454.0
1695528000,1592.07,1592.87,1591.2,1592.57,93250.0
1695531600,1592.57,1593.01,1591.51,1592.68,78574.0
1695535200,1592.68,1592.69,1591.18,1592.27,92560.0
1695538800,1592.26,1592.47,1591.2,1591.75,64522.0
1695542400,1591.75,1594.4,1591.74,1594.34,125574.0
1695546000,1594.35,1596.24,1593.53,1593.78,252373.0
1695549600,1593.78,1594.13,1592.05,1592.51,101927.0
1695553200,1592.51,1595.0,1592.5,1593.98,125819.0
1695556800,1593.97,1596.19,1592.43,1595.27,143250.0
1695560400,1595.27,1596.44,1594.09,1594.86,157545.0
1695564000,1594.85,1595.5,1593.71,1595.46,112996.0
1695567600,1595.45,1596.1,1588.4,1590.86,448611.0
1695571200,1590.86,1591.69,1589.31,1591.41,207872.0
1695574800,1591.4,1601.61,1590.52,1598.29,735809.0
1695578400,1598.36,1599.75,1577.71,1590.0,1794602.0
1695582000,1590.0,1591.23,1579.35,1586.09,752891.0
1695585600,1586.09,1590.9,1583.54,1590.39,261504.0
1695589200,1590.39,1591.31,1586.1,1589.98,142968.0
1695592800,1589.97,1589.98,1586.24,1589.32,151955.0
1695596400,1589.31,1589.31,1567.84,1580.76,1441122.0
1695600000,1580.77,1581.2,1562.2,1580.0,1842175.0
1695603600,1580.0,1589.07,1575.0,1575.48,936699.0
1695607200,1575.48,1581.5,1574.96,1580.21,391168.0
1695610800,1580.2,1582.37,1577.3,1577.67,322616.0
1695614400,1577.67,1580.65,1575.01,1578.74,342722.0
1695618000,1578.73,1579.41,1574.1,1576.25,256828.0
1695621600,1576.25,1581.0,1572.3,1578.44,469338.0
1695625200,1578.43,1581.96,1576.3,1581.13,342703.0
1695628800,1581.14,1583.38,1576.21,1578.35,366493.0
1695632400,1578.35,1578.7,1572.9,1573.29,491594.0
1695636000,1573.28,1576.33,1573.04,1574.22,245624.0
1695639600,1574.21,1575.71,1565.16,1569.08,842158.0
1695643200,1569.08,1572.45,1563.99,1570.94,741501.0
1695646800,1570.94,1577.61,1570.0,1576.61,619543.0
1695650400,1576.6,1577.0,1573.33,1576.1,474193.0
1695654000,1576.15,1589.99,1576.15,1584.78,1663378.0
1695657600,1584.8,1597.75,1584.8,1590.88,1467758.0
1695661200,1590.89,1595.44,1588.0,1592.58,550751.0
1695664800,1592.58,1594.28,1591.0,1591.51,188442.0
1695668400,1591.52,1592.43,1587.37,1591.5,213275.0
1695672000,1591.51,1596.98,1586.05,1586.33,390102.0
1695675600,1586.36,1587.7,1584.58,1587.36,222055.0
1695679200,1587.36,1587.86,1586.57,1587.11,216183.0
1695682800,1587.11,1589.9,1586.71,1588.38,149691.0
1695686400,1588.37,1588.99,1585.74,1587.2,184504.0
1695690000,1587.21,1592.0,1586.2,1591.12,288061.0
1695693600,1591.13,1592.98,1588.62,1592.57,256359.0
1695697200,1592.58,1594.41,1591.41,1591.6,288662.0
1695700800,1591.59,1592.4,1590.47,1591.51,145333.0
1695704400,1591.52,1593.47,1591.16,1592.26,122162.0
1695708000,1592.26,1595.2,1587.36,1588.69,407450.0
1695711600,1588.7,1590.37,1587.4,1589.15,229007.0
1695715200,1589.15,1592.7,1588.6,1589.9,259392.0
1695718800,1589.91,1599.79,1588.09,1593.36,856778.0
1695722400,1593.36,1594.16,1586.54,1588.54,540132.0
1695726000,1588.66,1593.27,1585.67,1591.85,477421.0
1695729600,1591.85,1593.68,1587.1,1587.32,533722.0
1695733200,1587.31,1589.56,1579.49,1584.81,887174.0
1695736800,1584.8,1587.86,1582.09,1587.16,650403.0
1695740400,1587.15,1587.67,1580.27,1583.15,513204.0
1695744000,1583.15,1592.89,1581.99,1588.71,682212.0
1695747600,1588.71,1591.74,1583.75,1585.95,402682.0
1695751200,1585.96,1587.2,1583.63,1584.68,172564.0
1695754800,1584.65,1591.0,1584.44,1589.4,221518.0
1695758400,1589.4,1591.66,1586.85,1587.27,226347.0
1695762000,1587.37,1589.33,1584.06,1589.08,216951.0
1695765600,1589.09,1591.13,1587.23,1587.62,223065.0
1695769200,1587.63,1595.45,1587.2,1593.79,447251.0
1695772800,1593.8,1597.49,1592.11,1594.6,458150.0
1695776400,1594.6,1594.97,1589.19,1592.35,300909.0
1695780000,1592.34,1593.81,1589.69,1590.36,198227.0
1695783600,1590.36,1598.0,1590.24,1595.65,348854.0
1695787200,1595.65,1597.53,1592.16,1592.4,356319.0
1695790800,1592.4,1593.04,1590.96,1593.04,257589.0
1695794400,1593.04,1594.49,1591.45,1594.0,209759.0
1695798000,1594.0,1594.5,1591.04,1592.51,200490.0
1695801600,1592.51,1593.57,1590.3,1592.68,195121.0
1695805200,1592.67,1614.64,1592.51,1612.32,2492028.0
1695808800,1612.27,1621.7,1610.65,1616.66,1728445.0
1695812400,1616.66,1634.84,1616.66,1629.81,2322548.0
1695816000,1629.8,1631.92,1622.21,1624.28,1209739.0
1695819600,1624.29,1628.69,1616.8,1619.04,1093520.0
1695823200,1619.05,1621.4,1592.11,1594.92,3876412.0
1695826800,1594.92,1603.31,1593.38,1601.93,1010443.0
1695830400,1601.93,1603.33,1597.8,1598.4,604666.0
1695834000,1598.4,1599.99,1593.35,1597.28,469007.0
1695837600,1597.28,1597.28,1582.7,1594.65,1550577.0
1695841200,1594.65,1600.0,1593.89,1598.0,388659.0
1695844800,1597.99,1600.0,1592.69,1594.79,316535.0
1695848400,1594.89,1596.01,1593.57,1595.6,122282.0
1695852000,1595.6,1598.54,1595.23,1598.1,164133.0
1695855600,1598.09,1599.67,1594.89,1598.64,274465.0
1695859200,1598.64,1607.85,1597.9,1603.58,841881.0
1695862800,1603.58,1608.0,1598.44,1607.48,502781.0
1695866400,1607.49,1615.88,1605.65,1606.27,1012549.0
1695870000,1606.27,1607.21,1603.41,1606.21,336335.0
1695873600,1606.21,1611.0,1604.63,1609.56,338993.0
1695877200,1609.55,1615.0,1607.31,1613.8,496743.0
1695880800,1613.79,1619.64,1609.65,1617.2,538042.0
1695884400,1617.2,1622.41,1616.51,1619.27,761386.0
1695888000,1619.27,1620.6,1614.34,1617.46,515062.0
1695891600,1617.46,1621.9,1617.07,1619.63,322172.0
1695895200,1619.64,1638.35,1618.76,1632.4,2009968.0
1695898800,1632.4,1634.58,1621.0,1623.92,1188764.0
1695902400,1623.92,1628.38,1621.36,1622.37,662162.0
1695906000,1622.37,1630.0,1622.14,1629.21,694801.0
1695909600,1629.19,1648.46,1626.79,1639.55,3402554.0
1695913200,1639.54,1655.0,1637.0,1652.83,1891329.0
1695916800,1652.82,1668.45,1652.42,1655.72,3255847.0
1695920400,1655.71,1663.38,1655.61,1660.95,670321.0
1695924000,1660.95,1665.93,1645.08,1650.68,1207564.0
1695927600,1650.68,1659.75,1648.25,1658.5,590706.0
1695931200,1658.54,1661.41,1653.4,1656.0,394912.0
1695934800,1656.03,1657.65,1641.89,1650.29,522407.0
1695938400,1650.29,1653.42,1648.45,1650.52,257509.0
1695942000,1650.52,1655.42,1649.8,1652.88,254501.0
1695945600,1652.88,1658.2,1650.0,1653.93,403266.0
1695949200,1653.93,1656.99,1650.0,1656.01,330975.0
1695952800,1656.01,1658.8,1650.2,1650.86,456457.0
1695956400,1650.81,1653.09,1648.31,1651.79,262410.0
1695960000,1651.79,1654.46,1649.08,1654.4,229684.0
1695963600,1654.39,1657.24,1653.65,1655.71,258379.0
1695967200,1655.72,1662.0,1654.0,1659.02,464272.0
1695970800,1659.03,1688.61,1657.74,1686.49,3545551.0
1695974400,1686.5,1686.6,1670.0,1671.42,1481506.0
1695978000,1671.42,1677.5,1669.75,1673.34,769240.0
1695981600,1673.34,1676.13,1671.15,1672.8,389240.0
1695985200,1672.79,1674.85,1666.44,1668.84,543691.0
1695988800,1668.84,1675.0,1666.09,1673.44,788084.0
1695992400,1673.43,1676.95,1667.76,1669.0,589939.0
1695996000,1669.0,1685.28,1655.28,1673.52,3823890.0
1695999600,1673.57,1675.61,1666.4,1672.19,749730.0
1696003200,1672.2,1673.2,1662.0,1666.96,704174.0
1696006800,1666.97,1667.99,1662.43,1662.9,345954.0
1696010400,1662.9,1667.71,1656.82,1666.5,926438.0
1696014000,1666.49,1667.57,1663.46,1665.46,297700.0
1696017600,1665.45,1672.44,1664.05,1668.42,424365.0
1696021200,1668.42,1669.97,1665.4,1666.15,175517.0
1696024800,1666.15,1668.5,1665.88,1667.25,72411.0
1696028400,1667.25,1669.64,1665.28,1667.41,121842.0
1696032000,1667.4,1672.7,1666.69,1671.09,239337.0
1696035600,1671.09,1671.6,1667.0,1667.52,184793.0
1696039200,1667.51,1670.86,1666.09,1670.5,201859.0
1696042800,1670.51,1672.4,1668.69,1670.32,190845.0
1696046400,1670.33,1671.09,1669.75,1669.81,90028.0
1696050000,1669.81,1673.55,1669.8,1673.43,190018.0
1696053600,1673.42,1675.77,1672.05,1672.47,263023.0
1696057200,1672.47,1674.0,1671.07,1671.87,161334.0
1696060800,1671.87,1675.2,1671.48,1674.23,167370.0
1696064400,1674.24,1677.88,1673.63,1675.5,342506.0
1696068000,1675.49,1675.98,1674.65,1675.6,109089.0
1696071600,1675.6,1679.65,1674.2,1675.76,387888.0
1696075200,1675.75,1678.18,1673.64,1674.0,229433.0
1696078800,1674.0,1682.49,1672.77,1680.51,580308.0
1696082400,1680.52,1687.37,1678.81,1681.09,1101282.0
1696086000,1681.08,1695.0,1679.37,1683.6,1455001.0
1696089600,1683.6,1686.59,1679.0,1680.9,675106.0
1696093200,1680.9,1680.9,1672.0,1679.58,573213.0
1696096800,1679.57,1680.0,1675.1,1676.88,183779.0
1696100400,1676.89,1681.76,1675.53,1679.23,213800.0
1696104000,1679.23,1681.2,1677.94,1680.08,115735.0
1696107600,1680.06,1683.8,1665.0,1674.53,576232.0
1696111200,1674.52,1677.79,1673.9,1675.0,197573.0
1696114800,1674.99,1675.0,1669.14,1671.32,329305.0
1696118400,1671.31,1674.79,1670.45,1674.14,216433.0
1696122000,1674.14,1677.89,1673.01,1673.76,278787.0
1696125600,1673.77,1674.88,1671.98,1674.0,216860.0
1696129200,1674.01,1674.77,1672.11,1674.48,157215.0
1696132800,1674.47,1675.69,1673.54,1675.69,89417.0
1696136400,1675.68,1680.44,1675.41,1679.25,331156.0
1696140000,1679.26,1680.76,1677.72,1678.83,188270.0
1696143600,1678.82,1679.76,1676.98,1678.41,149936.0
1696147200,1678.41,1681.48,1676.5,1679.48,244979.0
1696150800,1679.41,1688.0,1679.23,1686.0,627362.0
1696154400,1685.99,1692.6,1684.1,1686.43,853665.0
1696158000,1686.35,1692.0,1684.5,1688.69,457237.0
1696161600,1688.69,1689.32,1683.68,1687.8,370883.0
1696165200,1687.8,1688.0,1682.01,1686.75,340598.0
1696168800,1686.74,1691.0,1676.98,1681.5,1020628.0
1696172400,1681.49,1684.6,1680.69,1683.79,223799.0
1696176000,1683.79,1684.39,1677.46,1679.43,356525.0
1696179600,1679.42,1681.45,1670.6,1672.81,828556.0
1696183200,1672.84,1676.84,1671.97,1675.8,270791.0
1696186800,1675.88,1677.62,1674.4,1676.58,167970.0
1696190400,1676.58,1677.04,1667.66,1674.44,591136.0
1696194000,1674.43,1678.95,1673.4,1678.41,155517.0
1696197600,1678.41,1785.54,1676.47,1734.83,5940321.0
1696201200,1734.84,1737.0,1725.28,1734.0,1012234.0
1696204800,1734.0,1735.47,1721.2,1724.75,781705.0
1696208400,1724.76,1726.8,1718.13,1726.19,577879.0
1696212000,1726.19,1729.29,1724.5,1727.01,330692.0
1696215600,1727.01,1733.54,1725.35,1729.28,535777.0
1696219200,1729.27,1730.08,1725.14,1726.4,290356.0
1696222800,1726.41,1728.71,1711.99,1718.31,974813.0
1696226400,1718.31,1724.92,1716.82,1724.9,391110.0
1696230000,1724.91,1734.25,1722.75,1730.2,1026724.0
1696233600,1730.19,1745.42,1725.86,1734.6,1335046.0
1696237200,1734.61,1736.0,1729.66,1731.45,498055.0
1696240800,1731.45,1732.88,1730.4,1731.44,238196.0
1696244400,1731.44,1733.9,1724.43,1725.41,618081.0
1696248000,1725.4,1734.95,1724.13,1730.16,827106.0
1696251600,1730.09,1730.7,1718.41,1728.41,1022309.0
1696255200,1728.43,1729.33,1704.1,1716.47,2602173.0
1696258800,1716.47,1717.75,1687.57,1692.01,2433722.0
1696262400,1692.01,1693.97,1679.45,1686.62,2217919.0
1696266000,1686.62,1690.94,1681.34,1688.62,708045.0
1696269600,1688.62,1692.66,1631.0,1657.86,3447047.0
1696273200,1657.86,1675.09,1649.0,1674.6,1185960.0
1696276800,1674.6,1674.6,1664.15,1665.29,448680.0
1696280400,1665.36,1666.54,1635.0,1654.62,1381181.0
1696284000,1654.63,1661.78,1649.6,1661.38,585157.0
1696287600,1661.32,1666.0,1658.68,1662.41,469866.0
1696291200,1662.3,1666.84,1661.49,1662.52,399196.0
1696294800,1662.52,1669.04,1660.09,1667.95,399609.0
1696298400,1668.0,1668.23,1665.93,1667.82,190137.0
1696302000,1667.81,1667.89,1663.65,1665.71,294013.0
1696305600,1665.7,1667.97,1663.65,1667.48,264170.0
1696309200,1667.48,1670.76,1664.05,1665.79,276510.0
1696312800,1665.79,1670.79,1664.75,1668.99,229258.0
1696316400,1669.0,1669.66,1661.9,1662.51,346260.0
1696320000,1662.41,1667.66,1662.27,1664.21,244554.0
1696323600,1664.21,1665.73,1659.09,1659.37,356152.0
1696327200,1659.37,1661.27,1654.46,1659.81,606182.0
1696330800,1659.81,1660.19,1650.0,1656.35,785912.0
1696334400,1656.36,1659.0,1648.43,1656.18,737871.0
1696338000,1656.18,1663.33,1652.93,1661.43,722272.0
1696341600,1661.42,1661.42,1643.0,1648.21,1599847.0
1696345200,1648.2,1652.82,1643.5,1648.41,779634.0
1696348800,1648.4,1653.42,1647.08,1650.99,438780.0
1696352400,1651.0,1658.44,1650.4,1655.37,515737.0
1696356000,1655.37,1656.18,1648.67,1649.04,355427.0
1696359600,1649.03,1656.19,1646.23,1650.45,457797.0
1696363200,1650.44,1659.9,1645.52,1657.13,569614.0
1696366800,1657.12,1658.58,1653.98,1654.8,147646.0
1696370400,1654.8,1658.95,1648.16,1657.64,394294.0
1696374000,1657.65,1660.62,1654.61,1657.08,333463.0
1696377600,1657.08,1657.89,1616.0,1638.59,2665536.0
1696381200,1638.59,1640.79,1634.0,1638.99,668623.0
1696384800,1638.99,1647.23,1637.42,1641.88,662254.0
1696388400,1641.88,1646.3,1641.38,1641.99,231590.0
1696392000,1641.98,1642.11,1637.55,1639.46,363502.0
1696395600,1639.45,1641.0,1636.28,1641.0,276942.0
1696399200,1641.0,1642.35,1636.3,1642.33,326263.0
1696402800,1642.34,1645.0,1640.82,1645.0,331932.0
1696406400,1645.0,1648.66,1643.35,1646.47,505171.0
1696410000,1646.47,1652.93,1645.51,1651.81,424988.0
1696413600,1651.82,1652.6,1646.03,1646.3,369344.0
1696417200,1646.31,1648.09,1645.34,1646.9,258668.0
1696420800,1646.9,1650.42,1645.02,1646.43,392107.0
1696424400,1646.43,1646.77,1633.42,1635.19,1254601.0
1696428000,1635.19,1638.1,1626.71,1633.81,1491481.0
1696431600,1633.8,1638.19,1631.36,1632.65,579007.0
1696435200,1632.66,1643.5,1631.64,1637.82,618058.0
1696438800,1637.82,1642.71,1637.43,1639.11,388580.0
1696442400,1639.11,1644.61,1638.39,1643.8,309952.0
1696446000,1643.8,1655.0,1637.29,1643.16,1996871.0
1696449600,1643.15,1647.8,1640.42,1641.73,365820.0
1696453200,1641.59,1648.0,1641.37,1643.5,305175.0
1696456800,1643.51,1649.44,1642.66,1648.4,223934.0
1696460400,1648.39,1652.72,1646.43,1646.44,305921.0
1696464000,1646.43,1655.55,1644.74,1650.11,528648.0
1696467600,1650.16,1651.08,1644.0,1647.32,353409.0
1696471200,1647.32,1647.64,1643.04,1644.17,197708.0
1696474800,1644.17,1646.58,1642.02,1642.53,235653.0
1696478400,1642.53,1644.99,1641.75,1644.89,193828.0
1696482000,1644.9,1646.28,1640.14,1640.5,191737.0
1696485600,1640.51,1641.58,1636.73,1638.43,371760.0
1696489200,1638.42,1638.42,1632.0,1636.49,628208.0
1696492800,1636.48,1639.4,1635.06,1638.51,264108.0
1696496400,1638.51,1642.34,1637.22,1639.08,277292.0
1696500000,1639.07,1641.52,1636.92,1641.31,258462.0
1696503600,1641.31,1641.52,1636.16,1636.8,257368.0
1696507200,1636.8,1637.86,1631.1,1633.93,546986.0
1696510800,1633.92,1649.8,1633.74,1642.73,1823879.0
1696514400,1642.72,1648.21,1639.77,1641.81,751941.0
1696518000,1641.8,1642.33,1605.0,1618.33,4644231.0
1696521600,1618.34,1621.83,1606.01,1614.11,1993712.0
1696525200,1614.11,1619.36,1608.71,1616.92,873248.0
1696528800,1616.9,1619.11,1612.31,1617.3,401832.0
1696532400,1617.29,1620.07,1614.8,1616.9,254029.0
1696536000,1616.91,1619.8,1614.3,1617.04,249249.0
1696539600,1617.05,1619.39,1614.51,1614.59,139620.0
1696543200,1614.59,1618.2,1610.0,1615.99,190919.0
1696546800,1616.0,1617.99,1611.11,1612.05,196490.0
1696550400,1612.07,1617.83,1612.07,1617.25,267066.0
1696554000,1617.26,1623.34,1617.0,1622.15,413535.0
1696557600,1622.16,1625.81,1621.98,1623.65,420345.0
1696561200,1623.66,1625.15,1622.37,1624.4,226547.0
1696564800,1624.41,1624.76,1621.23,1622.9,201645.0
1696568400,1622.95,1623.24,1618.55,1620.77,219263.0
1696572000,1620.76,1622.48,1619.16,1622.15,177577.0
1696575600,1622.16,1632.96,1621.6,1630.79,918345.0
1696579200,1630.8,1637.79,1630.37,1633.4,867345.0
1696582800,1633.4,1635.8,1632.25,1634.49,256816.0
1696586400,1634.5,1639.95,1631.41,1631.92,683947.0
1696590000,1631.92,1635.14,1628.53,1634.8,529692.0
1696593600,1634.79,1635.86,1612.01,1615.81,2123913.0
1696597200,1615.85,1639.08,1610.92,1629.63,2350148.0
1696600800,1629.63,1637.0,1626.07,1634.12,879637.0
1696604400,1634.12,1649.98,1632.87,1642.66,1898341.0
1696608000,1642.66,1645.55,1634.1,1639.89,1028296.0
1696611600,1639.96,1649.79,1636.81,1647.52,721571.0
1696615200,1647.52,1649.45,1644.03,1646.49,300041.0
1696618800,1646.49,1656.03,1644.92,1646.12,833940.0
1696622400,1646.24,1648.74,1644.11,1646.09,158422.0
1696626000,1646.09,1663.0,1645.0,1652.52,856551.0
1696629600,1652.52,1655.2,1644.51,1645.02,283832.0
1696633200,1645.02,1646.71,1642.65,1644.92,225995.0
1696636800,1644.92,1647.78,1643.97,1644.37,176674.0
1696640400,1644.38,1646.84,1641.01,1642.95,234600.0
1696644000,1642.95,1644.0,1640.57,1640.7,162941.0
1696647600,1640.7,1643.68,1639.52,1641.35,253325.0
1696651200,1641.35,1643.42,1641.08,1641.1,122176.0
1696654800,1641.09,1642.11,1639.55,1640.3,138158.0
1696658400,1640.3,1640.31,1637.08,1638.07,239764.0
1696662000,1638.07,1639.67,1636.11,1637.0,178883.0
1696665600,1637.0,1643.57,1636.01,1642.6,351643.0
1696669200,1642.75,1643.4,1638.2,1639.16,171011.0
1696672800,1639.15,1640.5,1638.24,1639.92,110954.0
1696676400,1639.91,1642.73,1637.53,1638.84,206093.0
1696680000,1638.83,1640.72,1638.31,1640.3,135232.0
1696683600,1640.29,1643.37,1638.36,1641.97,206962.0
1696687200,1641.97,1642.64,1639.4,1642.14,149615.0
1696690800,1642.13,1642.6,1634.31,1638.41,432732.0
1696694400,1638.4,1639.46,1637.55,1637.58,128818.0
1696698000,1637.57,1639.22,1634.18,1636.41,294392.0
1696701600,1636.41,1636.86,1633.09,1635.32,208559.0
1696705200,1635.32,1635.33,1630.0,1630.91,305694.0
1696708800,1630.92,1633.77,1630.4,1633.56,177151.0
1696712400,1633.57,1634.72,1631.38,1634.02,91893.0
1696716000,1634.02,1636.04,1634.02,1635.59,96270.0
1696719600,1635.59,1636.49,1633.72,1634.2,132349.0
1696723200,1634.2,1638.71,1633.73,1636.92,186762.0
1696726800,1636.93,1640.12,1635.27,1639.84,192690.0
1696730400,1639.83,1641.5,1636.26,1637.64,251680.0
1696734000,1637.64,1639.68,1635.66,1639.46,216138.0
1696737600,1639.47,1640.2,1632.0,1633.57,400947.0
1696741200,1633.57,1634.14,1623.42,1629.41,834321.0
1696744800,1629.41,1631.0,1627.13,1628.01,302260.0
1696748400,1628.01,1629.88,1627.14,1628.92,189689.0
1696752000,1628.93,1629.79,1624.61,1628.75,311558.0
1696755600,1628.75,1629.8,1622.21,1624.99,602086.0
1696759200,1624.99,1625.94,1616.06,1619.06,778243.0
1696762800,1619.06,1621.48,1617.0,1617.87,408594.0
1696766400,1617.87,1624.81,1616.79,1621.0,400081.0
1696770000,1621.0,1635.36,1618.29,1629.46,1389730.0
1696773600,1629.46,1637.77,1625.5,1633.43,774453.0
1696777200,1633.44,1633.99,1630.39,1631.27,228186.0
1696780800,1631.28,1634.8,1629.09,1632.99,363827.0
1696784400,1633.0,1637.74,1631.33,1632.04,244148.0
1696788000,1632.01,1635.96,1629.5,1635.86,174394.0
1696791600,1635.87,1639.5,1634.69,1635.66,182071.0
1696795200,1635.66,1637.79,1633.95,1636.28,109335.0
1696798800,1636.18,1638.4,1632.55,1632.7,122164.0
1696802400,1632.79,1633.89,1626.98,1630.91,346716.0
1696806000,1630.91,1633.5,1630.15,1632.83,147369.0
1696809600,1632.83,1633.47,1625.0,1626.6,367636.0
1696813200,1626.63,1634.27,1623.6,1631.51,523160.0
1696816800,1631.51,1633.5,1630.13,1631.72,253540.0
1696820400,1631.73,1636.62,1631.72,1633.97,271619.0
1696824000,1633.97,1635.22,1632.24,1632.52,131658.0
1696827600,1632.52,1633.52,1628.16,1628.5,243528.0
1696831200,1628.5,1630.22,1627.61,1628.6,246927.0
1696834800,1628.59,1628.6,1617.13,1620.97,1048046.0
1696838400,1620.97,1622.21,1612.0,1614.71,1261469.0
1696842000,1614.7,1618.66,1580.0,1592.18,4642205.0
1696845600,1592.17,1598.75,1591.0,1595.51,1227599.0
1696849200,1595.51,1595.56,1586.01,1591.0,1196910.0
1696852800,1591.01,1594.0,1583.1,1587.04,1276956.0
1696856400,1587.03,1595.39,1585.12,1594.19,768246.0
1696860000,1594.2,1598.13,1589.21,1591.0,582852.0
1696863600,1590.99,1593.0,1585.11,1586.12,650584.0
1696867200,1586.12,1587.24,1543.11,1569.28,8654574.0
1696870800,1569.29,1580.56,1565.1,1580.34,1244664.0
1696874400,1580.35,1586.9,1577.05,1577.39,1013588.0
1696878000,1577.4,1582.94,1576.36,1581.38,304403.0
1696881600,1581.48,1583.75,1575.71,1575.93,226034.0
1696885200,1575.92,1581.28,1571.93,1579.37,340559.0
1696888800,1579.38,1581.38,1576.6,1576.8,165305.0
1696892400,1576.8,1581.0,1576.8,1580.1,178114.0
1696896000,1580.01,1583.63,1577.17,1577.94,423270.0
1696899600,1577.93,1581.3,1576.06,1579.6,247492.0
1696903200,1579.61,1594.59,1578.22,1590.05,816877.0
1696906800,1590.06,1590.66,1584.71,1584.91,373818.0
1696910400,1584.87,1585.53,1583.11,1583.82,250114.0
1696914000,1583.81,1587.0,1582.61,1586.37,236374.0
1696917600,1586.37,1590.32,1586.02,1590.05,305002.0
1696921200,1590.05,1594.24,1589.36,1590.2,727202.0
1696924800,1590.2,1594.98,1589.38,1589.61,462536.0
1696928400,1589.61,1590.13,1587.66,1589.29,362541.0
1696932000,1589.29,1590.71,1582.0,1586.03,659365.0
1696935600,1586.03,1587.86,1577.64,1579.45,821785.0
1696939200,1579.39,1583.78,1571.68,1574.56,1040578.0
1696942800,1574.55,1579.0,1571.35,1575.11,848818.0
1696946400,1575.11,1588.8,1564.0,1571.81,2348841.0
1696950000,1571.8,1574.89,1563.11,1567.7,1534057.0
1696953600,1567.69,1573.06,1558.23,1565.94,1693128.0
1696957200,1565.94,1567.18,1557.03,1562.53,1044312.0
1696960800,1562.54,1566.45,1560.2,1566.0,415644.0
1696964400,1566.01,1569.22,1561.19,1565.95,639413.0
1696968000,1565.94,1567.82,1547.33,1560.25,1058047.0
1696971600,1560.25,1568.41,1559.11,1565.59,355256.0
1696975200,1565.58,1569.82,1565.57,1568.36,182101.0
1696978800,1568.35,1570.7,1567.0,1567.94,222298.0
1696982400,1567.92,1575.93,1567.2,1574.25,497753.0
1696986000,1574.24,1576.0,1570.7,1573.73,306398.0
1696989600,1573.73,1575.1,1540.86,1559.39,2476064.0
1696993200,1559.39,1561.99,1555.48,1556.34,646841.0
1696996800,1556.36,1561.59,1555.14,1560.0,434659.0
1697000400,1560.0,1560.0,1551.0,1557.14,628623.0
1697004000,1557.14,1557.76,1547.34,1556.11,647283.0
1697007600,1556.12,1559.86,1553.83,1557.0,425350.0
1697011200,1557.01,1564.59,1556.09,1564.49,615261.0
1697014800,1564.49,1578.71,1563.0,1576.45,1834922.0
1697018400,1576.49,1578.98,1572.77,1576.35,687497.0
1697022000,1576.35,1578.76,1571.56,1572.93,484277.0
1697025600,1572.93,1577.0,1565.29,1572.78,1186121.0
1697029200,1572.77,1574.27,1566.35,1574.16,650586.0
1697032800,1574.16,1576.7,1568.03,1571.0,579257.0
1697036400,1571.0,1572.9,1553.63,1559.57,2235299.0
1697040000,1559.57,1561.81,1550.77,1553.79,1518303.0
1697043600,1553.8,1560.25,1549.01,1553.44,760039.0
1697047200,1553.44,1559.53,1548.55,1558.34,576323.0
1697050800,1558.33,1566.97,1557.25,1562.87,489565.0
1697054400,1562.87,1564.72,1561.06,1564.06,257052.0
1697058000,1564.06,1567.27,1562.22,1566.0,200697.0
1697061600,1566.0,1569.68,1564.59,1565.69,263711.0
1697065200,1565.7,1567.23,1564.1,1566.77,174871.0
1697068800,1566.78,1566.89,1559.34,1561.38,384091.0
1697072400,1561.39,1561.92,1557.33,1559.03,360666.0
1697076000,1559.02,1568.99,1556.0,1565.5,519244.0
1697079600,1565.49,1565.95,1560.15,1561.8,281060.0
1697083200,1561.81,1563.55,1560.85,1561.07,192260.0
1697086800,1561.07,1564.83,1557.49,1564.83,325794.0
1697090400,1564.82,1566.98,1562.56,1562.61,313842.0
1697094000,1562.61,1564.13,1558.55,1559.23,362547.0
1697097600,1559.23,1561.2,1556.65,1557.83,379813.0
1697101200,1557.83,1559.1,1533.69,1541.8,2694344.0
1697104800,1541.79,1549.81,1539.42,1546.55,1230177.0
1697108400,1546.55,1555.84,1545.48,1552.07,728078.0
1697112000,1552.07,1554.38,1545.13,1549.78,1199425.0
1697115600,1549.77,1553.33,1540.98,1547.16,966284.0
1697119200,1547.01,1549.53,1538.0,1544.25,958674.0
1697122800,1544.25,1546.98,1539.25,1541.63,604018.0
1697126400,1541.64,1545.2,1516.11,1528.82,3664326.0
1697130000,1528.82,1531.53,1521.1,1530.3,1369513.0
1697133600,1530.07,1535.6,1526.59,1530.7,583030.0
1697137200,1530.7,1534.8,1527.1,1531.35,361984.0
1697140800,1531.35,1536.58,1530.43,1536.58,281513.0
1697144400,1536.59,1538.76,1533.54,1537.73,197103.0
1697148000,1537.73,1540.64,1536.58,1539.98,227157.0
1697151600,1539.94,1540.34,1535.62,1539.6,239459.0
1697155200,1539.61,1546.8,1538.2,1544.35,714890.0
1697158800,1544.36,1547.97,1541.76,1543.17,395317.0
1697162400,1543.17,1544.87,1540.55,1542.76,217453.0
1697166000,1542.76,1543.4,1537.71,1538.8,366507.0
1697169600,1538.8,1541.84,1538.43,1541.84,268047.0
1697173200,1541.86,1544.45,1540.0,1541.29,224104.0
1697176800,1541.3,1542.26,1539.43,1540.11,192070.0
1697180400,1540.11,1555.27,1540.11,1549.29,1553805.0
1697184000,1549.3,1552.52,1547.2,1547.92,503225.0
1697187600,1547.91,1550.64,1542.67,1543.65,603459.0
1697191200,1543.66,1546.1,1543.5,1545.22,239802.0
1697194800,1545.22,1548.98,1544.88,1546.75,320937.0
1697198400,1546.76,1553.64,1543.16,1553.32,712700.0
1697202000,1553.26,1553.73,1547.41,1549.19,476911.0
1697205600,1549.25,1549.38,1540.34,1541.56,696726.0
1697209200,1541.56,1544.06,1537.38,1539.39,815832.0
1697212800,1539.38,1549.36,1539.15,1548.44,669835.0
1697216400,1548.45,1548.78,1541.01,1544.65,397767.0
1697220000,1544.65,1545.79,1542.08,1543.55,152777.0
1697223600,1543.56,1545.88,1541.35,1545.87,118173.0
1697227200,1545.87,1564.6,1543.6,1559.72,1200814.0
1697230800,1559.57,1576.8,1554.59,1559.12,1973234.0
1697234400,1559.13,1563.09,1545.33,1549.4,690230.0
1697238000,1549.4,1552.49,1546.74,1552.28,387284.0
1697241600,1552.29,1554.59,1551.3,1552.99,212496.0
1697245200,1552.99,1556.45,1549.28,1555.19,275564.0
1697248800,1555.19,1556.74,1552.29,1554.33,362010.0
1697252400,1554.33,1555.76,1552.59,1553.8,197629.0
1697256000,1553.8,1555.15,1552.29,1552.7,132404.0
1697259600,1552.7,1553.91,1549.37,1550.53,183182.0
1697263200,1550.54,1551.07,1546.33,1546.53,360453.0
1697266800,1546.53,1548.33,1545.37,1548.08,223014.0
1697270400,1548.14,1548.81,1546.0,1548.0,185071.0
1697274000,1547.99,1549.79,1547.32,1547.98,177367.0
1697277600,1547.98,1549.36,1547.73,1548.48,106932.0
1697281200,1548.48,1548.67,1543.72,1547.35,276876.0
1697284800,1547.36,1550.86,1546.18,1550.6,257053.0
1697288400,1550.59,1552.93,1549.55,1551.59,271099.0
1697292000,1551.59,1552.8,1548.73,1549.29,179577.0
1697295600,1549.29,1558.44,1549.28,1556.01,493350.0
1697299200,1556.02,1558.64,1552.4,1555.84,587086.0
1697302800,1555.85,1557.15,1553.64,1554.31,153663.0
1697306400,1554.3,1555.24,1553.34,1554.5,112720.0
1697310000,1554.5,1556.27,1553.58,1555.25,106202.0
1697313600,1555.25,1555.71,1553.28,1555.71,91927.0
1697317200,1555.7,1562.99,1553.39,1555.05,433920.0
1697320800,1555.05,1556.8,1554.28,1556.53,93530.0
1697324400,1556.53,1557.83,1554.77,1554.77,93557.0
1697328000,1554.77,1556.0,1549.25,1552.5,290656.0
1697331600,1552.49,1558.4,1551.32,1555.57,304883.0
1697335200,1555.66,1557.46,1553.83,1555.5,151117.0
1697338800,1555.5,1556.16,1554.18,1554.4,87807.0
1697342400,1554.4,1554.92,1552.49,1554.65,129451.0
1697346000,1554.64,1555.16,1553.13,1553.43,64543.0
1697349600,1553.41,1554.18,1552.39,1553.98,75434.0
1697353200,1553.98,1555.38,1553.1,1555.38,68565.0
1697356800,1555.37,1558.43,1554.65,1557.54,225832.0
1697360400,1557.55,1560.44,1556.78,1557.47,256247.0
1697364000,1557.49,1559.38,1556.84,1557.72,110806.0
1697367600,1557.73,1557.73,1553.6,1555.6,227579.0
1697371200,1555.6,1555.75,1552.69,1553.5,232651.0
1697374800,1553.5,1560.98,1548.5,1552.2,1087587.0
1697378400,1552.2,1556.76,1551.55,1552.85,212368.0
1697382000,1552.85,1555.18,1551.3,1553.81,158313.0
1697385600,1553.82,1556.18,1550.07,1555.57,312507.0
1697389200,1555.62,1557.83,1554.81,1557.7,216227.0
1697392800,1557.71,1565.51,1556.56,1564.98,542386.0
1697396400,1564.98,1565.35,1558.34,1560.49,267622.0
1697400000,1560.49,1567.29,1559.0,1563.99,479732.0
1697403600,1563.99,1565.0,1556.71,1560.2,412112.0
1697407200,1560.2,1566.55,1552.03,1555.0,784894.0
1697410800,1555.01,1557.85,1553.11,1557.85,288326.0
1697414400,1557.85,1559.9,1554.92,1556.36,294202.0
1697418000,1556.35,1565.49,1556.35,1562.97,496807.0
1697421600,1563.0,1567.0,1561.07,1562.11,444468.0
1697425200,1562.11,1563.0,1560.54,1562.89,159891.0
1697428800,1562.9,1563.6,1560.59,1562.38,155912.0
1697432400,1562.39,1589.49,1562.38,1585.27,4312747.0
1697436000,1585.26,1588.0,1577.28,1578.36,960275.0
1697439600,1578.35,1581.96,1577.6,1579.02,422488.0
1697443200,1579.03,1585.55,1579.03,1581.12,459165.0
1697446800,1581.12,1584.79,1575.0,1584.33,893042.0
1697450400,1584.34,1587.5,1581.0,1585.4,643137.0
1697454000,1585.4,1585.92,1579.75,1582.74,360765.0
1697457600,1582.75,1587.95,1580.86,1587.39,459986.0
1697461200,1587.39,1645.0,1565.0,1579.62,12351095.0
1697464800,1579.62,1589.57,1573.6,1586.67,1832667.0
1697468400,1586.69,1588.21,1576.05,1577.9,935309.0
1697472000,1577.9,1580.36,1575.0,1578.18,467744.0
1697475600,1578.17,1582.01,1572.76,1578.83,489744.0
1697479200,1578.82,1590.1,1578.65,1589.26,781929.0
1697482800,1589.26,1602.5,1585.88,1589.74,1440491.0
1697486400,1589.75,1595.05,1584.76,1587.24,590893.0
1697490000,1587.24,1591.22,1576.83,1589.58,599374.0
1697493600,1589.58,1605.53,1589.57,1601.66,689699.0
1697497200,1601.65,1604.76,1598.75,1599.29,443298.0
1697500800,1599.29,1600.73,1591.36,1592.06,576799.0
1697504400,1592.07,1598.44,1591.52,1594.25,393836.0
1697508000,1594.24,1596.2,1589.6,1596.06,335498.0
1697511600,1596.06,1596.06,1588.35,1589.58,337685.0
1697515200,1589.59,1590.29,1583.1,1588.83,689107.0
1697518800,1588.83,1590.51,1585.26,1587.76,253340.0
1697522400,1587.76,1587.76,1583.27,1586.01,276781.0
1697526000,1586.01,1592.65,1582.35,1590.64,603992.0
1697529600,1590.65,1593.38,1584.55,1588.66,602128.0
1697533200,1588.65,1591.04,1586.54,1590.36,255284.0
1697536800,1590.37,1594.21,1582.81,1586.5,654969.0
1697540400,1586.5,1586.74,1583.44,1584.71,283021.0
1697544000,1584.71,1586.33,1573.47,1574.18,1191216.0
1697547600,1574.17,1579.3,1563.78,1571.9,1969947.0
1697551200,1571.9,1578.48,1570.68,1573.17,889949.0
1697554800,1573.17,1578.87,1572.34,1575.51,537036.0
1697558400,1575.5,1580.66,1574.55,1576.33,338688.0
1697562000,1576.34,1576.56,1563.89,1568.11,882918.0
1697565600,1568.1,1569.9,1550.0,1553.43,1269628.0
1697569200,1553.36,1564.48,1552.68,1564.24,535646.0
1697572800,1564.23,1565.7,1559.55,1560.09,273539.0
1697576400,1560.1,1565.7,1557.02,1562.13,227927.0
1697580000,1562.12,1564.29,1559.07,1562.5,212366.0
1697583600,1562.5,1566.21,1561.5,1564.7,188763.0
1697587200,1564.69,1567.5,1562.03,1564.5,345922.0
1697590800,1564.5,1569.4,1563.77,1567.83,330348.0
1697594400,1567.87,1572.28,1565.5,1567.61,435523.0
1697598000,1567.6,1568.6,1563.37,1568.19,315007.0
1697601600,1568.18,1582.7,1566.65,1572.95,1273929.0
1697605200,1572.96,1576.58,1569.58,1572.82,958123.0
1697608800,1572.82,1574.89,1570.0,1572.22,319042.0
1697612400,1572.21,1576.44,1566.1,1572.17,751571.0
1697616000,1572.18,1577.98,1571.21,1577.8,442481.0
1697619600,1577.8,1583.99,1568.34,1569.3,1088200.0
1697623200,1569.29,1582.7,1569.0,1580.46,897357.0
1697626800,1580.47,1586.0,1578.37,1578.82,627038.0
1697630400,1578.82,1582.0,1575.74,1579.08,485846.0
1697634000,1579.09,1580.0,1571.13,1573.31,657599.0
1697637600,1573.31,1577.99,1568.35,1570.76,836258.0
1697641200,1570.76,1573.46,1568.61,1570.02,361347.0
1697644800,1570.02,1575.01,1565.41,1570.86,724655.0
1697648400,1570.86,1573.76,1566.67,1569.32,302662.0
1697652000,1569.32,1572.87,1568.15,1569.21,222059.0
1697655600,1569.21,1569.21,1562.3,1563.02,480219.0
1697659200,1563.01,1565.99,1558.16,1562.44,377396.0
1697662800,1562.44,1562.45,1555.55,1558.92,377176.0
1697666400,1558.92,1566.32,1557.31,1564.88,320555.0
1697670000,1564.87,1565.27,1559.61,1563.71,255330.0
1697673600,1563.71,1567.59,1560.99,1566.52,376531.0
1697677200,1566.52,1566.99,1540.8,1549.49,1976659.0
1697680800,1549.49,1551.46,1544.28,1547.72,748154.0
1697684400,1547.72,1551.5,1546.91,1549.26,503006.0
1697688000,1549.26,1550.44,1545.47,1550.29,283094.0
1697691600,1550.3,1553.49,1549.5,1552.29,349707.0
1697695200,1552.28,1553.0,1550.21,1551.27,166895.0
1697698800,1551.27,1552.57,1547.29,1551.66,317599.0
1697702400,1551.65,1553.33,1546.33,1547.89,318441.0
1697706000,1547.91,1550.92,1540.69,1547.75,954485.0
1697709600,1547.74,1554.47,1546.34,1552.64,736881.0
1697713200,1552.67,1555.41,1551.36,1553.87,339705.0
1697716800,1553.87,1556.92,1550.38,1553.16,692279.0
1697720400,1553.16,1560.57,1552.11,1554.29,658002.0
1697724000,1554.3,1563.0,1552.82,1561.07,909541.0
1697727600,1561.08,1565.89,1556.4,1560.98,1198503.0
1697731200,1560.99,1574.99,1560.0,1564.36,2006958.0
1697734800,1564.37,1567.81,1559.51,1562.06,701577.0
1697738400,1562.07,1566.0,1561.25,1561.6,738853.0
1697742000,1561.61,1570.0,1561.08,1568.01,574920.0
1697745600,1567.98,1573.25,1563.62,1566.66,594318.0
1697749200,1566.51,1567.76,1563.36,1563.59,199948.0
1697752800,1563.58,1568.44,1563.5,1564.32,218825.0
1697756400,1564.32,1567.78,1563.79,1566.97,158590.0
1697760000,1566.98,1568.55,1562.36,1563.5,319600.0
1697763600,1563.5,1565.08,1560.71,1565.08,219388.0
1697767200,1565.07,1589.27,1564.46,1585.48,2146614.0
1697770800,1585.49,1595.77,1581.05,1586.7,1834963.0
1697774400,1586.69,1588.0,1581.27,1582.91,694657.0
1697778000,1582.91,1584.73,1578.58,1583.43,449198.0
1697781600,1583.43,1584.74,1579.61,1583.68,326162.0
1697785200,1583.68,1589.96,1582.16,1583.61,687078.0
1697788800,1583.62,1622.0,1583.3,1611.46,3467114.0
1697792400,1611.47,1618.63,1606.84,1618.54,1261635.0
1697796000,1618.55,1631.05,1615.02,1615.55,2549744.0
1697799600,1615.55,1620.14,1612.16,1613.63,845283.0
1697803200,1613.64,1616.88,1602.16,1607.01,1480584.0
1697806800,1607.01,1609.36,1596.93,1607.22,1089513.0
1697810400,1607.21,1610.85,1598.53,1605.33,1238784.0
1697814000,1605.33,1609.16,1601.73,1605.74,498332.0
1697817600,1605.74,1609.94,1602.8,1604.01,475134.0
1697821200,1604.0,1609.57,1597.12,1608.93,579213.0
1697824800,1608.92,1609.77,1605.45,1605.95,222200.0
1697828400,1605.95,1608.74,1602.58,1606.84,216425.0
1697832000,1606.84,1609.15,1602.23,1602.56,253076.0
1697835600,1602.55,1608.67,1601.82,1607.47,162136.0
1697839200,1607.48,1610.0,1606.03,1608.11,144649.0
1697842800,1608.1,1610.0,1602.72,1603.9,339366.0
1697846400,1603.89,1606.64,1601.63,1603.62,288309.0
1697850000,1603.61,1604.85,1598.07,1599.62,310226.0
1697853600,1599.61,1599.62,1592.25,1595.48,703193.0
1697857200,1595.48,1599.35,1592.0,1597.59,330291.0
1697860800,1597.59,1600.47,1597.03,1598.39,199086.0
1697864400,1598.4,1600.0,1597.55,1599.64,115865.0
1697868000,1599.63,1605.88,1598.4,1603.78,550511.0
1697871600,1603.78,1607.78,1602.41,1606.39,266661.0
1697875200,1606.39,1608.51,1604.51,1606.0,296711.0
1697878800,1606.0,1609.39,1603.18,1607.11,298954.0
1697882400,1607.12,1608.17,1603.67,1604.76,233498.0
1697886000,1604.77,1610.0,1604.77,1608.94,228204.0
1697889600,1608.93,1610.54,1605.0,1605.17,266221.0
1697893200,1605.16,1614.27,1601.77,1613.2,662521.0
1697896800,1613.19,1624.88,1610.18,1622.02,1297173.0
1697900400,1622.03,1629.91,1613.63,1628.54,1401949.0
1697904000,1628.52,1630.0,1620.0,1621.17,992800.0
1697907600,1621.16,1639.98,1620.6,1638.47,1389626.0
1697911200,1638.56,1644.84,1628.22,1634.8,1287359.0
1697914800,1634.79,1636.61,1627.13,1635.01,499805.0
1697918400,1635.02,1636.07,1625.5,1630.01,402179.0
1697922000,1629.99,1633.27,1627.76,1628.5,202124.0
1697925600,1628.49,1631.97,1627.0,1630.55,193948.0
1697929200,1630.55,1630.63,1625.68,1628.97,198619.0
1697932800,1628.96,1642.51,1626.28,1634.06,688820.0
1697936400,1633.93,1639.56,1626.31,1631.17,560935.0
1697940000,1631.16,1631.7,1623.1,1625.71,376053.0
1697943600,1625.71,1629.94,1624.04,1629.94,313333.0
1697947200,1629.93,1636.45,1629.38,1634.19,467546.0
1697950800,1634.2,1649.5,1633.37,1641.93,1004894.0
1697954400,1641.94,1647.62,1637.1,1645.0,887050.0
1697958000,1644.99,1645.34,1623.56,1630.15,1358045.0
1697961600,1630.15,1635.0,1624.78,1628.05,640562.0
1697965200,1628.04,1636.45,1627.57,1630.01,518155.0
1697968800,1630.0,1635.25,1629.7,1632.24,212123.0
1697972400,1632.24,1632.89,1624.34,1628.75,379343.0
1697976000,1628.75,1633.72,1627.83,1631.48,312248.0
1697979600,1631.48,1637.77,1631.03,1635.72,343528.0
1697983200,1635.73,1637.28,1625.38,1628.82,530687.0
1697986800,1628.82,1629.24,1620.13,1625.99,788464.0
1697990400,1625.99,1632.82,1624.4,1631.01,360491.0
1697994000,1631.01,1638.0,1629.85,1635.82,353405.0
1697997600,1635.82,1637.13,1633.34,1634.12,175457.0
1698001200,1634.12,1641.51,1633.0,1635.24,505313.0
1698004800,1635.24,1642.79,1634.98,1640.61,311050.0
1698008400,1640.6,1642.38,1635.02,1636.15,249964.0
1698012000,1636.14,1668.98,1634.02,1666.89,2033105.0
1698015600,1666.9,1668.06,1657.88,1663.56,968123.0
1698019200,1663.56,1677.55,1656.6,1672.94,1573696.0
1698022800,1672.95,1689.53,1670.23,1676.36,2576835.0
1698026400,1676.36,1680.49,1671.0,1679.49,639018.0
1698030000,1679.49,1702.6,1677.32,1694.23,2609564.0
1698033600,1694.23,1698.08,1689.58,1694.62,1058602.0
1698037200,1694.61,1706.21,1690.1,1693.38,1582603.0
1698040800,1693.38,1700.21,1682.56,1682.92,1182180.0
1698044400,1682.93,1687.95,1671.17,1676.51,1179230.0
1698048000,1676.52,1684.88,1674.35,1683.38,764845.0
1698051600,1683.38,1683.38,1662.0,1671.34,1661927.0
1698055200,1671.34,1675.81,1670.6,1673.11,382154.0
1698058800,1673.11,1682.0,1673.11,1677.1,647193.0
1698062400,1677.11,1680.75,1674.75,1677.5,504746.0
1698066000,1677.5,1680.37,1663.35,1670.39,1507885.0
1698069600,1670.39,1684.0,1669.56,1678.81,1073375.0
1698073200,1678.81,1685.0,1676.51,1676.75,855639.0
1698076800,1676.74,1693.51,1670.34,1690.34,1635666.0
1698080400,1690.35,1695.0,1676.48,1686.6,1316412.0
1698084000,1686.69,1702.39,1680.0,1701.32,1929962.0
1698087600,1701.32,1713.0,1694.03,1708.53,1856588.0
1698091200,1708.54,1722.98,1706.12,1708.36,1597556.0
1698094800,1708.36,1725.0,1703.33,1716.59,860718.0
1698098400,1716.59,1793.0,1714.66,1786.96,8918631.0
1698102000,1786.96,1807.75,1748.61,1767.0,3334232.0
1698105600,1767.0,1786.86,1758.6,1776.75,1807758.0
1698109200,1776.88,1786.68,1766.41,1783.86,1478377.0
1698112800,1783.87,1850.75,1780.41,1834.86,5486939.0
1698116400,1834.86,1840.0,1808.56,1809.77,1961975.0
1698120000,1809.72,1824.3,1809.34,1821.05,974493.0
1698123600,1821.05,1837.93,1805.52,1814.59,1836931.0
1698127200,1814.59,1819.54,1805.26,1812.9,1137398.0
1698130800,1812.89,1815.79,1801.33,1810.36,1008749.0
1698134400,1810.37,1820.16,1807.21,1818.78,779458.0
1698138000,1818.78,1839.16,1813.84,1826.29,1627168.0
1698141600,1826.3,1830.96,1823.53,1829.23,661363.0
1698145200,1829.22,1846.0,1826.32,1845.96,2264389.0
1698148800,1845.95,1855.0,1837.2,1841.04,2505249.0
1698152400,1841.04,1842.5,1815.68,1829.61,2316951.0
1698156000,1829.61,1830.22,1807.22,1823.24,1373430.0
1698159600,1823.14,1830.0,1762.0,1778.17,5689314.0
1698163200,1778.16,1801.09,1768.1,1782.72,2286611.0
1698166800,1782.72,1789.99,1775.61,1776.44,710040.0
1698170400,1776.45,1779.29,1756.0,1777.45,1416557.0
1698174000,1777.46,1782.41,1772.07,1777.65,482212.0
1698177600,1777.43,1784.9,1769.01,1771.84,445066.0
1698181200,1771.73,1792.13,1763.35,1787.27,990313.0
1698184800,1787.25,1794.9,1778.56,1794.11,679794.0
1698188400,1793.97,1797.26,1780.0,1785.32,710865.0
1698192000,1785.0,1794.95,1777.03,1792.52,937255.0
1698195600,1792.5,1807.3,1791.77,1801.11,1054200.0
1698199200,1801.12,1802.88,1788.27,1793.49,646591.0
1698202800,1793.48,1795.01,1785.09,1789.1,581926.0
1698206400,1789.09,1795.72,1785.4,1795.57,425314.0
1698210000,1795.58,1795.81,1779.12,1783.38,657059.0
1698213600,1783.38,1791.04,1783.17,1788.36,349538.0
1698217200,1788.35,1791.1,1761.25,1769.74,1568714.0
1698220800,1769.74,1776.0,1760.0,1773.2,981558.0
1698224400,1773.2,1787.73,1770.2,1778.35,1047725.0
1698228000,1778.29,1784.38,1775.54,1783.0,450453.0
1698231600,1782.99,1794.44,1780.02,1786.0,1327461.0
1698235200,1786.0,1793.0,1784.03,1786.19,773400.0
1698238800,1786.1,1798.7,1778.87,1792.93,1526861.0
1698242400,1792.93,1810.0,1785.0,1806.53,2064367.0
1698246000,1806.52,1820.0,1794.32,1806.18,2493363.0
1698249600,1806.19,1815.53,1782.51,1783.04,1986006.0
1698253200,1782.87,1793.6,1779.07,1791.01,698055.0
1698256800,1791.0,1793.76,1782.38,1790.97,463877.0
1698260400,1791.27,1792.9,1784.32,1790.16,276710.0
1698264000,1790.24,1794.45,1785.13,1787.29,338425.0
1698267600,1787.27,1792.8,1781.75,1789.19,242142.0
1698271200,1789.19,1796.79,1786.31,1792.94,469978.0
1698274800,1792.94,1793.62,1775.13,1787.29,849262.0
1698278400,1787.29,1796.42,1779.2,1792.46,677591.0
1698282000,1792.46,1798.07,1786.52,1792.38,662558.0
1698285600,1792.38,1797.39,1788.76,1794.88,371114.0
1698289200,1794.88,1818.0,1794.01,1816.71,1109021.0
1698292800,1816.72,1817.85,1806.69,1809.1,576502.0
1698296400,1809.09,1809.09,1797.58,1799.06,592909.0
1698300000,1799.06,1815.0,1790.4,1814.17,1218882.0
1698303600,1814.17,1860.0,1807.3,1850.31,4713386.0
1698307200,1850.32,1871.0,1832.99,1845.46,3094389.0
1698310800,1845.55,1857.83,1835.69,1840.36,1311389.0
1698314400,1840.36,1844.73,1821.0,1831.54,1732178.0
1698318000,1831.54,1834.42,1804.13,1813.51,2124805.0
1698321600,1813.51,1825.0,1812.59,1822.15,1024848.0
1698325200,1822.15,1825.76,1807.0,1807.47,943027.0
1698328800,1807.47,1814.74,1766.58,1789.15,3796175.0
1698332400,1789.15,1792.54,1766.66,1777.91,2289736.0
1698336000,1777.91,1780.85,1760.88,1764.2,1566413.0
1698339600,1764.21,1785.8,1763.26,1783.74,871889.0
1698343200,1783.74,1789.83,1783.2,1783.65,533917.0
1698346800,1783.66,1794.62,1781.54,1792.62,509649.0
1698350400,1792.61,1800.99,1790.51,1797.98,549053.0
1698354000,1797.93,1802.98,1794.54,1799.78,317276.0
1698357600,1799.79,1809.02,1799.71,1807.06,515292.0
1698361200,1807.06,1811.85,1800.49,1803.33,490137.0
1698364800,1803.32,1804.05,1792.2,1795.72,703187.0
1698368400,1795.73,1797.15,1776.17,1778.04,1059907.0
1698372000,1778.04,1795.53,1772.54,1789.95,906897.0
1698375600,1789.94,1793.34,1784.88,1791.41,409090.0
1698379200,1791.57,1797.7,1784.12,1796.25,610595.0
1698382800,1796.27,1796.78,1786.2,1794.05,508050.0
1698386400,1794.06,1796.54,1790.1,1795.89,355725.0
1698390000,1795.89,1796.0,1776.04,1777.01,830282.0
1698393600,1777.01,1788.51,1776.1,1786.0,655656.0
1698397200,1786.01,1791.37,1786.01,1789.76,463373.0
1698400800,1789.76,1790.32,1782.1,1784.18,381888.0
1698404400,1784.19,1785.64,1775.08,1781.87,804878.0
1698408000,1781.87,1797.74,1778.41,1792.55,1160641.0
1698411600,1792.54,1797.26,1790.42,1792.42,712559.0
1698415200,1792.49,1792.49,1770.5,1774.58,1682736.0
1698418800,1774.58,1789.0,1771.07,1783.19,1022175.0
1698422400,1783.2,1785.27,1770.0,1771.38,647449.0
1698426000,1771.42,1773.9,1741.0,1761.75,2528608.0
1698429600,1761.78,1772.28,1750.0,1765.57,1042304.0
1698433200,1765.56,1775.55,1764.97,1774.88,393353.0
1698436800,1774.89,1783.73,1774.36,1781.33,472791.0
1698440400,1781.33,1784.16,1778.66,1780.93,243358.0
1698444000,1780.94,1781.99,1775.28,1777.24,265047.0
1698447600,1777.23,1785.16,1776.11,1779.58,280497.0
1698451200,1779.59,1784.6,1779.0,1779.86,214765.0
1698454800,1779.85,1784.0,1778.8,1783.67,212826.0
1698458400,1783.67,1795.0,1780.54,1791.66,602856.0
1698462000,1791.67,1792.6,1785.61,1790.13,427310.0
1698465600,1790.14,1791.34,1786.89,1790.09,199755.0
1698469200,1790.09,1796.32,1786.47,1787.45,496657.0
1698472800,1787.46,1789.58,1785.0,1786.0,233772.0
1698476400,1786.0,1789.52,1785.59,1787.69,143371.0
1698480000,1787.69,1791.72,1785.33,1789.03,288374.0
1698483600,1789.04,1792.0,1786.78,1789.43,182177.0
1698487200,1789.44,1791.5,1788.91,1791.1,150132.0
1698490800,1791.11,1804.0,1786.41,1788.19,1437008.0
1698494400,1788.19,1790.05,1775.01,1781.0,1051737.0
1698498000,1781.1,1789.45,1778.13,1788.67,430848.0
1698501600,1788.67,1792.2,1784.64,1787.16,370472.0
1698505200,1787.17,1792.09,1786.6,1790.96,249167.0
1698508800,1790.95,1791.2,1784.15,1787.99,307617.0
1698512400,1787.99,1788.17,1784.3,1785.35,88704.0
1698516000,1785.35,1785.61,1780.08,1784.06,245234.0
1698519600,1784.05,1784.61,1777.0,1777.68,213872.0
1698523200,1777.68,1781.3,1776.5,1779.36,253791.0
1698526800,1779.36,1783.98,1778.0,1783.22,124331.0
1698530400,1783.22,1783.22,1768.41,1777.19,448707.0
1698534000,1777.19,1777.78,1771.23,1776.53,239878.0
1698537600,1776.53,1782.53,1774.15,1777.85,346484.0
1698541200,1778.0,1779.43,1762.0,1773.44,1033787.0
1698544800,1773.43,1778.43,1770.79,1777.77,260514.0
1698548400,1777.76,1777.77,1772.33,1774.99,196545.0
1698552000,1774.99,1779.47,1772.5,1777.03,256306.0
1698555600,1777.03,1778.69,1774.0,1776.79,147685.0
1698559200,1776.8,1782.78,1775.59,1780.07,282950.0
1698562800,1780.06,1783.99,1779.14,1782.77,208700.0
1698566400,1782.77,1788.88,1782.7,1788.87,359143.0
1698570000,1788.88,1793.4,1785.74,1788.48,611809.0
1698573600,1788.48,1788.82,1783.52,1784.12,282515.0
1698577200,1784.12,1793.47,1783.15,1788.73,565362.0
1698580800,1788.73,1800.0,1787.65,1799.58,552304.0
1698584400,1799.58,1801.4,1791.33,1792.9,769886.0
1698588000,1792.89,1799.67,1788.47,1795.59,575145.0
1698591600,1795.58,1798.43,1790.11,1792.29,396520.0
1698595200,1792.28,1793.65,1786.46,1789.17,274690.0
1698598800,1789.17,1808.0,1788.0,1793.62,1115908.0
1698602400,1793.61,1802.55,1793.22,1796.07,500956.0
1698606000,1795.97,1797.16,1789.21,1793.46,308703.0
1698609600,1793.45,1798.0,1793.25,1797.65,136415.0
1698613200,1797.65,1804.78,1791.37,1792.45,320292.0
1698616800,1792.45,1812.88,1792.45,1805.71,535942.0
1698620400,1805.72,1805.95,1792.96,1795.47,389618.0
1698624000,1795.47,1797.74,1789.07,1794.14,513112.0
1698627600,1794.14,1798.72,1791.45,1792.67,415815.0
1698631200,1792.66,1794.53,1778.56,1784.87,1245907.0
1698634800,1784.87,1785.44,1779.2,1782.98,364993.0
1698638400,1782.98,1787.42,1782.0,1785.79,278089.0
1698642000,1785.8,1787.98,1780.23,1782.0,293227.0
1698645600,1781.99,1787.5,1777.27,1786.22,512086.0
1698649200,1786.23,1792.0,1782.5,1786.88,682411.0
1698652800,1786.89,1824.74,1784.22,1818.87,2916448.0
1698656400,1818.87,1829.0,1816.91,1817.05,1530773.0
1698660000,1817.05,1819.75,1807.01,1814.33,1098667.0
1698663600,1814.32,1819.13,1808.57,1815.88,484904.0
1698667200,1815.87,1822.4,1805.7,1810.24,971246.0
1698670800,1810.33,1822.0,1805.88,1819.95,839138.0
1698674400,1819.95,1832.73,1810.8,1819.31,1693961.0
1698678000,1819.3,1823.29,1813.33,1819.93,552643.0
1698681600,1819.92,1820.0,1807.34,1813.09,655119.0
1698685200,1813.09,1813.66,1775.16,1797.39,2695593.0
1698688800,1797.39,1802.83,1795.99,1799.38,466020.0
1698692400,1799.39,1804.75,1796.78,1801.79,263631.0
1698696000,1801.82,1802.42,1796.7,1800.35,227311.0
1698699600,1800.39,1818.18,1799.23,1811.88,546892.0
1698703200,1811.88,1813.01,1807.19,1809.68,288810.0
1698706800,1809.68,1811.49,1806.93,1809.01,215390.0
1698710400,1809.01,1820.26,1807.48,1812.68,754360.0
1698714000,1812.69,1814.25,1801.53,1811.15,699932.0
1698717600,1811.15,1812.2,1798.24,1803.88,640140.0
1698721200,1803.88,1804.99,1793.65,1795.36,582065.0
1698724800,1795.35,1800.47,1793.16,1799.86,337944.0
1698728400,1799.86,1804.43,1795.7,1801.43,350209.0
1698732000,1801.44,1805.37,1785.55,1795.26,1101742.0
1698735600,1795.25,1798.48,1788.0,1790.51,692915.0
1698739200,1790.52,1803.57,1782.05,1801.64,1370807.0
1698742800,1801.64,1803.73,1796.78,1802.34,382010.0
1698746400,1802.34,1804.38,1798.53,1801.85,310832.0
1698750000,1801.84,1815.44,1800.13,1809.57,991305.0
1698753600,1809.57,1813.0,1795.17,1799.03,1273299.0
1698757200,1799.03,1805.63,1788.84,1793.75,1165775.0
1698760800,1793.74,1800.65,1787.22,1798.94,1229468.0
1698764400,1798.95,1800.99,1780.79,1791.68,1467833.0
1698768000,1791.68,1806.88,1787.62,1803.39,940028.0
1698771600,1803.4,1804.17,1797.15,1801.95,426572.0
1698775200,1801.95,1809.43,1798.54,1808.62,369576.0
1698778800,1808.63,1816.11,1806.15,1811.84,577379.0
1698782400,1811.84,1818.31,1809.28,1813.82,492601.0
1698786000,1813.82,1814.97,1802.03,1806.33,501309.0
1698789600,1806.34,1813.76,1804.77,1809.15,206623.0
1698793200,1809.16,1816.88,1807.53,1814.71,358097.0
1698796800,1814.72,1829.94,1812.02,1818.25,1394606.0
1698800400,1818.25,1819.61,1811.53,1813.66,598419.0
1698804000,1813.66,1814.42,1808.58,1811.33,360622.0
1698807600,1811.33,1812.69,1808.0,1810.23,416388.0
1698811200,1810.24,1810.65,1807.15,1808.84,256329.0
1698814800,1808.84,1809.02,1800.14,1800.8,628111.0
1698818400,1800.8,1804.67,1798.0,1804.66,546533.0
1698822000,1804.66,1811.11,1802.2,1804.72,687904.0
1698825600,1804.9,1808.36,1802.58,1804.79,361609.0
1698829200,1804.79,1807.5,1802.01,1805.6,370546.0
1698832800,1805.6,1805.88,1792.0,1795.63,701408.0
1698836400,1795.64,1801.23,1793.13,1800.03,513084.0
1698840000,1800.03,1819.84,1793.65,1816.28,1491457.0
1698843600,1816.28,1828.0,1793.33,1801.91,3595219.0
1698847200,1801.91,1808.43,1783.0,1786.24,2043773.0
1698850800,1786.19,1794.53,1785.76,1792.41,698857.0
1698854400,1792.38,1803.41,1791.87,1797.32,718882.0
1698858000,1797.22,1809.82,1794.59,1808.18,721899.0
1698861600,1808.18,1834.86,1804.07,1820.31,2558247.0
1698865200,1820.32,1851.96,1817.26,1835.92,3224945.0
1698868800,1835.92,1858.25,1835.8,1856.41,2056895.0
1698872400,1856.41,1860.0,1837.3,1844.43,1604941.0
1698876000,1844.42,1858.8,1838.4,1843.92,1039882.0
1698879600,1843.91,1850.91,1838.85,1847.28,589270.0
1698883200,1847.28,1852.56,1840.07,1847.49,728048.0
1698886800,1847.62,1867.93,1847.62,1855.39,1497477.0
1698890400,1855.4,1869.0,1850.8,1864.95,1247987.0
1698894000,1864.96,1874.47,1857.0,1858.36,1519726.0
1698897600,1858.36,1860.0,1850.15,1850.83,646070.0
1698901200,1850.84,1852.48,1835.35,1835.36,1627366.0
1698904800,1835.35,1840.77,1832.0,1835.55,1033354.0
1698908400,1835.55,1839.11,1828.02,1835.6,755816.0
1698912000,1835.6,1835.67,1821.0,1832.53,1301976.0
1698915600,1832.53,1835.27,1827.18,1834.2,517686.0
1698919200,1834.19,1838.5,1831.09,1834.63,575583.0
1698922800,1834.62,1840.88,1832.22,1836.5,514718.0
1698926400,1836.51,1843.48,1831.37,1835.57,817979.0
1698930000,1835.57,1837.69,1815.0,1823.93,2078464.0
1698933600,1823.94,1826.45,1807.66,1815.45,1768367.0
1698937200,1815.46,1815.76,1800.31,1803.0,1575433.0
1698940800,1803.01,1809.73,1784.01,1800.59,2413679.0
1698944400,1800.6,1805.62,1793.37,1804.96,521798.0
1698948000,1804.96,1808.51,1800.0,1806.61,428305.0
1698951600,1806.68,1812.6,1804.49,1812.49,390842.0
1698955200,1812.49,1813.54,1797.55,1804.26,504755.0
1698958800,1804.25,1805.99,1799.3,1803.28,182010.0
1698962400,1803.28,1803.29,1793.0,1796.03,398649.0
1698966000,1796.02,1802.01,1791.44,1800.86,438527.0
1698969600,1800.87,1803.23,1780.0,1786.81,1293682.0
1698973200,1786.81,1792.39,1776.12,1789.4,1215201.0
1698976800,1789.23,1797.96,1787.35,1797.2,589770.0
1698980400,1797.19,1799.99,1795.16,1798.1,339545.0
1698984000,1798.1,1799.44,1787.55,1791.95,706708.0
1698987600,1791.96,1798.89,1788.8,1798.35,447108.0
1698991200,1798.35,1801.9,1794.55,1795.82,540860.0
1698994800,1795.75,1801.0,1794.05,1798.79,317882.0
1698998400,1798.79,1804.79,1788.16,1796.63,968298.0
1699002000,1796.64,1797.74,1786.03,1789.62,730524.0
1699005600,1789.62,1790.0,1780.18,1788.2,946018.0
1699009200,1788.2,1790.72,1783.98,1789.9,354632.0
1699012800,1789.91,1800.52,1785.11,1796.07,1031296.0
1699016400,1796.07,1808.64,1794.01,1807.97,961270.0
1699020000,1807.98,1813.92,1801.39,1806.04,1345608.0
1699023600,1806.05,1813.77,1802.21,1812.37,570840.0
1699027200,1812.37,1818.96,1807.77,1815.83,1208686.0
1699030800,1815.82,1816.4,1798.75,1805.98,912048.0
1699034400,1805.99,1824.77,1802.35,1815.28,1018924.0
1699038000,1815.28,1819.86,1810.31,1816.8,333414.0
1699041600,1816.81,1832.36,1814.57,1827.44,959023.0
1699045200,1827.43,1831.61,1826.2,1826.42,322330.0
1699048800,1826.42,1830.91,1824.31,1830.89,338259.0
1699052400,1830.81,1834.13,1828.0,1832.44,534112.0
1699056000,1832.44,1833.65,1825.0,1828.38,434579.0
1699059600,1828.21,1836.66,1823.53,1834.79,508873.0
1699063200,1834.79,1839.65,1831.5,1832.54,754545.0
1699066800,1832.54,1835.39,1830.3,1834.71,311905.0
1699070400,1834.72,1835.28,1828.63,1829.86,330993.0
1699074000,1829.87,1831.43,1826.01,1831.33,420706.0
1699077600,1831.33,1838.42,1830.91,1832.55,845776.0
1699081200,1832.55,1839.8,1832.54,1833.92,539719.0
1699084800,1833.93,1843.21,1830.56,1839.66,713267.0
1699088400,1839.67,1847.8,1838.14,1838.97,892358.0
1699092000,1838.97,1847.5,1835.59,1840.49,543779.0
1699095600,1840.49,1845.0,1836.14,1837.45,403464.0
1699099200,1837.46,1840.77,1835.77,1837.76,308159.0
1699102800,1837.76,1838.48,1831.4,1835.64,365781.0
1699106400,1835.65,1837.6,1831.19,1833.12,356514.0
1699110000,1833.12,1834.13,1828.4,1832.31,411337.0
1699113600,1832.32,1838.55,1831.69,1833.63,330152.0
1699117200,1833.63,1839.55,1833.47,1839.32,183349.0
1699120800,1839.33,1841.43,1835.08,1840.26,181646.0
1699124400,1840.25,1840.37,1835.23,1835.74,84073.0
1699128000,1835.73,1839.43,1834.52,1838.08,112351.0
1699131600,1838.09,1847.73,1838.08,1842.37,288324.0
1699135200,1842.37,1859.79,1842.37,1858.35,890251.0
1699138800,1858.34,1871.35,1854.01,1856.15,1579269.0
1699142400,1856.16,1857.66,1846.3,1850.97,732430.0
1699146000,1850.97,1856.99,1849.0,1854.85,491864.0
1699149600,1854.9,1855.31,1846.66,1854.82,492044.0
1699153200,1854.82,1895.0,1854.22,1888.98,2917376.0
1699156800,1888.98,1889.9,1877.09,1882.14,1416762.0
1699160400,1882.14,1893.8,1880.01,1886.42,1293587.0
1699164000,1886.42,1887.36,1875.87,1879.2,654025.0
1699167600,1879.21,1888.0,1878.01,1884.86,563030.0
1699171200,1884.86,1897.69,1877.58,1880.23,1447868.0
1699174800,1880.24,1890.0,1877.8,1888.94,662878.0
1699178400,1888.84,1889.2,1882.61,1888.16,390842.0
1699182000,1888.15,1894.97,1883.12,1888.19,755606.0
1699185600,1888.19,1900.98,1884.01,1891.16,1964943.0
1699189200,1891.17,1896.52,1865.0,1871.04,1949640.0
1699192800,1871.03,1881.16,1867.11,1877.82,1343715.0
1699196400,1877.87,1880.84,1868.47,1874.85,653715.0
1699200000,1874.85,1884.0,1873.18,1882.98,534128.0
1699203600,1882.98,1914.57,1881.48,1900.54,2948482.0
1699207200,1900.53,1905.61,1892.74,1893.83,761601.0
1699210800,1893.84,1898.6,1886.46,1888.76,496207.0
1699214400,1888.77,1894.61,1882.0,1886.43,362925.0
1699218000,1886.44,1887.84,1853.27,1867.34,1830335.0
1699221600,1867.34,1887.26,1866.33,1885.65,835302.0
1699225200,1885.64,1910.99,1885.5,1891.72,1964966.0
1699228800,1891.72,1897.96,1888.02,1894.78,743787.0
1699232400,1894.77,1900.0,1883.04,1885.9,820035.0
1699236000,1885.92,1890.58,1880.0,1885.49,675836.0
1699239600,1885.48,1888.53,1880.06,1887.32,497078.0
1699243200,1887.32,1889.74,1873.75,1878.37,823311.0
1699246800,1878.38,1883.54,1869.0,1874.61,1137332.0
1699250400,1874.6,1879.23,1872.48,1878.08,393784.0
1699254000,1878.08,1881.49,1875.0,1878.55,343262.0
1699257600,1878.56,1885.87,1873.23,1884.78,555624.0
1699261200,1884.78,1889.92,1883.01,1888.0,766194.0
1699264800,1888.01,1899.0,1886.39,1895.51,1061346.0
1699268400,1895.5,1898.57,1890.65,1898.5,512658.0
1699272000,1898.5,1906.36,1891.24,1905.6,1218542.0
1699275600,1905.6,1911.86,1888.0,1897.5,1762815.0
1699279200,1897.5,1915.0,1897.02,1912.99,1993466.0
1699282800,1913.0,1913.2,1900.47,1901.59,999035.0
1699286400,1901.6,1903.74,1891.65,1893.62,1113431.0
1699290000,1893.63,1899.18,1886.15,1897.07,698071.0
1699293600,1897.07,1899.0,1885.63,1893.29,702239.0
1699297200,1893.3,1904.47,1891.08,1902.08,390004.0
1699300800,1902.08,1902.98,1891.5,1895.2,330260.0
1699304400,1895.15,1895.15,1880.81,1892.34,703211.0
1699308000,1892.33,1904.58,1892.07,1903.39,415035.0
1699311600,1903.4,1908.0,1893.33,1901.0,610443.0
1699315200,1900.99,1904.0,1884.21,1891.93,1281606.0
1699318800,1891.92,1896.84,1888.74,1893.34,478085.0
1699322400,1893.34,1895.9,1880.0,1881.04,962531.0
1699326000,1881.05,1890.7,1878.32,1890.69,714673.0
1699329600,1890.7,1896.5,1885.5,1893.74,664460.0
1699333200,1893.74,1897.33,1889.2,1894.78,453327.0
1699336800,1894.8,1896.15,1890.2,1894.06,334198.0
1699340400,1894.07,1895.0,1887.1,1892.01,375731.0
1699344000,1892.01,1895.0,1887.0,1888.88,371494.0
1699347600,1888.87,1889.31,1874.26,1875.42,1448617.0
1699351200,1875.41,1880.28,1866.46,1869.98,1880700.0
1699354800,1869.98,1877.44,1868.1,1873.8,583186.0
1699358400,1873.8,1880.0,1867.54,1877.61,850876.0
1699362000,1877.61,1878.16,1866.32,1873.83,854392.0
1699365600,1873.83,1879.0,1870.54,1876.92,758706.0
1699369200,1876.93,1877.77,1858.5,1863.39,1843729.0
1699372800,1863.39,1868.01,1855.41,1858.6,1145106.0
1699376400,1858.6,1874.0,1850.0,1873.05,1705468.0
1699380000,1873.05,1896.66,1872.57,1893.84,3131938.0
1699383600,1893.84,1901.06,1889.21,1894.31,992511.0
1699387200,1894.5,1907.5,1891.0,1901.16,924216.0
1699390800,1901.15,1902.96,1892.05,1892.47,516861.0
1699394400,1892.48,1892.84,1872.35,1879.69,1147723.0
1699398000,1879.69,1888.78,1877.36,1885.14,435190.0
1699401600,1885.14,1887.64,1880.0,1887.31,427181.0
1699405200,1887.31,1892.95,1885.23,1888.27,363889.0
1699408800,1888.28,1892.49,1886.18,1887.42,277330.0
1699412400,1887.43,1888.57,1880.05,1882.44,500037.0
1699416000,1882.44,1886.53,1880.13,1885.28,365983.0
1699419600,1885.28,1887.01,1877.0,1879.34,468160.0
1699423200,1879.33,1880.23,1873.0,1878.79,540675.0
1699426800,1878.78,1880.75,1874.0,1875.0,303836.0
1699430400,1875.0,1881.38,1873.3,1878.28,442452.0
1699434000,1878.29,1885.87,1877.69,1884.08,371471.0
1699437600,1884.09,1889.19,1882.22,1885.71,601839.0
1699441200,1885.71,1886.75,1881.0,1881.0,296697.0
1699444800,1881.0,1888.2,1880.87,1884.76,369596.0
1699448400,1884.76,1889.88,1881.22,1888.8,407504.0
1699452000,1888.81,1892.64,1882.5,1886.44,703527.0
1699455600,1886.43,1889.66,1879.47,1888.91,599869.0
1699459200,1888.92,1901.77,1886.45,1899.59,1240464.0
1699462800,1899.6,1901.35,1889.74,1892.28,610797.0
1699466400,1892.28,1904.0,1890.57,1900.51,672910.0
1699470000,1900.51,1905.0,1894.5,1899.12,641550.0
1699473600,1899.13,1901.28,1890.0,1895.5,337334.0
1699477200,1895.49,1904.88,1882.66,1887.02,1429574.0
1699480800,1887.0,1896.86,1887.0,1891.29,683580.0
1699484400,1891.4,1898.97,1888.0,1888.61,856962.0
1699488000,1888.61,1903.98,1882.0,1898.3,1382385.0
1699491600,1898.29,1907.58,1891.34,1901.05,1009609.0
1699495200,1901.04,1928.8,1898.33,1917.91,3081457.0
1699498800,1917.91,1923.69,1910.0,1919.05,1289282.0
1699502400,1919.05,1930.0,1916.02,1923.82,1202799.0
1699506000,1923.72,1924.38,1915.7,1918.22,647773.0
1699509600,1918.05,1928.8,1917.85,1926.68,635137.0
1699513200,1926.66,1929.0,1910.0,1912.25,1218373.0
1699516800,1912.25,1918.67,1911.01,1916.15,567978.0
1699520400,1916.15,1918.13,1907.53,1915.89,967213.0
1699524000,1915.89,1919.99,1910.15,1912.41,862887.0
1699527600,1912.42,1913.88,1905.0,1913.84,1064540.0
1699531200,1913.83,1918.25,1911.0,1912.77,816416.0
1699534800,1912.78,1922.85,1908.37,1920.79,1078848.0
1699538400,1920.8,2005.06,1920.62,1992.25,7987995.0
1699542000,1992.25,2060.0,1987.74,2037.88,11773696.0
1699545600,2037.87,2050.16,1972.0,2017.73,9092202.0
1699549200,2017.72,2029.72,2004.04,2024.62,2071931.0
1699552800,2024.4,2025.56,1997.21,2000.7,1088580.0
1699556400,2000.52,2020.91,1994.74,2018.49,1139738.0
1699560000,2018.49,2036.0,2011.26,2035.9,1286280.0
1699563600,2035.89,2091.88,2031.25,2058.62,3389161.0
1699567200,2058.58,2120.0,2057.28,2095.42,3044423.0
1699570800,2095.41,2132.0,2088.0,2121.23,2615885.0
1699574400,2121.04,2128.94,2096.88,2100.83,2184424.0
1699578000,2100.84,2118.08,2095.39,2108.9,1097702.0
1699581600,2108.91,2125.0,2104.12,2124.31,938056.0
1699585200,2124.32,2127.92,2110.66,2121.41,1101348.0
1699588800,2121.41,2137.9,2111.21,2132.64,1475419.0
1699592400,2132.64,2136.6,2121.03,2123.73,1381521.0
1699596000,2123.64,2125.34,2107.3,2109.95,1182507.0
1699599600,2109.96,2113.35,2101.61,2104.52,1105863.0
1699603200,2104.44,2108.18,2083.22,2098.81,1852412.0
1699606800,2098.81,2105.71,2094.53,2104.0,657456.0
1699610400,2103.99,2104.7,2084.93,2090.48,927589.0
1699614000,2090.47,2109.88,2090.0,2097.43,1589534.0
1699617600,2097.38,2100.45,2072.0,2085.75,2172267.0
1699621200,2085.75,2096.32,2072.3,2074.38,1575621.0
1699624800,2074.38,2085.0,2064.63,2079.35,1652862.0
1699628400,2079.34,2095.0,2077.66,2089.73,1230593.0
1699632000,2089.74,2102.97,2088.43,2096.0,1254652.0
1699635600,2096.01,2101.57,2088.16,2096.34,655388.0
1699639200,2096.33,2103.46,2091.2,2094.53,595797.0
1699642800,2094.53,2098.6,2085.23,2087.87,410842.0
1699646400,2087.87,2089.71,2081.44,2087.36,352448.0
1699650000,2087.37,2099.7,2085.95,2091.56,304717.0
1699653600,2091.55,2093.49,2067.0,2081.24,676159.0
1699657200,2081.24,2093.03,2075.0,2078.15,670451.0
1699660800,2078.15,2085.64,2073.12,2077.43,519374.0
1699664400,2077.43,2079.95,2027.08,2049.25,2817302.0
1699668000,2049.31,2054.68,2030.0,2046.94,1657136.0
1699671600,2046.94,2052.07,2042.34,2047.15,558813.0
1699675200,2047.15,2049.94,2035.2,2048.17,872483.0
1699678800,2048.1,2059.49,2045.82,2055.98,637234.0
1699682400,2055.98,2062.43,2050.41,2057.19,472271.0
1699686000,2057.2,2061.63,2052.84,2056.06,412442.0
1699689600,2056.07,2057.56,2049.0,2050.0,457270.0
1699693200,2050.0,2066.52,2046.55,2062.01,1071141.0
1699696800,2062.0,2067.58,2058.54,2062.8,438066.0
1699700400,2062.8,2062.8,2055.59,2058.5,385685.0
1699704000,2058.5,2064.17,2054.91,2060.49,528451.0
1699707600,2060.5,2064.48,2053.0,2062.66,562426.0
1699711200,2062.65,2090.25,2061.23,2081.37,2024944.0
1699714800,2081.37,2082.19,2066.0,2067.87,941898.0
1699718400,2067.88,2090.0,2067.87,2084.99,800530.0
1699722000,2085.0,2085.55,2067.13,2070.71,1085506.0
1699725600,2070.7,2078.76,2066.57,2076.87,408774.0
1699729200,2076.88,2079.9,2074.2,2075.96,197529.0
1699732800,2076.02,2076.3,2055.23,2058.17,643956.0
1699736400,2058.18,2061.81,2038.56,2045.52,753147.0
1699740000,2045.56,2048.04,2031.82,2045.81,876787.0
1699743600,2045.81,2054.44,2035.79,2053.68,493743.0
1699747200,2053.67,2056.34,2010.46,2034.26,1966778.0
1699750800,2034.35,2041.98,2025.54,2039.19,909621.0
1699754400,2039.2,2044.97,2036.86,2041.11,488118.0
1699758000,2041.04,2052.0,2038.19,2051.58,701864.0
1699761600,2051.58,2052.98,2043.99,2049.93,342639.0
1699765200,2049.7,2053.08,2044.24,2052.6,305575.0
1699768800,2052.59,2056.0,2049.19,2053.82,417966.0
1699772400,2053.96,2060.96,2053.82,2057.88,467298.0
1699776000,2057.88,2059.63,2052.22,2056.69,401586.0
1699779600,2056.7,2057.16,2046.9,2051.24,467016.0
1699783200,2051.24,2054.96,2046.5,2050.65,304555.0
1699786800,2050.64,2054.96,2048.0,2048.5,263473.0
1699790400,2048.49,2049.19,2035.69,2045.52,858312.0
1699794000,2045.51,2052.69,2038.29,2049.8,719148.0
1699797600,2049.81,2059.21,2049.8,2058.1,558860.0
1699801200,2058.1,2068.91,2048.0,2057.83,1215617.0
1699804800,2057.83,2060.67,2050.0,2050.99,448121.0
1699808400,2051.0,2053.73,2046.53,2050.96,371021.0
1699812000,2051.04,2058.0,2045.0,2054.14,373487.0
1699815600,2054.14,2055.2,2045.53,2049.73,221404.0
1699819200,2049.73,2056.0,2045.6,2053.31,197591.0
1699822800,2053.31,2067.16,2053.31,2059.84,532075.0
1699826400,2059.68,2061.81,2054.28,2061.8,356848.0
1699830000,2061.81,2064.89,2029.04,2044.98,1520695.0
1699833600,2044.98,2056.65,2036.13,2054.26,1024034.0
1699837200,2054.26,2074.48,2054.26,2062.49,1523166.0
1699840800,2062.53,2073.64,2056.38,2063.7,937646.0
1699844400,2063.64,2064.28,2037.21,2040.14,1476215.0
1699848000,2040.13,2045.01,2037.68,2041.66,640936.0
1699851600,2041.66,2042.34,2031.0,2041.2,846445.0
1699855200,2041.21,2041.81,2028.17,2041.09,716847.0
1699858800,2041.09,2056.5,2037.87,2048.34,1336254.0
1699862400,2048.34,2061.6,2048.01,2058.43,757937.0
1699866000,2058.42,2059.79,2051.39,2055.76,472133.0
1699869600,2055.76,2058.8,2048.0,2057.47,519692.0
1699873200,2057.46,2057.47,2038.16,2047.37,1086537.0
1699876800,2047.21,2055.98,2040.0,2055.29,723406.0
1699880400,2055.29,2056.02,2045.0,2050.83,739399.0
1699884000,2050.84,2081.11,2040.11,2076.0,3792336.0
1699887600,2076.01,2108.0,2072.0,2105.01,4687384.0
1699891200,2105.01,2118.06,2083.0,2087.11,3055015.0
1699894800,2087.12,2087.92,2066.0,2080.86,1758326.0
1699898400,2080.87,2093.72,2074.36,2093.18,694820.0
1699902000,2093.17,2101.85,2089.13,2100.21,499909.0
1699905600,2100.21,2103.02,2085.0,2086.32,552154.0
1699909200,2086.33,2086.8,2043.26,2059.62,3177605.0
1699912800,2059.63,2071.75,2057.11,2059.23,583744.0
1699916400,2059.23,2069.91,2052.94,2053.83,660884.0
1699920000,2053.95,2057.62,2032.11,2034.3,2056804.0
1699923600,2034.3,2050.9,2032.43,2043.05,780462.0
1699927200,2043.04,2056.55,2042.88,2053.23,553919.0
1699930800,2053.33,2058.32,2052.2,2055.56,429966.0
1699934400,2055.56,2057.49,2047.6,2055.28,464578.0
1699938000,2055.27,2064.24,2054.99,2063.19,531157.0
1699941600,2063.19,2064.53,2055.38,2057.5,445319.0
1699945200,2057.49,2062.23,2055.61,2060.14,315397.0
1699948800,2060.14,2064.68,2057.24,2062.36,416000.0
1699952400,2062.36,2063.11,2047.49,2048.26,808577.0
1699956000,2048.27,2051.82,2040.55,2047.11,964993.0
1699959600,2047.11,2047.87,2026.71,2032.76,1615785.0
1699963200,2032.76,2037.45,2020.53,2032.32,1499768.0
1699966800,2032.32,2052.74,2031.61,2043.84,2248770.0
1699970400,2043.83,2054.93,2037.87,2050.98,1137755.0
1699974000,2050.98,2052.9,2019.4,2038.25,2572429.0
1699977600,2038.26,2054.17,2036.83,2045.51,1036737.0
1699981200,2045.51,2047.14,2023.24,2024.46,1019732.0
1699984800,2024.46,2027.51,1910.0,1965.34,7203855.0
1699988400,1965.34,1985.0,1956.03,1978.73,1790184.0
1699992000,1978.73,1994.65,1975.16,1975.46,1070700.0
1699995600,1975.42,1983.0,1968.62,1981.21,860032.0
1699999200,1981.21,1988.0,1979.36,1986.51,407678.0
1700002800,1986.51,1987.51,1976.33,1979.1,396593.0
1700006400,1979.11,1991.56,1977.59,1982.01,546122.0
1700010000,1982.02,1988.2,1972.2,1973.34,715578.0
1700013600,1973.33,1978.36,1967.33,1973.99,596607.0
1700017200,1974.0,1977.21,1968.59,1968.74,316878.0
1700020800,1968.75,1981.82,1968.27,1981.74,502506.0
1700024400,1981.73,1986.85,1979.77,1984.76,451734.0
1700028000,1984.69,1984.77,1979.15,1979.92,475185.0
1700031600,1979.76,1987.8,1979.0,1983.35,495149.0
1700035200,1983.36,1991.96,1981.21,1990.0,867928.0
1700038800,1990.0,1996.0,1984.0,1985.88,975268.0
1700042400,1985.87,1989.96,1982.0,1989.82,402317.0
1700046000,1989.82,2014.81,1989.82,2012.8,1912099.0
1700049600,2012.8,2024.01,2008.3,2014.29,1321143.0
1700053200,2014.3,2018.95,2005.04,2013.45,995699.0
1700056800,2013.44,2020.47,2006.16,2008.83,865430.0
1700060400,2008.81,2021.68,2008.43,2021.2,551475.0
1700064000,2021.13,2026.28,2008.09,2013.91,977475.0
1700067600,2013.91,2016.57,2002.0,2014.18,813662.0
1700071200,2014.1,2048.73,2002.34,2038.3,3709344.0
1700074800,2038.45,2054.37,2030.0,2052.23,1450049.0
1700078400,2052.22,2063.54,2042.3,2044.94,1535876.0
1700082000,2044.94,2050.0,2036.28,2046.73,717417.0
1700085600,2046.73,2062.16,2043.28,2053.19,466189.0
1700089200,2053.19,2062.0,2047.0,2059.08,558896.0
1700092800,2059.08,2081.39,2052.0,2077.02,1343029.0
1700096400,2076.95,2082.62,2060.38,2061.59,1226449.0
1700100000,2061.5,2062.97,2054.0,2056.02,571638.0
1700103600,2056.03,2058.37,2051.48,2053.81,456825.0
1700107200,2053.81,2057.0,2048.5,2055.85,448756.0
1700110800,2055.86,2059.63,2049.25,2058.87,468979.0
1700114400,2058.89,2062.5,2054.19,2062.14,397413.0
1700118000,2062.14,2066.11,2053.2,2053.76,567860.0
1700121600,2053.76,2055.11,2036.66,2042.46,1285574.0
1700125200,2042.46,2047.45,2036.03,2043.53,820294.0
1700128800,2043.54,2045.9,2038.5,2039.12,349764.0
1700132400,2039.12,2091.96,2038.59,2069.0,4403388.0
1700136000,2069.01,2069.69,2042.75,2048.8,2363801.0
1700139600,2048.8,2052.02,2020.0,2035.47,2438022.0
1700143200,2035.5,2039.96,2006.48,2027.38,2406059.0
1700146800,2027.38,2034.47,1978.02,1995.09,3045735.0
1700150400,1995.1,2011.73,1992.37,2008.41,1349432.0
1700154000,2008.42,2014.83,1995.34,1996.12,677985.0
1700157600,1996.13,1999.36,1966.0,1981.81,1979767.0
1700161200,1981.8,1984.53,1938.4,1964.84,3355458.0
1700164800,1965.0,1968.98,1945.06,1956.92,1004960.0
1700168400,1956.92,1962.57,1947.96,1955.46,542192.0
1700172000,1955.46,1970.64,1952.81,1967.59,450033.0
1700175600,1967.6,1968.45,1952.21,1961.81,600123.0
1700179200,1961.81,1980.7,1959.6,1978.79,757889.0
1700182800,1978.8,1986.66,1974.76,1985.95,581368.0
1700186400,1985.84,1991.53,1980.04,1985.97,833195.0
1700190000,1985.97,1987.0,1977.13,1984.26,465067.0
1700193600,1984.27,1987.49,1980.67,1982.24,359108.0
1700197200,1982.13,1984.65,1973.3,1978.03,615995.0
1700200800,1978.17,1987.62,1976.0,1984.89,411070.0
1700204400,1984.89,1985.33,1968.0,1970.99,684605.0
1700208000,1970.99,1979.89,1967.72,1978.44,697541.0
1700211600,1978.44,1982.9,1968.58,1973.71,557645.0
1700215200,1973.71,1974.4,1954.19,1964.72,1502875.0
1700218800,1964.72,1970.0,1959.09,1965.93,601903.0
1700222400,1965.93,1966.49,1948.68,1965.03,1252703.0
1700226000,1965.03,1971.5,1949.89,1952.2,1285608.0
1700229600,1952.19,1958.29,1926.0,1933.41,2519283.0
1700233200,1933.41,1940.67,1913.03,1919.06,2426506.0
1700236800,1919.05,1928.97,1905.0,1916.23,1961666.0
1700240400,1916.23,1945.0,1913.0,1943.28,2594338.0
1700244000,1943.28,1947.76,1938.42,1945.79,537523.0
1700247600,1945.8,1948.87,1935.84,1938.8,377079.0
1700251200,1938.8,1951.48,1937.32,1943.17,478752.0
1700254800,1943.16,1947.67,1938.74,1946.09,289091.0
1700258400,1946.18,1967.98,1945.8,1962.74,834121.0
1700262000,1962.74,1966.98,1952.52,1960.46,403883.0
1700265600,1960.45,1961.3,1952.0,1954.34,324854.0
1700269200,1954.34,1957.8,1947.63,1949.94,336261.0
1700272800,1950.0,1955.85,1949.4,1950.07,210607.0
1700276400,1950.07,1950.51,1940.48,1941.69,474980.0
1700280000,1941.69,1946.29,1938.28,1938.32,410142.0
1700283600,1938.33,1939.07,1930.0,1932.3,751854.0
1700287200,1932.3,1937.5,1925.0,1926.47,506716.0
1700290800,1926.46,1936.94,1916.6,1936.11,1107266.0
1700294400,1936.0,1942.34,1930.8,1938.64,615382.0
1700298000,1938.64,1945.39,1937.61,1940.68,388432.0
1700301600,1940.69,1945.23,1940.0,1944.47,342579.0
1700305200,1944.47,1945.16,1933.2,1935.1,462502.0
1700308800,1935.11,1941.81,1932.0,1940.13,385578.0
1700312400,1940.13,1942.92,1930.89,1937.17,559389.0
1700316000,1937.18,1944.8,1935.89,1940.04,390168.0
1700319600,1940.05,1954.47,1939.61,1952.29,923454.0
1700323200,1952.28,1964.36,1951.88,1963.5,1112377.0
1700326800,1963.5,1971.24,1958.5,1964.59,956570.0
1700330400,1964.59,1970.17,1957.03,1967.12,523494.0
1700334000,1967.11,1970.0,1961.13,1963.76,270758.0
1700337600,1963.84,1966.31,1958.11,1963.25,254656.0
1700341200,1963.25,1965.0,1958.4,1959.57,156523.0
1700344800,1959.58,1961.0,1949.27,1957.44,382519.0
1700348400,1957.44,1963.92,1955.76,1963.02,283843.0
1700352000,1963.03,1963.29,1951.25,1952.53,312415.0
1700355600,1952.53,1954.79,1943.8,1950.94,564229.0
1700359200,1950.94,1952.41,1943.25,1948.35,516551.0
1700362800,1948.36,1958.11,1944.1,1956.03,573390.0
1700366400,1956.04,1958.7,1953.2,1957.01,276998.0
1700370000,1957.01,1963.75,1956.3,1957.1,429106.0
1700373600,1957.13,1967.48,1956.25,1962.31,426622.0
1700377200,1962.31,1965.67,1960.95,1961.93,244686.0
1700380800,1961.99,1966.68,1958.0,1958.41,374077.0
1700384400,1958.4,1965.0,1956.8,1962.85,400451.0
1700388000,1962.85,1963.14,1957.6,1957.6,202483.0
1700391600,1957.6,1957.78,1945.77,1952.1,922011.0
1700395200,1952.09,1954.84,1945.13,1953.65,610361.0
1700398800,1953.53,1956.26,1950.99,1952.87,319080.0
1700402400,1952.88,1956.66,1947.5,1953.63,478322.0
1700406000,1953.63,1969.52,1949.26,1967.23,1099630.0
1700409600,1967.23,1980.0,1965.61,1968.93,1040112.0
1700413200,1968.93,1980.0,1968.0,1973.4,518273.0
1700416800,1973.41,1982.36,1971.12,1979.16,618174.0
1700420400,1979.17,1985.78,1974.29,1983.68,354056.0
1700424000,1983.68,1987.93,1976.22,1984.67,543610.0
1700427600,1984.8,1986.64,1978.37,1982.64,285479.0
1700431200,1982.56,1984.66,1976.22,1981.21,218511.0
1700434800,1981.2,2016.0,1979.8,2011.94,2208590.0
1700438400,2011.95,2013.2,1995.36,2006.2,954006.0
1700442000,2006.2,2007.84,2001.65,2006.35,396217.0
1700445600,2006.35,2011.0,2000.2,2009.53,480620.0
1700449200,2009.54,2010.43,1996.55,2000.36,612987.0
1700452800,2000.36,2004.56,1997.14,2004.02,344241.0
1700456400,2004.01,2005.37,1993.88,2000.0,403591.0
1700460000,2000.01,2007.54,1997.62,2006.92,502023.0
1700463600,2006.92,2030.0,2000.29,2019.77,1241093.0
1700467200,2019.77,2022.41,2008.54,2017.67,1126473.0
1700470800,2017.67,2039.0,2015.2,2037.0,1475227.0
1700474400,2036.99,2043.47,2030.58,2036.8,1127729.0
1700478000,2036.81,2042.4,2018.86,2024.66,1385876.0
1700481600,2024.65,2025.35,2016.53,2019.85,734120.0
1700485200,2019.85,2027.56,2013.73,2016.73,922666.0
1700488800,2016.72,2042.26,1985.0,2038.59,3568408.0
1700492400,2038.52,2050.0,2029.42,2042.12,1831471.0
1700496000,2041.87,2054.15,2018.72,2020.02,2041940.0
1700499600,2020.01,2068.0,2010.0,2057.75,3317730.0
1700503200,2057.71,2063.0,2031.4,2045.16,2116390.0
1700506800,2045.16,2048.96,2033.56,2036.45,633595.0
1700510400,2036.32,2039.49,2028.4,2035.07,283637.0
1700514000,2035.07,2035.36,2015.0,2024.99,683993.0
1700517600,2024.99,2033.87,2016.31,2024.1,410860.0
1700521200,2024.09,2030.83,2020.27,2021.35,393884.0
1700524800,2021.34,2030.31,2017.13,2023.47,623103.0
1700528400,2023.48,2034.82,2019.89,2031.84,458059.0
1700532000,2031.81,2032.92,2006.67,2011.2,1086698.0
1700535600,2011.19,2020.89,2010.0,2018.84,582420.0
1700539200,2018.85,2019.33,2013.64,2014.99,247492.0
1700542800,2014.99,2018.18,2010.01,2014.33,389851.0
1700546400,2014.33,2019.65,2011.75,2015.11,375936.0
1700550000,2015.11,2015.16,2003.0,2004.53,824967.0
1700553600,2004.52,2014.5,2002.23,2012.49,584548.0
1700557200,2012.5,2015.29,2007.21,2007.83,364614.0
1700560800,2007.83,2017.4,2007.31,2014.39,483997.0
1700564400,2014.4,2016.36,2002.18,2004.22,680286.0
1700568000,2004.22,2013.4,2003.0,2011.59,606214.0
1700571600,2011.58,2015.4,2002.2,2004.68,714718.0
1700575200,2004.69,2005.26,1981.97,1989.71,3177917.0
1700578800,1989.71,1997.76,1951.04,1988.0,7460228.0
1700582400,1987.89,2025.0,1978.17,2005.49,3221054.0
1700586000,2005.49,2018.36,1960.0,1976.08,3692904.0
1700589600,1976.08,1980.38,1961.07,1974.04,1866294.0
1700593200,1973.96,1996.94,1969.15,1985.64,1159757.0
1700596800,1985.77,2006.8,1970.0,1991.85,1434414.0
1700600400,1991.85,1997.7,1982.0,1985.02,497656.0
1700604000,1985.22,1987.39,1929.2,1941.99,1797788.0
1700607600,1941.86,1953.61,1932.31,1933.42,1676222.0
1700611200,1933.16,1955.54,1928.8,1955.46,1264282.0
1700614800,1955.45,1967.77,1954.15,1963.15,791488.0
1700618400,1963.15,1974.8,1960.82,1973.17,618137.0
1700622000,1973.17,1979.75,1969.85,1977.9,541452.0
1700625600,1977.9,1987.87,1976.77,1985.93,851490.0
1700629200,1985.92,1991.0,1981.73,1984.17,617019.0
1700632800,1984.17,1997.0,1984.16,1993.98,831448.0
1700636400,1993.99,2002.12,1991.04,1993.4,771449.0
1700640000,1993.41,2004.4,1992.01,2002.66,705986.0
1700643600,2002.66,2013.51,2001.64,2009.76,956227.0
1700647200,2009.76,2030.0,2003.03,2024.79,1695936.0
1700650800,2024.79,2027.93,2014.24,2014.67,1078214.0
1700654400,2014.66,2024.49,2010.66,2021.94,855971.0
1700658000,2021.83,2046.56,2016.01,2030.67,2100573.0
1700661600,2030.7,2033.5,2017.38,2024.62,1098310.0
1700665200,2024.63,2039.0,2015.3,2033.99,1414140.0
1700668800,2034.0,2053.64,2027.07,2032.97,2191988.0
1700672400,2032.98,2041.68,2029.32,2033.91,764826.0
1700676000,2033.92,2065.98,2032.5,2062.8,2037365.0
1700679600,2062.89,2084.52,2058.61,2077.32,2049441.0
1700683200,2077.28,2080.52,2071.59,2075.79,761243.0
1700686800,2075.83,2093.13,2071.0,2081.39,1484452.0
1700690400,2081.4,2087.89,2063.41,2064.87,691774.0
1700694000,2064.87,2068.48,2057.79,2063.34,634686.0
1700697600,2063.34,2066.06,2053.0,2053.77,604599.0
1700701200,2053.76,2071.09,2053.31,2066.32,591075.0
1700704800,2066.32,2068.69,2057.38,2062.62,474545.0
1700708400,2062.62,2065.42,2055.26,2059.25,447405.0
1700712000,2059.25,2067.0,2057.47,2062.15,406768.0
1700715600,2062.16,2068.89,2061.48,2063.56,297150.0
1700719200,2063.55,2063.94,2058.22,2061.31,273462.0
1700722800,2061.31,2069.44,2061.31,2065.58,520987.0
1700726400,2065.48,2083.65,2063.77,2081.6,835398.0
1700730000,2081.61,2089.0,2075.26,2087.9,858803.0
1700733600,2087.9,2088.54,2070.42,2071.89,989773.0
1700737200,2071.89,2071.99,2037.0,2062.5,2539389.0
1700740800,2062.5,2071.0,2053.85,2056.63,1332943.0
1700744400,2056.63,2063.1,2047.39,2052.27,863889.0
1700748000,2052.38,2062.71,2050.4,2059.18,666123.0
1700751600,2059.18,2062.55,2039.16,2041.56,1666438.0
1700755200,2041.56,2053.65,2039.53,2049.94,669045.0
1700758800,2049.94,2062.1,2049.77,2058.09,553940.0
1700762400,2058.1,2063.73,2057.17,2060.06,231095.0
1700766000,2060.09,2067.44,2055.01,2061.73,289055.0
1700769600,2061.73,2068.35,2061.05,2065.85,293594.0
1700773200,2065.86,2078.43,2063.83,2068.3,831571.0
1700776800,2068.4,2070.5,2060.27,2065.55,233238.0
1700780400,2065.55,2070.1,2058.32,2061.43,305930.0
1700784000,2061.44,2067.25,2058.66,2063.55,280265.0
1700787600,2063.55,2076.24,2063.55,2067.84,638345.0
1700791200,2067.84,2074.34,2063.79,2069.08,416195.0
1700794800,2069.09,2071.69,2063.1,2063.25,376661.0
1700798400,2063.24,2069.89,2062.01,2067.53,408510.0
1700802000,2067.54,2072.13,2064.0,2072.13,225470.0
1700805600,2072.13,2073.52,2067.02,2069.35,283450.0
1700809200,2069.35,2083.88,2064.21,2079.74,914330.0
1700812800,2079.84,2085.0,2074.38,2078.67,1045095.0
1700816400,2078.68,2118.0,2076.5,2109.35,3047699.0
1700820000,2109.35,2129.95,2100.45,2102.92,2544853.0
1700823600,2102.92,2115.0,2096.03,2097.29,1609982.0
1700827200,2097.29,2107.84,2096.23,2102.29,748229.0
1700830800,2102.29,2107.29,2097.02,2104.1,650934.0
1700834400,2104.1,2114.12,2097.0,2112.76,879374.0
1700838000,2112.76,2133.99,2111.37,2115.97,2625880.0
1700841600,2115.97,2124.38,2083.36,2094.85,2530200.0
1700845200,2094.85,2106.96,2092.43,2102.84,919898.0
1700848800,2102.84,2102.84,2085.18,2089.76,768386.0
1700852400,2089.76,2090.14,2076.49,2086.14,734312.0
1700856000,2086.14,2091.6,2075.0,2089.66,485164.0
1700859600,2089.65,2094.76,2083.91,2084.54,374717.0
1700863200,2084.53,2085.6,2052.14,2072.48,1334983.0
1700866800,2072.49,2079.83,2065.22,2079.6,501540.0
1700870400,2079.59,2082.92,2072.22,2073.93,455036.0
1700874000,2074.0,2086.66,2073.22,2086.35,411228.0
1700877600,2086.34,2087.3,2078.66,2086.15,332050.0
1700881200,2086.13,2088.91,2083.56,2086.57,281480.0
1700884800,2086.58,2087.75,2082.21,2085.28,168645.0
1700888400,2085.28,2086.56,2080.16,2084.01,184583.0
1700892000,2084.0,2086.34,2080.93,2084.46,244083.0
1700895600,2084.46,2089.93,2083.59,2088.27,260368.0
1700899200,2088.25,2090.62,2084.04,2084.31,221334.0
1700902800,2084.32,2085.85,2079.51,2083.39,409864.0
1700906400,2083.39,2084.1,2074.1,2075.59,444266.0
1700910000,2075.58,2077.78,2065.61,2070.71,810337.0
1700913600,2070.71,2078.0,2069.88,2077.9,484019.0
1700917200,2077.9,2079.81,2071.72,2077.24,284639.0
1700920800,2077.24,2077.5,2070.31,2073.71,324814.0
1700924400,2073.71,2079.14,2066.35,2077.95,520461.0
1700928000,2077.95,2084.8,2076.4,2077.58,623156.0
1700931600,2077.58,2081.0,2075.14,2076.35,198671.0
1700935200,2076.35,2081.85,2073.57,2081.45,184381.0
1700938800,2081.44,2083.96,2080.72,2082.41,162511.0
1700942400,2082.4,2086.68,2081.5,2083.03,179677.0
1700946000,2083.01,2085.86,2081.02,2083.98,119287.0
1700949600,2083.98,2084.96,2080.19,2083.22,136001.0
1700953200,2083.22,2086.15,2081.47,2082.62,139944.0
1700956800,2082.63,2083.95,2075.4,2081.21,311976.0
1700960400,2081.22,2081.22,2069.5,2071.28,421060.0
1700964000,2071.28,2076.82,2067.27,2076.23,382885.0
1700967600,2076.21,2077.9,2074.8,2075.82,128116.0
1700971200,2076.0,2084.26,2069.52,2083.2,682186.0
1700974800,2083.2,2083.39,2080.01,2081.32,151017.0
1700978400,2081.32,2092.96,2077.37,2090.0,724695.0
1700982000,2090.0,2093.0,2086.16,2089.02,515207.0
1700985600,2089.01,2095.0,2087.6,2089.4,452335.0
1700989200,2089.39,2091.5,2083.0,2091.33,373830.0
1700992800,2091.34,2091.36,2083.82,2084.98,217774.0
1700996400,2084.98,2089.41,2082.0,2084.66,411628.0
1701000000,2084.66,2090.43,2071.48,2090.0,1295097.0
1701003600,2090.01,2090.81,2074.38,2083.51,888661.0
1701007200,2083.51,2083.66,2060.4,2065.24,1849736.0
1701010800,2065.24,2072.74,2062.03,2065.04,705759.0
1701014400,2065.04,2069.56,2036.0,2047.65,2818592.0
1701018000,2047.58,2052.0,2042.65,2049.64,523457.0
1701021600,2049.63,2055.95,2044.3,2049.59,433998.0
1701025200,2049.58,2057.59,2048.21,2057.07,235080.0
1701028800,2057.07,2082.99,2055.51,2077.2,1009856.0
1701032400,2077.21,2080.45,2068.07,2074.71,555828.0
1701036000,2074.71,2082.05,2073.0,2076.86,359857.0
1701039600,2076.87,2076.87,2060.29,2062.44,740950.0
1701043200,2062.45,2071.56,2058.89,2067.15,441917.0
1701046800,2067.15,2070.6,2061.34,2062.91,293629.0
1701050400,2062.91,2063.54,2046.4,2050.38,976531.0
1701054000,2050.37,2052.47,2039.03,2048.61,704177.0
1701057600,2048.61,2053.07,2042.64,2052.16,425184.0
1701061200,2052.17,2053.63,2046.47,2047.68,311714.0
1701064800,2047.67,2055.56,2042.5,2042.66,559747.0
1701068400,2042.66,2049.14,2030.0,2045.49,1415604.0
1701072000,2045.49,2050.64,2041.8,2046.4,473821.0
1701075600,2046.4,2053.0,2045.17,2045.17,426742.0
1701079200,2045.15,2045.97,2016.02,2024.99,2355144.0
1701082800,2025.0,2029.54,2016.61,2025.19,1486642.0
1701086400,2025.19,2029.55,2017.01,2018.77,743648.0
1701090000,2018.77,2025.51,2010.04,2024.07,1496337.0
1701093600,2024.07,2029.69,2011.73,2016.41,1215184.0
1701097200,2016.41,2028.34,2000.0,2003.17,1640080.0
1701100800,2003.17,2021.94,2000.46,2021.61,1272671.0
1701104400,2021.62,2024.71,2008.38,2010.48,928752.0
1701108000,2010.47,2019.7,2006.39,2006.77,429777.0
1701111600,2006.76,2011.6,1985.2,1994.84,1698964.0
1701115200,1994.83,1997.55,1987.08,1996.22,523433.0
1701118800,1996.23,2019.8,1995.37,2015.62,804829.0
1701122400,2015.62,2022.84,2011.57,2020.71,259574.0
1701126000,2020.7,2029.98,2020.4,2027.3,630442.0
1701129600,2027.3,2041.15,2022.38,2033.89,919238.0
1701133200,2033.89,2034.55,2025.0,2027.03,491043.0
1701136800,2027.03,2030.02,2020.25,2027.0,495126.0
1701140400,2027.01,2032.53,2023.58,2027.83,232713.0
1701144000,2027.86,2030.0,2017.28,2019.43,418416.0
1701147600,2019.43,2020.56,1998.0,1998.03,1357450.0
1701151200,1998.03,2015.35,1995.46,2014.07,1061012.0
1701154800,2014.08,2017.68,2001.99,2014.78,749727.0
1701158400,2014.68,2016.0,2005.34,2006.36,550949.0
1701162000,2006.37,2020.97,2005.72,2018.51,548265.0
1701165600,2018.51,2021.42,2014.0,2020.91,431679.0
1701169200,2020.9,2029.28,2018.3,2028.17,666595.0
1701172800,2028.18,2029.5,2021.36,2022.96,521225.0
1701176400,2022.97,2037.0,2019.01,2034.53,1034538.0
1701180000,2034.54,2042.71,2030.16,2031.07,919473.0
1701183600,2031.06,2039.98,2024.17,2036.22,1170793.0
1701187200,2036.39,2063.95,2035.27,2057.01,2286520.0
1701190800,2057.0,2076.0,2050.0,2072.69,1990447.0
1701194400,2072.69,2073.74,2051.43,2057.61,1178697.0
1701198000,2057.61,2069.69,2055.84,2059.71,950913.0
1701201600,2059.63,2066.26,2055.11,2063.27,491490.0
1701205200,2063.33,2065.02,2052.19,2053.8,428557.0
1701208800,2053.8,2058.32,2043.0,2049.4,411274.0
1701212400,2049.4,2054.76,2043.33,2048.64,346718.0
1701216000,2048.64,2051.75,2039.1,2050.99,610741.0
1701219600,2051.0,2058.0,2050.62,2050.84,514217.0
1701223200,2050.85,2053.61,2047.17,2049.71,332747.0
1701226800,2049.72,2054.55,2048.46,2053.54,249422.0
1701230400,2053.55,2055.64,2049.99,2054.5,206707.0
1701234000,2054.51,2056.71,2047.54,2053.52,285277.0
1701237600,2053.53,2064.0,2050.01,2062.26,667207.0
1701241200,2062.26,2062.6,2054.72,2057.72,445843.0
1701244800,2057.73,2071.97,2054.75,2071.28,770227.0
1701248400,2071.28,2076.74,2061.99,2066.54,1093486.0
1701252000,2066.54,2067.31,2045.0,2048.38,1387068.0
1701255600,2048.35,2057.2,2045.63,2052.6,698735.0
1701259200,2052.71,2060.8,2049.99,2054.0,532487.0
1701262800,2054.01,2062.03,2051.89,2053.81,593852.0
1701266400,2053.72,2058.71,2031.2,2036.29,1582543.0
1701270000,2036.17,2040.37,2020.2,2031.39,2140493.0
1701273600,2031.38,2034.19,2019.04,2026.02,1110688.0
1701277200,2026.02,2038.33,2020.04,2032.85,542586.0
1701280800,2032.84,2038.39,2028.44,2037.73,447822.0
1701284400,2037.74,2042.87,2033.21,2038.81,305884.0
1701288000,2038.8,2040.4,2019.85,2026.76,402392.0
1701291600,2026.77,2030.78,2022.39,2029.33,291945.0
1701295200,2029.43,2032.84,2028.4,2029.18,136336.0
1701298800,2029.17,2031.6,2024.66,2029.09,279345.0
1701302400,2029.08,2034.2,2024.78,2026.47,377193.0
1701306000,2026.46,2030.61,2022.44,2025.0,424565.0
1701309600,2025.0,2037.19,2024.1,2035.87,524702.0
1701313200,2035.87,2041.52,2030.08,2041.14,560768.0
1701316800,2041.14,2044.91,2035.49,2036.7,664739.0
1701320400,2036.69,2039.09,2032.1,2034.6,289717.0
1701324000,2034.6,2039.46,2031.58,2035.16,345113.0
1701327600,2035.16,2039.66,2032.54,2035.77,263275.0
1701331200,2035.77,2036.78,2020.5,2026.2,971252.0
1701334800,2026.2,2033.59,2022.4,2028.99,588521.0
1701338400,2029.0,2034.21,2027.85,2030.3,287961.0
1701342000,2030.3,2046.98,2028.5,2045.32,815208.0
1701345600,2045.32,2052.9,2043.0,2045.25,1027930.0
1701349200,2045.25,2048.93,2030.12,2035.45,1233592.0
1701352800,2035.45,2036.54,2024.52,2029.99,1401473.0
1701356400,2030.0,2039.71,2025.67,2033.61,1211788.0
1701360000,2033.5,2039.5,2028.6,2035.09,579375.0
1701363600,2035.1,2041.14,2034.0,2039.35,225753.0
1701367200,2039.36,2044.58,2037.32,2039.04,285771.0
1701370800,2039.05,2044.51,2036.67,2041.84,135888.0
1701374400,2041.84,2046.93,2039.64,2043.54,218571.0
1701378000,2043.53,2049.57,2040.25,2046.13,291170.0
1701381600,2046.13,2051.41,2043.21,2043.22,261824.0
1701385200,2043.22,2054.92,2040.07,2051.81,545182.0
1701388800,2051.81,2053.0,2044.7,2049.4,406845.0
1701392400,2049.4,2091.84,2047.12,2088.19,2999819.0
1701396000,2088.19,2093.58,2082.6,2085.68,1277037.0
1701399600,2085.67,2092.67,2083.0,2092.2,688946.0
1701403200,2092.21,2100.4,2089.11,2094.77,1202832.0
1701406800,2094.77,2096.99,2090.55,2091.59,594284.0
1701410400,2091.6,2093.9,2087.24,2092.75,516430.0
1701414000,2092.75,2109.09,2089.33,2092.54,1958284.0
1701417600,2092.54,2099.0,2091.23,2094.32,702664.0
1701421200,2094.31,2113.0,2094.3,2104.92,1771534.0
1701424800,2104.93,2106.28,2088.43,2089.99,789453.0
1701428400,2089.99,2094.97,2086.32,2092.81,605493.0
1701432000,2092.81,2095.0,2084.0,2087.47,719432.0
1701435600,2087.41,2091.29,2077.02,2081.09,950265.0
1701439200,2081.09,2083.6,2074.2,2078.84,1026915.0
1701442800,2078.85,2083.0,2070.5,2080.22,903038.0
1701446400,2080.21,2110.0,2078.4,2104.98,2658533.0
1701450000,2104.98,2108.29,2088.03,2094.33,1200514.0
1701453600,2094.32,2098.87,2087.27,2090.47,478763.0
1701457200,2090.47,2092.64,2080.2,2090.06,523305.0
1701460800,2090.05,2096.5,2088.11,2090.99,213623.0
1701464400,2091.12,2096.24,2088.29,2090.53,234838.0
1701468000,2090.45,2092.64,2082.2,2085.48,197264.0
1701471600,2085.48,2087.67,2082.99,2087.66,163005.0
1701475200,2087.66,2093.5,2086.5,2092.5,234846.0
1701478800,2092.5,2096.34,2090.73,2094.49,272241.0
1701482400,2094.5,2097.24,2088.11,2091.71,361285.0
1701486000,2091.71,2095.46,2090.0,2093.15,169983.0
1701489600,2093.14,2095.4,2089.69,2094.5,157859.0
1701493200,2094.49,2096.56,2091.4,2094.81,201071.0
1701496800,2094.81,2103.53,2093.34,2101.88,503728.0
1701500400,2101.87,2106.6,2095.1,2095.76,523507.0
1701504000,2095.8,2102.3,2095.8,2099.31,249886.0
1701507600,2099.32,2106.0,2099.26,2103.2,347676.0
1701511200,2103.21,2107.72,2099.47,2101.54,429337.0
1701514800,2101.54,2101.88,2097.0,2099.05,363890.0
1701518400,2099.05,2106.57,2098.0,2105.99,428961.0
1701522000,2105.99,2109.48,2102.3,2104.24,452040.0
1701525600,2104.24,2109.94,2093.36,2099.71,809755.0
1701529200,2099.72,2106.63,2094.0,2104.47,618763.0
1701532800,2104.46,2105.58,2097.09,2099.44,311450.0
1701536400,2099.45,2106.63,2098.44,2106.0,270122.0
1701540000,2106.0,2158.97,2104.61,2148.69,4064319.0
1701543600,2148.68,2199.85,2130.13,2159.63,5188916.0
1701547200,2159.61,2164.18,2153.37,2158.17,766343.0
1701550800,2158.35,2177.7,2154.18,2169.29,1035800.0
1701554400,2169.47,2171.79,2154.8,2159.0,808578.0
1701558000,2159.0,2167.64,2158.0,2165.51,288290.0
1701561600,2165.51,2168.77,2157.8,2166.62,466652.0
1701565200,2166.63,2172.92,2164.67,2169.97,481112.0
1701568800,2169.98,2177.84,2163.56,2165.57,623306.0
1701572400,2165.56,2166.73,2156.04,2162.55,656867.0
1701576000,2162.59,2164.0,2156.2,2157.0,395352.0
1701579600,2157.0,2162.0,2153.32,2161.19,338605.0
1701583200,2161.18,2161.69,2152.78,2157.27,270078.0
1701586800,2157.28,2165.56,2155.33,2165.4,375331.0
1701590400,2165.41,2165.96,2160.46,2160.99,230250.0
1701594000,2161.0,2168.83,2160.23,2166.57,297828.0
1701597600,2166.58,2168.48,2161.11,2166.71,358258.0
1701601200,2166.79,2166.97,2157.18,2159.59,360540.0
1701604800,2159.59,2159.93,2149.36,2153.4,826712.0
1701608400,2153.38,2166.1,2151.66,2161.6,953219.0
1701612000,2161.59,2163.19,2152.24,2152.47,646703.0
1701615600,2152.47,2163.5,2151.69,2160.73,458977.0
1701619200,2160.72,2168.0,2155.53,2159.55,532544.0
1701622800,2159.55,2161.02,2150.91,2154.26,475929.0
1701626400,2154.27,2164.0,2153.52,2161.32,253142.0
1701630000,2161.33,2168.98,2157.3,2167.77,372151.0
1701633600,2167.77,2173.98,2165.22,2167.93,351863.0
1701637200,2167.93,2186.06,2167.63,2183.21,511475.0
1701640800,2183.21,2223.45,2182.01,2206.19,3118099.0
1701644400,2206.19,2210.06,2182.0,2193.39,1445798.0
1701648000,2193.38,2212.0,2192.1,2210.41,1047627.0
1701651600,2210.42,2230.0,2206.39,2214.24,2349312.0
1701655200,2214.24,2215.67,2205.26,2212.96,802940.0
1701658800,2212.96,2220.0,2210.61,2210.64,575482.0
1701662400,2210.64,2226.82,2210.36,2225.11,890558.0
1701666000,2225.12,2255.0,2221.23,2246.47,2978082.0
1701669600,2246.41,2268.0,2240.73,2246.98,2227927.0
1701673200,2246.99,2258.68,2242.9,2247.11,952597.0
1701676800,2247.11,2261.9,2240.63,2255.11,981010.0
1701680400,2255.11,2270.69,2245.49,2246.03,1678584.0
1701684000,2246.03,2277.13,2245.99,2261.27,1600803.0
1701687600,2261.27,2267.9,2212.71,2237.99,3599713.0
1701691200,2237.99,2256.0,2225.94,2252.88,1429520.0
1701694800,2252.89,2254.87,2235.14,2239.47,887353.0
1701698400,2239.48,2241.26,2215.2,2225.39,1648034.0
1701702000,2225.42,2227.5,2201.0,2211.73,1949059.0
1701705600,2211.94,2227.35,2210.0,2226.29,936122.0
1701709200,2226.3,2231.42,2215.0,2219.32,605531.0
1701712800,2219.32,2226.94,2216.43,2225.07,394767.0
1701716400,2225.07,2236.0,2219.02,2235.08,741901.0
1701720000,2235.18,2235.96,2226.23,2229.2,393466.0
1701723600,2229.21,2235.62,2224.62,2235.16,339327.0
1701727200,2235.16,2254.6,2220.29,2228.51,1277470.0
1701730800,2228.51,2244.18,2224.03,2243.2,600410.0
1701734400,2243.21,2253.41,2233.5,2251.88,798178.0
1701738000,2251.88,2252.77,2231.82,2240.06,808705.0
1701741600,2240.05,2241.67,2223.2,2229.67,598351.0
1701745200,2229.67,2235.76,2226.66,2231.36,263239.0
1701748800,2231.37,2231.37,2224.61,2226.97,278986.0
1701752400,2226.98,2235.0,2222.17,2234.77,375271.0
1701756000,2234.87,2238.19,2226.04,2230.01,545386.0
1701759600,2230.01,2231.39,2186.0,2200.31,3056574.0
1701763200,2200.31,2207.46,2190.6,2202.02,1097111.0
1701766800,2202.02,2210.09,2201.0,2207.38,733334.0
1701770400,2207.38,2210.0,2197.43,2197.44,539274.0
1701774000,2197.44,2207.55,2192.83,2204.62,617011.0
1701777600,2204.61,2213.37,2202.87,2212.69,602855.0
1701781200,2212.69,2219.0,2200.28,2200.99,981700.0
1701784800,2201.0,2218.23,2199.2,2216.1,1053130.0
1701788400,2216.1,2235.95,2210.0,2228.77,1762345.0
1701792000,2228.77,2244.36,2220.09,2237.0,1778163.0
1701795600,2237.0,2303.33,2236.11,2293.26,5924865.0
1701799200,2293.04,2312.0,2277.4,2281.16,3392078.0
1701802800,2281.15,2284.68,2260.12,2273.79,1669899.0
1701806400,2273.94,2278.36,2252.27,2266.63,1075427.0
1701810000,2266.63,2283.22,2258.65,2273.51,1022495.0
1701813600,2273.46,2286.7,2264.98,2282.25,679328.0
1701817200,2282.26,2299.41,2279.12,2293.6,978328.0
1701820800,2293.79,2312.92,2287.92,2310.52,1545681.0
1701824400,2310.6,2312.61,2285.64,2295.64,1241812.0
1701828000,2295.63,2298.66,2275.8,2292.63,893950.0
1701831600,2292.62,2293.05,2274.09,2282.38,769148.0
1701835200,2282.38,2285.0,2272.5,2279.41,563050.0
1701838800,2279.42,2283.84,2258.39,2269.9,1129415.0
1701842400,2269.9,2275.49,2260.81,2273.0,638881.0
1701846000,2272.99,2275.45,2263.74,2266.2,560518.0
1701849600,2266.2,2282.63,2262.21,2279.5,763892.0
1701853200,2279.5,2283.9,2271.38,2274.37,711741.0
1701856800,2274.4,2288.99,2270.4,2276.75,1010017.0
1701860400,2276.76,2277.87,2233.03,2252.74,2911561.0
1701864000,2252.74,2268.95,2251.41,2263.23,1083419.0
1701867600,2263.21,2268.36,2256.35,2261.25,702612.0
1701871200,2261.25,2269.06,2250.24,2255.31,920551.0
1701874800,2255.32,2262.0,2247.44,2252.51,899162.0
1701878400,2252.51,2272.67,2250.5,2267.32,924580.0
1701882000,2267.31,2285.63,2265.34,2269.56,1030391.0
1701885600,2269.63,2276.03,2265.2,2273.49,351690.0
1701889200,2273.5,2274.25,2260.7,2263.7,345721.0
1701892800,2263.7,2266.1,2252.12,2252.12,424063.0
1701896400,2252.11,2261.5,2234.23,2247.79,970398.0
1701900000,2247.79,2257.11,2218.3,2233.51,895972.0
1701903600,2233.5,2236.82,2221.0,2233.28,786114.0
1701907200,2233.31,2245.53,2230.83,2241.92,471277.0
1701910800,2242.0,2245.5,2237.4,2244.16,296495.0
1701914400,2244.15,2248.95,2241.17,2248.58,290581.0
1701918000,2248.59,2250.57,2243.93,2249.31,204119.0
1701921600,2249.3,2267.0,2248.0,2264.57,814178.0
1701925200,2264.57,2270.0,2262.27,2265.02,444410.0
1701928800,2265.03,2267.71,2258.3,2260.54,531154.0
1701932400,2260.54,2265.2,2259.82,2261.54,224171.0
1701936000,2261.54,2269.49,2244.34,2245.99,1088845.0
1701939600,2246.0,2248.58,2222.05,2241.99,2216742.0
1701943200,2241.99,2244.07,2231.79,2233.3,848301.0
1701946800,2233.3,2244.17,2231.2,2236.69,710424.0
1701950400,2236.47,2256.79,2232.22,2256.0,942066.0
1701954000,2255.99,2258.87,2244.19,2249.49,604999.0
1701957600,2249.3,2271.33,2247.7,2267.11,946380.0
1701961200,2267.12,2332.25,2266.11,2322.0,5244083.0
1701964800,2322.0,2354.2,2316.94,2347.13,3183449.0
1701968400,2347.13,2347.44,2324.11,2336.34,2090640.0
1701972000,2336.35,2360.0,2333.59,2338.45,1418439.0
1701975600,2338.45,2343.71,2327.43,2337.0,795484.0
1701979200,2337.0,2348.83,2336.38,2343.47,583844.0
1701982800,2343.52,2385.13,2343.31,2370.06,2117178.0
1701986400,2370.19,2380.31,2351.35,2351.35,750941.0
1701990000,2351.35,2359.98,2348.34,2356.27,591416.0
1701993600,2356.26,2364.79,2352.77,2360.92,601674.0
1701997200,2360.92,2367.23,2356.27,2361.01,510907.0
1702000800,2361.01,2388.0,2361.01,2377.77,1276215.0
1702004400,2377.77,2381.59,2369.06,2375.12,888933.0
1702008000,2375.12,2395.0,2368.84,2369.62,1325961.0
1702011600,2369.62,2377.63,2367.71,2375.98,457664.0
1702015200,2375.98,2381.54,2368.25,2374.39,629479.0
1702018800,2374.4,2375.41,2354.0,2354.05,1259032.0
1702022400,2354.04,2360.0,2350.6,2353.41,918155.0
1702026000,2353.4,2359.0,2346.52,2348.5,672397.0
1702029600,2348.5,2361.72,2347.84,2359.01,669105.0
1702033200,2359.0,2373.89,2356.2,2366.64,1017100.0
1702036800,2366.64,2370.28,2362.04,2363.32,504967.0
1702040400,2363.33,2364.09,2335.5,2345.01,1653329.0
1702044000,2345.0,2369.22,2340.3,2364.67,1601402.0
1702047600,2364.67,2378.35,2343.11,2346.61,1522748.0
1702051200,2346.61,2362.0,2345.82,2355.72,849369.0
1702054800,2355.71,2356.99,2340.0,2350.38,795361.0
1702058400,2350.39,2357.12,2345.42,2345.5,425529.0
1702062000,2345.49,2355.97,2345.25,2352.93,167383.0
1702065600,2352.93,2368.77,2351.81,2366.25,421567.0
1702069200,2366.25,2377.98,2361.09,2368.75,803487.0
1702072800,2368.93,2372.68,2362.91,2364.13,247857.0
1702076400,2364.14,2366.0,2353.88,2359.0,403898.0
1702080000,2359.0,2367.0,2358.6,2362.79,326098.0
1702083600,2362.79,2363.76,2350.33,2355.01,466738.0
1702087200,2355.0,2356.2,2349.56,2353.05,207036.0
1702090800,2353.04,2364.5,2353.04,2360.95,370280.0
1702094400,2360.99,2369.9,2360.14,2368.8,417787.0
1702098000,2368.81,2374.56,2365.94,2367.61,505838.0
1702101600,2367.61,2381.84,2367.54,2371.59,796511.0
1702105200,2371.59,2390.0,2368.82,2384.56,1036240.0
1702108800,2384.57,2407.39,2357.24,2363.52,3381337.0
1702112400,2363.53,2375.55,2355.2,2359.44,1316685.0
1702116000,2359.44,2364.18,2352.8,2361.4,669072.0
1702119600,2361.4,2362.52,2350.01,2358.38,711134.0
1702123200,2358.38,2363.67,2352.2,2359.82,547231.0
1702126800,2359.82,2361.5,2351.68,2360.52,558765.0
1702130400,2360.51,2370.77,2336.79,2352.67,2186072.0
1702134000,2352.66,2367.87,2348.0,2363.58,945389.0
1702137600,2363.59,2366.31,2345.67,2355.97,765384.0
1702141200,2355.97,2355.97,2342.63,2348.26,535354.0
1702144800,2348.19,2361.1,2347.61,2359.16,330036.0
1702148400,2359.16,2361.0,2355.82,2358.14,140494.0
1702152000,2358.15,2358.51,2346.15,2353.26,205656.0
1702155600,2353.27,2358.07,2344.05,2354.83,348091.0
1702159200,2354.84,2363.52,2353.13,2353.23,215207.0
1702162800,2353.22,2357.53,2327.02,2340.73,1332704.0
1702166400,2340.99,2353.92,2340.4,2352.21,505321.0
1702170000,2352.21,2355.8,2346.54,2349.96,391877.0
1702173600,2349.97,2352.98,2343.93,2346.92,318678.0
1702177200,2346.91,2352.78,2346.47,2352.45,244435.0
1702180800,2352.45,2355.72,2349.36,2355.41,301620.0
1702184400,2355.42,2359.87,2352.0,2357.79,258097.0
1702188000,2357.79,2358.25,2348.56,2351.2,265103.0
1702191600,2351.2,2355.31,2345.05,2354.16,335719.0
1702195200,2354.16,2356.5,2341.45,2344.83,586207.0
1702198800,2344.83,2346.79,2322.5,2323.57,1236943.0
1702202400,2323.56,2338.1,2322.81,2337.09,786045.0
1702206000,2337.09,2340.36,2335.42,2338.6,308699.0
1702209600,2338.61,2350.27,2338.03,2350.0,506859.0
1702213200,2349.99,2350.63,2340.31,2345.57,483428.0
1702216800,2345.57,2353.95,2344.4,2346.62,413383.0
1702220400,2346.63,2357.0,2344.29,2352.11,564473.0
1702224000,2352.11,2356.75,2345.33,2348.24,375381.0
1702227600,2348.24,2349.9,2341.0,2345.6,265641.0
1702231200,2345.61,2364.48,2345.6,2357.69,675316.0
1702234800,2357.69,2360.09,2351.76,2356.03,202990.0
1702238400,2356.04,2378.75,2355.29,2376.89,662082.0
1702242000,2376.89,2378.67,2360.12,2360.22,527833.0
1702245600,2360.22,2368.86,2358.0,2362.0,313239.0
1702249200,2362.0,2365.36,2343.35,2352.38,659027.0
1702252800,2352.59,2355.31,2343.04,2344.14,468055.0
1702256400,2344.19,2344.2,2328.0,2332.76,1413852.0
1702260000,2332.76,2332.76,2120.38,2230.63,9311594.0
1702263600,2230.62,2256.5,2225.87,2251.6,1556229.0
1702267200,2251.6,2252.73,2232.62,2242.01,938844.0
1702270800,2242.0,2255.66,2232.38,2251.05,957143.0
1702274400,2251.04,2251.85,2226.4,2243.15,1167080.0
1702278000,2243.16,2248.89,2236.0,2237.21,718951.0
1702281600,2237.21,2246.61,2230.42,2243.59,779099.0
1702285200,2243.6,2249.83,2241.01,2248.0,518032.0
1702288800,2247.99,2253.59,2240.32,2245.38,512224.0
1702292400,2245.37,2250.5,2236.67,2249.28,519126.0
1702296000,2249.28,2251.88,2241.83,2242.25,401360.0
1702299600,2242.26,2245.91,2228.98,2231.88,837922.0
1702303200,2232.0,2237.2,2217.18,2220.02,1952522.0
1702306800,2220.01,2228.45,2201.0,2219.68,1542825.0
1702310400,2219.68,2222.71,2186.52,2221.05,2777667.0
1702314000,2221.05,2221.68,2201.83,2205.82,955186.0
1702317600,2205.82,2205.82,2156.0,2192.3,3456821.0
1702321200,2192.29,2196.7,2160.0,2188.53,1557592.0
1702324800,2188.53,2203.0,2181.85,2202.15,990242.0
1702328400,2202.15,2219.37,2200.85,2218.79,833905.0
1702332000,2218.8,2226.88,2215.01,2223.88,482619.0
1702335600,2223.88,2226.79,2216.39,2225.2,380347.0
1702339200,2225.13,2241.71,2221.0,2230.5,1088995.0
1702342800,2230.51,2240.0,2227.18,2235.01,600470.0
1702346400,2235.02,2244.25,2232.8,2238.54,473200.0
1702350000,2238.54,2239.96,2229.37,2231.12,492194.0
1702353600,2231.13,2235.11,2216.3,2216.7,586462.0
1702357200,2216.69,2231.49,2216.69,2225.43,425517.0
1702360800,2225.43,2226.2,2212.15,2224.88,690077.0
1702364400,2224.87,2239.0,2224.06,2233.17,739664.0
1702368000,2233.08,2238.67,2226.5,2235.66,539024.0
1702371600,2235.65,2235.67,2226.09,2226.8,439375.0
1702375200,2226.81,2227.91,2221.61,2225.67,358482.0
1702378800,2225.67,2226.0,2206.78,2208.61,721951.0
1702382400,2208.61,2229.0,2208.09,2225.78,905062.0
1702386000,2225.79,2233.99,2215.03,2223.73,1435362.0
1702389600,2223.74,2225.95,2200.6,2207.34,1321566.0
1702393200,2207.35,2213.32,2186.03,2193.96,1667100.0
1702396800,2193.95,2199.3,2184.48,2192.7,1066728.0
1702400400,2192.7,2192.72,2168.0,2172.93,1520065.0
1702404000,2172.94,2196.4,2171.69,2191.63,890427.0
1702407600,2191.63,2191.88,2173.82,2179.77,637549.0
1702411200,2179.76,2190.36,2171.34,2187.8,733433.0
1702414800,2187.8,2193.7,2165.0,2174.11,707393.0
1702418400,2174.11,2191.36,2172.31,2188.4,455686.0
1702422000,2188.39,2207.34,2188.25,2203.29,767676.0
1702425600,2203.3,2207.0,2198.96,2203.89,411706.0
1702429200,2203.89,2204.9,2174.17,2174.27,1246074.0
1702432800,2174.37,2180.94,2150.0,2175.31,2041577.0
1702436400,2175.39,2178.8,2162.7,2166.5,676395.0
1702440000,2166.5,2168.32,2144.0,2167.99,1427614.0
1702443600,2167.99,2173.91,2163.53,2173.59,475810.0
1702447200,2173.6,2176.24,2152.03,2154.23,810417.0
1702450800,2154.23,2180.43,2149.16,2173.08,1127593.0
1702454400,2173.07,2187.0,2172.24,2185.57,657164.0
1702458000,2185.58,2185.79,2167.21,2178.15,653585.0
1702461600,2178.15,2181.52,2169.64,2178.16,552458.0
1702465200,2178.15,2181.98,2170.1,2172.11,439215.0
1702468800,2172.11,2183.4,2169.66,2182.99,557995.0
1702472400,2182.99,2196.12,2180.51,2190.84,1152887.0
1702476000,2190.84,2192.52,2182.55,2188.79,577038.0
1702479600,2188.79,2226.6,2188.51,2217.64,2312486.0
1702483200,2217.64,2228.77,2201.22,2205.54,1477901.0
1702486800,2205.66,2215.86,2202.53,2213.89,630487.0
1702490400,2213.96,2221.8,2210.0,2217.09,554627.0
1702494000,2216.99,2255.29,2216.99,2252.79,2004172.0
1702497600,2252.8,2263.25,2245.13,2258.89,1355685.0
1702501200,2258.89,2267.4,2249.22,2261.7,891829.0
1702504800,2261.7,2287.19,2258.0,2260.93,1381731.0
1702508400,2260.94,2265.0,2255.66,2260.26,498164.0
1702512000,2260.36,2262.66,2253.62,2259.41,513478.0
1702515600,2259.41,2261.39,2248.0,2254.54,505451.0
1702519200,2254.54,2255.46,2245.97,2252.89,407626.0
1702522800,2252.9,2255.62,2248.01,2252.0,290021.0
1702526400,2252.02,2255.68,2246.98,2248.07,310903.0
1702530000,2248.07,2262.96,2247.61,2261.8,654293.0
1702533600,2261.66,2282.0,2258.39,2278.54,1497987.0
1702537200,2278.55,2283.77,2269.59,2282.31,826041.0
1702540800,2282.3,2288.24,2271.93,2273.69,1230133.0
1702544400,2273.68,2289.13,2270.8,2285.33,880778.0
1702548000,2285.33,2291.74,2276.2,2285.82,1100177.0
1702551600,2285.81,2308.23,2280.56,2307.94,1694857.0
1702555200,2307.88,2318.0,2296.11,2302.38,1515958.0
1702558800,2302.38,2303.92,2226.05,2279.14,4862198.0
1702562400,2279.14,2297.7,2268.0,2288.41,1926868.0
1702566000,2288.4,2290.85,2267.8,2275.17,1016188.0
1702569600,2275.16,2289.8,2274.86,2282.82,762435.0
1702573200,2282.81,2315.3,2282.2,2304.97,1603120.0
1702576800,2304.98,2305.29,2285.49,2287.18,893494.0
1702580400,2287.08,2293.99,2283.48,2292.92,452790.0
1702584000,2292.91,2292.91,2283.08,2290.33,286386.0
1702587600,2290.33,2302.56,2289.17,2299.27,433734.0
1702591200,2299.26,2316.99,2297.2,2315.75,498803.0
1702594800,2315.75,2332.9,2312.54,2316.08,1198524.0
1702598400,2316.08,2318.75,2299.1,2300.08,861511.0
1702602000,2300.06,2306.02,2295.22,2299.06,678942.0
1702605600,2299.05,2300.67,2285.5,2287.76,682627.0
1702609200,2287.77,2290.52,2274.61,2281.04,1045299.0
1702612800,2281.05,2284.38,2275.17,2282.3,606267.0
1702616400,2282.3,2284.29,2263.23,2265.64,1210629.0
1702620000,2265.63,2269.88,2256.75,2260.17,593539.0
1702623600,2260.18,2272.7,2258.97,2272.6,719620.0
1702627200,2272.59,2279.41,2266.21,2277.73,601515.0
1702630800,2277.73,2287.78,2274.25,2278.85,737152.0
1702634400,2278.85,2282.0,2272.0,2280.01,503673.0
1702638000,2280.02,2280.54,2269.01,2272.99,493020.0
1702641600,2272.99,2274.05,2258.85,2260.14,749166.0
1702645200,2260.13,2261.0,2241.56,2249.31,1604434.0
1702648800,2249.32,2254.42,2233.53,2243.96,1153073.0
1702652400,2244.0,2249.4,2223.87,2231.82,1409500.0
1702656000,2231.82,2246.42,2228.25,2237.82,1103830.0
1702659600,2237.82,2246.67,2230.06,2230.15,560782.0
1702663200,2230.16,2245.55,2229.5,2244.84,283298.0
1702666800,2244.84,2249.26,2239.15,2242.8,329990.0
1702670400,2242.87,2252.86,2240.63,2250.51,271506.0
1702674000,2250.51,2252.13,2243.25,2246.25,256853.0
1702677600,2246.25,2246.25,2225.12,2230.99,456220.0
1702681200,2231.0,2237.92,2191.53,2221.0,1443366.0
1702684800,2221.01,2232.32,2210.34,2228.59,890506.0
1702688400,2228.59,2246.81,2228.15,2241.84,749299.0
1702692000,2241.85,2247.9,2240.6,2244.76,467272.0
1702695600,2244.74,2259.89,2244.74,2254.5,893131.0
1702699200,2254.45,2255.39,2246.54,2250.12,421415.0
1702702800,2250.12,2252.0,2245.57,2248.37,194077.0
1702706400,2248.37,2250.44,2241.48,2244.59,307713.0
1702710000,2244.59,2245.99,2237.71,2241.38,330135.0
1702713600,2241.38,2246.99,2239.39,2244.35,234561.0
1702717200,2244.36,2251.26,2244.36,2246.21,371046.0
1702720800,2246.22,2248.99,2243.83,2248.09,150375.0
1702724400,2248.09,2253.88,2244.88,2253.57,267878.0
1702728000,2253.57,2257.3,2247.51,2256.14,346017.0
1702731600,2256.15,2259.38,2239.19,2245.6,738389.0
1702735200,2245.6,2248.8,2240.68,2247.41,338621.0
1702738800,2247.41,2258.54,2245.0,2256.9,411101.0
1702742400,2256.9,2264.0,2250.98,2253.61,661029.0
1702746000,2253.62,2255.4,2246.27,2249.9,413878.0
1702749600,2249.9,2250.17,2234.3,2243.61,454826.0
1702753200,2243.68,2246.43,2229.73,2235.32,482671.0
1702756800,2235.32,2241.85,2232.96,2237.92,203526.0
1702760400,2237.92,2239.37,2226.88,2230.61,266434.0
1702764000,2230.46,2235.31,2219.63,2229.45,427138.0
1702767600,2229.45,2230.5,2220.9,2229.59,315289.0
1702771200,2229.59,2234.39,2225.25,2225.67,308524.0
1702774800,2225.67,2232.89,2220.0,2224.03,558210.0
1702778400,2224.03,2230.58,2211.77,2214.24,616220.0
1702782000,2214.22,2221.77,2212.04,2217.2,430738.0
1702785600,2217.01,2224.71,2216.76,2222.05,270883.0
1702789200,2222.05,2224.74,2206.35,2214.64,705347.0
1702792800,2214.65,2217.0,2201.13,2214.83,880976.0
1702796400,2214.82,2217.83,2207.0,2209.01,578830.0
1702800000,2209.01,2216.67,2205.16,2215.3,440180.0
1702803600,2215.3,2220.73,2209.54,2219.74,499699.0
1702807200,2219.74,2220.8,2213.55,2216.57,266040.0
1702810800,2216.49,2218.98,2210.57,2216.02,281683.0
1702814400,2216.02,2220.39,2211.21,2217.4,297757.0
1702818000,2217.4,2217.94,2205.25,2209.8,480812.0
1702821600,2209.81,2217.4,2198.91,2208.7,1061396.0
1702825200,2208.69,2226.9,2205.65,2222.15,621784.0
1702828800,2222.15,2234.3,2213.7,2233.97,945566.0
1702832400,2233.96,2242.65,2223.18,2226.68,1043638.0
1702836000,2226.68,2239.38,2210.65,2233.17,866175.0
1702839600,2233.17,2238.5,2231.53,2235.18,225469.0
1702843200,2235.23,2249.54,2234.56,2247.79,463318.0
1702846800,2247.78,2248.07,2237.09,2240.69,300753.0
1702850400,2240.69,2241.12,2211.35,2218.96,641270.0
1702854000,2218.96,2223.04,2189.88,2196.87,1241590.0
1702857600,2196.87,2205.69,2192.0,2193.89,707203.0
1702861200,2193.8,2199.24,2168.89,2170.43,1653906.0
1702864800,2170.43,2180.58,2161.6,2166.7,1062205.0
1702868400,2166.69,2176.42,2165.0,2175.2,475040.0
1702872000,2175.19,2179.42,2172.59,2174.81,369376.0
1702875600,2174.81,2175.04,2165.31,2166.81,407451.0
1702879200,2166.82,2182.07,2165.24,2180.56,621791.0
1702882800,2180.56,2184.98,2166.87,2169.39,644491.0
1702886400,2169.39,2178.73,2160.33,2172.78,851904.0
1702890000,2172.78,2173.19,2146.27,2158.98,1965995.0
1702893600,2158.99,2159.49,2115.0,2136.35,3276508.0
1702897200,2136.35,2147.87,2130.76,2142.53,866622.0
1702900800,2142.54,2143.97,2128.27,2128.3,560392.0
1702904400,2128.4,2161.8,2127.17,2156.67,1404499.0
1702908000,2156.66,2173.87,2152.31,2169.49,1194621.0
1702911600,2169.5,2170.9,2153.17,2155.37,830270.0
1702915200,2155.49,2163.84,2149.15,2163.65,721109.0
1702918800,2163.66,2172.55,2158.9,2162.79,637940.0
1702922400,2162.76,2171.07,2158.0,2170.38,314793.0
1702926000,2170.38,2176.35,2168.24,2174.58,440068.0
1702929600,2174.59,2188.55,2167.19,2186.12,812104.0
1702933200,2186.01,2218.0,2184.16,2216.84,1374770.0
1702936800,2216.81,2224.95,2210.9,2213.03,721852.0
1702940400,2213.04,2223.82,2213.02,2219.37,611002.0
1702944000,2219.32,2223.67,2212.04,2215.28,758972.0
1702947600,2215.29,2248.85,2213.04,2247.98,1872622.0
1702951200,2247.99,2254.0,2233.53,2233.53,912085.0
1702954800,2233.54,2239.29,2231.57,2237.23,363079.0
1702958400,2237.1,2242.92,2231.58,2237.2,421507.0
1702962000,2237.2,2245.67,2235.45,2243.6,324971.0
1702965600,2243.61,2247.87,2236.79,2242.94,535391.0
1702969200,2242.95,2253.57,2242.68,2247.65,751269.0
1702972800,2247.65,2255.87,2244.31,2248.02,664664.0
1702976400,2248.02,2254.57,2241.84,2245.53,653580.0
1702980000,2245.54,2247.18,2237.73,2241.95,749743.0
1702983600,2241.95,2244.37,2235.0,2236.8,428652.0
1702987200,2236.81,2241.78,2230.23,2233.62,698328.0
1702990800,2233.62,2236.76,2226.0,2226.02,584645.0
1702994400,2226.02,2228.42,2182.81,2188.06,3227857.0
1702998000,2188.07,2205.87,2178.33,2191.91,1814371.0
1703001600,2191.91,2206.43,2175.88,2178.49,1340135.0
1703005200,2178.5,2180.89,2139.0,2140.8,2673475.0
1703008800,2140.81,2173.87,2136.1,2172.29,1503575.0
1703012400,2172.29,2186.68,2168.11,2176.62,1019824.0
1703016000,2176.81,2179.16,2164.76,2170.42,533667.0
1703019600,2170.43,2186.16,2169.84,2186.16,489925.0
1703023200,2186.15,2186.48,2171.51,2177.81,376908.0
1703026800,2177.8,2183.06,2170.2,2178.57,390046.0
1703030400,2178.59,2191.7,2176.55,2185.78,610849.0
1703034000,2185.78,2187.93,2170.26,2176.89,478345.0
1703037600,2176.89,2187.5,2171.43,2185.8,535105.0
1703041200,2185.78,2187.0,2181.53,2186.5,238252.0
1703044800,2186.5,2219.61,2183.7,2214.67,1793117.0
1703048400,2214.66,2216.4,2203.22,2210.35,658915.0
1703052000,2210.35,2224.09,2204.59,2206.6,1144790.0
1703055600,2206.62,2217.7,2203.52,2216.66,645038.0
1703059200,2216.66,2218.5,2207.15,2208.17,592019.0
1703062800,2208.19,2223.0,2207.0,2215.18,936754.0
1703066400,2215.19,2225.0,2212.21,2220.42,743573.0
1703070000,2220.41,2221.05,2204.27,2211.88,741102.0
1703073600,2211.53,2214.16,2203.0,2213.25,529752.0
1703077200,2213.25,2251.71,2213.04,2249.01,2894843.0
1703080800,2249.01,2268.0,2231.31,2241.84,3035027.0
1703084400,2241.84,2261.2,2236.8,2248.0,1565550.0
1703088000,2248.0,2250.76,2212.87,2224.06,1580676.0
1703091600,2224.06,2236.61,2223.65,2233.48,1021431.0
1703095200,2233.47,2240.83,2222.13,2226.73,875662.0
1703098800,2226.74,2229.3,2193.3,2205.32,1565793.0
1703102400,2205.33,2208.0,2155.81,2184.21,3228060.0
1703106000,2184.2,2195.68,2172.03,2181.22,667770.0
1703109600,2181.35,2199.71,2179.0,2192.91,429780.0
1703113200,2192.91,2204.53,2184.9,2203.11,489575.0
1703116800,2203.1,2203.11,2192.81,2193.56,481644.0
1703120400,2193.55,2196.11,2184.01,2195.71,638518.0
1703124000,2195.71,2204.35,2187.75,2192.92,774584.0
1703127600,2192.93,2203.47,2190.96,2201.45,519281.0
1703131200,2201.46,2207.66,2199.3,2200.44,443269.0
1703134800,2200.45,2206.91,2192.53,2195.01,462703.0
1703138400,2195.0,2217.99,2193.65,2215.31,802903.0
1703142000,2215.32,2220.84,2211.14,2215.79,746962.0
1703145600,2215.8,2221.45,2210.02,2210.62,637396.0
1703149200,2210.62,2221.9,2204.51,2221.59,731056.0
1703152800,2221.57,2248.19,2219.64,2245.67,1767698.0
1703156400,2245.66,2258.54,2240.84,2254.31,1385761.0
1703160000,2254.31,2281.39,2253.86,2259.72,2473469.0
1703163600,2259.8,2261.69,2246.04,2252.42,1324468.0
1703167200,2252.42,2254.05,2213.8,2216.16,2831930.0
1703170800,2216.16,2233.99,2200.0,2233.19,1908679.0
1703174400,2233.2,2241.13,2220.0,2237.42,1046075.0
1703178000,2237.43,2247.86,2225.91,2233.73,1104046.0
1703181600,2233.68,2242.53,2226.27,2230.79,727609.0
1703185200,2230.87,2242.49,2218.5,2226.16,878594.0
1703188800,2226.16,2241.22,2218.46,2241.22,753973.0
1703192400,2241.22,2266.24,2234.1,2250.09,1034836.0
1703196000,2250.12,2251.38,2235.99,2246.04,451528.0
1703199600,2246.05,2247.63,2230.41,2240.03,580327.0
1703203200,2240.04,2250.44,2231.31,2241.9,659493.0
1703206800,2241.89,2263.15,2241.26,2256.11,893594.0
1703210400,2256.11,2257.14,2233.01,2241.73,1066738.0
1703214000,2241.73,2250.54,2236.66,2249.79,442187.0
1703217600,2249.79,2261.56,2245.81,2261.41,762223.0
1703221200,2261.41,2265.84,2255.72,2259.3,693112.0
1703224800,2259.28,2300.0,2254.0,2264.08,3412628.0
1703228400,2264.18,2294.1,2246.18,2274.02,3316281.0
1703232000,2274.02,2309.98,2269.0,2291.91,2630876.0
1703235600,2291.91,2332.75,2288.58,2316.0,3818180.0
1703239200,2315.99,2317.38,2300.64,2300.86,902732.0
1703242800,2300.99,2318.8,2299.64,2313.48,722660.0
1703246400,2313.48,2321.31,2292.15,2294.9,1221285.0
1703250000,2294.9,2310.41,2290.33,2309.34,828988.0
1703253600,2309.34,2347.29,2299.39,2341.8,3116814.0
1703257200,2341.79,2344.87,2316.58,2320.86,1499539.0
1703260800,2320.61,2338.2,2307.0,2316.29,1490531.0
1703264400,2316.38,2335.0,2315.6,2327.6,798742.0
1703268000,2327.6,2342.8,2323.95,2327.62,927508.0
1703271600,2327.61,2327.85,2306.13,2310.33,679836.0
1703275200,2310.22,2318.51,2307.23,2313.11,556836.0
1703278800,2313.01,2318.17,2311.12,2313.13,286474.0
1703282400,2313.13,2317.75,2302.5,2313.12,311197.0
1703286000,2313.11,2327.99,2310.41,2324.99,457541.0
1703289600,2324.99,2331.16,2309.01,2309.41,626818.0
1703293200,2309.4,2314.27,2291.6,2292.32,939592.0
1703296800,2292.32,2301.27,2271.68,2275.48,1598578.0
1703300400,2275.49,2280.99,2265.33,2273.2,947352.0
1703304000,2273.19,2284.94,2265.36,2283.32,836527.0
1703307600,2283.33,2291.38,2281.51,2291.14,488494.0
1703311200,2291.15,2294.0,2284.13,2292.59,377883.0
1703314800,2292.59,2295.6,2283.29,2284.1,425435.0
1703318400,2284.1,2292.31,2281.06,2290.41,408320.0
1703322000,2290.41,2294.16,2285.27,2289.87,248245.0
1703325600,2289.87,2293.89,2285.85,2286.16,242297.0
1703329200,2286.17,2292.77,2280.72,2287.54,388735.0
1703332800,2287.55,2298.69,2287.5,2293.21,495445.0
1703336400,2293.21,2298.46,2290.4,2294.96,346804.0
1703340000,2294.97,2295.65,2286.11,2290.84,296720.0
1703343600,2290.85,2293.56,2284.19,2285.67,355086.0
1703347200,2285.66,2296.39,2283.21,2291.41,445221.0
1703350800,2291.25,2298.62,2290.0,2294.49,279897.0
1703354400,2294.49,2313.76,2289.62,2305.0,713320.0
1703358000,2305.0,2311.0,2288.3,2292.75,649733.0
1703361600,2292.75,2296.06,2285.66,2290.04,243031.0
1703365200,2290.04,2294.65,2286.0,2290.76,206816.0
1703368800,2290.77,2301.77,2287.5,2296.63,304122.0
1703372400,2296.62,2316.26,2296.62,2308.6,759090.0
1703376000,2308.53,2310.44,2294.46,2304.21,582174.0
1703379600,2304.21,2321.14,2303.75,2308.27,735270.0
1703383200,2308.27,2327.71,2306.31,2320.83,939339.0
1703386800,2320.83,2325.43,2313.8,2318.0,396978.0
1703390400,2318.0,2323.16,2303.09,2309.61,623200.0
1703394000,2309.6,2313.0,2274.14,2286.25,1687444.0
1703397600,2286.22,2293.09,2278.46,2291.7,791127.0
1703401200,2291.69,2296.0,2288.13,2294.79,343525.0
1703404800,2294.8,2295.4,2286.25,2292.6,267095.0
1703408400,2292.6,2298.84,2288.39,2296.33,365217.0
1703412000,2296.33,2298.03,2273.31,2288.86,982344.0
1703415600,2288.85,2292.17,2282.17,2289.53,478229.0
1703419200,2289.54,2294.33,2286.5,2293.1,362621.0
1703422800,2293.11,2296.82,2290.48,2295.13,291656.0
1703426400,2295.14,2307.99,2283.57,2289.18,1137233.0
1703430000,2289.19,2299.87,2288.5,2292.8,417716.0
1703433600,2292.94,2298.35,2286.31,2294.05,484812.0
1703437200,2294.06,2297.0,2288.25,2290.0,232684.0
1703440800,2290.0,2292.8,2282.41,2291.74,337905.0
1703444400,2291.74,2293.86,2282.81,2288.96,254121.0
1703448000,2288.96,2289.78,2270.45,2279.1,645132.0
1703451600,2279.1,2283.48,2274.07,2277.5,227338.0
1703455200,2277.64,2280.51,2240.0,2260.18,2103289.0
1703458800,2260.19,2271.46,2255.47,2264.41,595411.0
1703462400,2264.41,2271.97,2253.41,2263.23,639814.0
1703466000,2263.24,2275.9,2262.97,2270.51,540602.0
1703469600,2270.52,2274.1,2259.63,2271.4,475751.0
1703473200,2271.41,2277.42,2268.31,2276.41,406211.0
1703476800,2276.42,2282.45,2275.12,2279.59,355201.0
1703480400,2279.6,2286.54,2278.6,2285.49,338689.0
1703484000,2285.5,2290.59,2281.84,2283.17,403141.0
1703487600,2283.18,2284.43,2277.09,2280.61,312196.0
1703491200,2280.62,2288.0,2272.42,2273.41,590968.0
1703494800,2273.41,2278.54,2265.0,2274.31,595557.0
1703498400,2274.32,2279.89,2272.79,2277.94,261753.0
1703502000,2277.95,2285.0,2273.49,2279.59,380632.0
1703505600,2279.6,2303.12,2274.58,2301.01,1189995.0
1703509200,2301.01,2307.82,2283.46,2290.86,1547220.0
1703512800,2290.85,2294.87,2279.36,2292.62,795043.0
1703516400,2292.62,2295.8,2285.41,2287.67,626389.0
1703520000,2287.68,2289.78,2268.65,2276.4,1003919.0
1703523600,2276.4,2283.33,2274.48,2280.31,349809.0
1703527200,2280.32,2284.98,2272.06,2276.5,368267.0
1703530800,2276.49,2279.0,2272.59,2274.39,160205.0
1703534400,2274.39,2275.16,2257.0,2269.11,1055290.0
1703538000,2269.14,2273.53,2261.61,2272.8,253515.0
1703541600,2272.8,2287.75,2270.98,2285.71,430274.0
1703545200,2285.71,2287.0,2270.56,2271.43,390765.0
1703548800,2271.42,2274.87,2264.37,2268.17,454609.0
1703552400,2268.17,2276.19,2266.51,2273.39,370073.0
1703556000,2273.39,2276.47,2268.28,2269.67,304085.0
1703559600,2269.67,2274.32,2266.52,2269.94,274052.0
1703563200,2269.95,2272.5,2264.57,2271.0,236151.0
1703566800,2271.01,2271.53,2218.28,2235.32,3228334.0
1703570400,2235.33,2236.65,2218.0,2228.62,1634075.0
1703574000,2228.62,2242.2,2223.63,2241.34,658064.0
1703577600,2241.35,2244.31,2233.77,2237.4,476858.0
1703581200,2237.4,2240.98,2215.23,2222.16,1472808.0
1703584800,2222.16,2241.13,2221.63,2239.96,917265.0
1703588400,2239.96,2244.99,2236.0,2243.39,417856.0
1703592000,2243.4,2248.34,2240.74,2247.99,441649.0
1703595600,2248.0,2251.38,2240.89,2247.65,825338.0
1703599200,2247.65,2251.75,2237.2,2242.6,563565.0
1703602800,2242.6,2246.19,2224.57,2229.21,1132938.0
1703606400,2229.22,2233.36,2206.12,2223.3,1459374.0
1703610000,2223.3,2226.17,2180.0,2200.0,2921522.0
1703613600,2200.0,2211.4,2194.82,2210.58,790627.0
1703617200,2210.58,2217.4,2205.9,2212.4,391859.0
1703620800,2212.4,2222.0,2209.62,2217.5,264045.0
1703624400,2217.51,2225.08,2215.0,2224.36,256287.0
1703628000,2224.29,2232.12,2223.56,2228.56,246024.0
1703631600,2228.56,2232.75,2227.01,2231.13,256877.0
1703635200,2231.14,2232.58,2225.06,2226.01,319422.0
1703638800,2226.01,2234.82,2222.02,2231.4,437251.0
1703642400,2231.4,2231.8,2216.37,2221.83,539623.0
1703646000,2221.83,2227.31,2212.6,2218.39,475753.0
1703649600,2218.4,2225.91,2217.68,2222.03,237991.0
1703653200,2222.38,2229.88,2218.01,2227.1,357944.0
1703656800,2227.11,2232.0,2222.5,2226.95,350333.0
1703660400,2226.95,2231.17,2224.5,2229.22,212620.0
1703664000,2229.22,2254.23,2227.41,2248.76,1476237.0
1703667600,2248.77,2253.0,2243.0,2251.29,598127.0
1703671200,2251.3,2280.75,2248.84,2279.41,2249616.0
1703674800,2279.42,2293.0,2275.0,2286.66,1819011.0
1703678400,2286.67,2292.17,2276.23,2284.3,1070587.0
1703682000,2284.3,2301.82,2277.15,2293.67,1733159.0
1703685600,2293.65,2344.11,2290.7,2327.01,4104132.0
1703689200,2327.01,2356.6,2326.26,2342.79,2886858.0
1703692800,2342.84,2377.5,2340.0,2367.13,2641884.0
1703696400,2367.12,2370.63,2342.82,2347.02,1503844.0
1703700000,2347.01,2354.57,2335.16,2351.15,960718.0
1703703600,2351.14,2353.75,2338.98,2347.84,486896.0
1703707200,2347.83,2356.83,2345.23,2352.19,519738.0
1703710800,2352.01,2361.83,2348.13,2360.25,331712.0
1703714400,2360.25,2374.05,2358.48,2365.13,564567.0
1703718000,2365.14,2394.0,2365.14,2378.52,1657147.0
1703721600,2378.51,2453.95,2376.08,2433.2,3762147.0
1703725200,2433.2,2447.5,2411.37,2415.0,1534155.0
1703728800,2415.12,2418.99,2403.41,2411.27,977041.0
1703732400,2411.26,2422.11,2408.94,2414.59,601254.0
1703736000,2414.68,2426.25,2402.06,2404.66,1081952.0
1703739600,2404.67,2407.93,2380.18,2391.62,1623044.0
1703743200,2391.62,2393.84,2370.12,2375.6,1326766.0
1703746800,2375.83,2383.89,2366.15,2382.76,1335048.0
1703750400,2382.77,2392.0,2373.5,2380.43,1091479.0
1703754000,2380.43,2397.3,2379.66,2388.0,801817.0
1703757600,2388.0,2413.0,2385.19,2399.06,891542.0
1703761200,2399.06,2407.26,2389.88,2402.0,739931.0
1703764800,2402.0,2405.36,2371.1,2374.41,1690478.0
1703768400,2374.41,2415.0,2360.77,2395.2,2868769.0
1703772000,2395.34,2399.59,2345.0,2370.99,3405048.0
1703775600,2370.99,2379.37,2352.79,2359.43,1707391.0
1703779200,2359.43,2384.6,2354.5,2369.15,1593772.0
1703782800,2369.16,2379.98,2353.25,2357.7,853058.0
1703786400,2357.7,2367.0,2348.74,2361.24,869745.0
1703790000,2361.25,2373.53,2359.57,2362.83,594296.0
1703793600,2362.88,2364.35,2340.06,2353.45,803234.0
1703797200,2353.45,2362.8,2337.0,2345.9,720102.0
1703800800,2345.91,2358.5,2335.0,2357.99,413356.0
1703804400,2358.0,2358.45,2341.58,2344.66,699416.0
1703808000,2344.67,2366.21,2342.5,2344.61,1291067.0
1703811600,2344.67,2350.31,2311.0,2334.37,3035480.0
1703815200,2334.37,2345.01,2324.15,2343.5,1067277.0
1703818800,2343.5,2358.93,2340.43,2352.81,859277.0
1703822400,2352.81,2356.39,2345.0,2352.87,448480.0
1703826000,2352.87,2360.0,2342.61,2359.0,472101.0
1703829600,2359.01,2363.0,2351.15,2351.45,462961.0
1703833200,2351.41,2361.6,2332.0,2334.3,1272339.0
1703836800,2334.31,2350.97,2332.73,2346.6,867595.0
1703840400,2346.59,2373.88,2340.0,2368.18,1004523.0
1703844000,2368.19,2371.17,2361.6,2366.21,530058.0
1703847600,2366.22,2378.75,2364.62,2372.84,704660.0
1703851200,2372.68,2376.0,2358.5,2364.69,615443.0
1703854800,2364.68,2371.0,2351.8,2364.51,843520.0
1703858400,2364.51,2387.72,2359.6,2382.81,1297811.0
1703862000,2382.99,2383.74,2317.13,2327.42,3100254.0
1703865600,2327.34,2333.79,2290.5,2299.04,3268829.0
1703869200,2299.05,2311.0,2286.0,2300.13,2030115.0
1703872800,2300.14,2317.68,2298.34,2316.4,759895.0
1703876400,2316.41,2320.51,2308.55,2317.74,433099.0
1703880000,2317.74,2318.0,2300.18,2306.72,451005.0
1703883600,2306.61,2311.93,2276.0,2286.48,1164677.0
1703887200,2286.49,2287.48,2253.98,2281.79,1470188.0
1703890800,2281.97,2300.4,2281.34,2299.35,455572.0
1703894400,2299.36,2306.25,2295.09,2302.99,430077.0
1703898000,2303.0,2310.88,2301.25,2307.64,320141.0
1703901600,2307.63,2308.7,2290.02,2294.4,490595.0
1703905200,2294.39,2300.87,2287.6,2298.6,379916.0
1703908800,2298.6,2307.88,2297.49,2302.22,316043.0
1703912400,2302.23,2309.0,2300.64,2308.99,268021.0
1703916000,2308.98,2309.93,2301.52,2303.75,277776.0
1703919600,2303.75,2307.0,2294.28,2296.5,267927.0
1703923200,2296.49,2297.51,2271.0,2273.93,1434137.0
1703926800,2274.13,2282.59,2268.5,2278.5,827811.0
1703930400,2278.5,2290.76,2277.96,2286.72,521957.0
1703934000,2286.72,2294.23,2284.52,2289.07,525701.0
1703937600,2289.08,2298.87,2285.45,2292.61,616628.0
1703941200,2292.62,2295.99,2282.47,2294.94,529605.0
1703944800,2294.94,2303.41,2288.56,2301.95,888866.0
1703948400,2301.95,2317.16,2297.42,2313.02,954643.0
1703952000,2313.03,2323.82,2308.26,2310.46,1118191.0
1703955600,2310.47,2315.0,2297.12,2308.76,787236.0
1703959200,2308.77,2311.6,2296.21,2303.02,328558.0
1703962800,2303.03,2305.94,2296.55,2300.37,310444.0
1703966400,2300.37,2306.25,2295.04,2298.8,256064.0
1703970000,2298.96,2304.79,2298.75,2301.92,122257.0
1703973600,2301.92,2302.1,2274.56,2288.33,455387.0
1703977200,2288.33,2298.7,2285.11,2291.81,315589.0
1703980800,2291.82,2305.04,2291.43,2301.62,355074.0
1703984400,2301.62,2303.92,2290.15,2290.38,289919.0
1703988000,2290.38,2295.0,2278.2,2286.29,513823.0
1703991600,2286.29,2287.5,2278.26,2284.42,406856.0
1703995200,2284.42,2292.22,2280.71,2283.4,371846.0
1703998800,2283.4,2288.26,2281.52,2281.71,217146.0
1704002400,2281.71,2287.73,2280.3,2285.91,203960.0
1704006000,2285.92,2306.0,2285.44,2296.01,815454.0
1704009600,2296.01,2298.16,2290.63,2295.9,369624.0
1704013200,2295.91,2312.96,2294.0,2310.99,886604.0
1704016800,2310.98,2314.61,2302.76,2310.83,609885.0
1704020400,2310.84,2316.8,2308.39,2309.57,495734.0
1704024000,2309.57,2323.41,2295.14,2303.01,1099556.0
1704027600,2303.02,2307.44,2295.49,2303.58,628916.0
1704031200,2303.58,2305.23,2299.1,2301.13,284088.0
1704034800,2301.13,2309.96,2291.0,2299.85,629649.0
1704038400,2299.85,2310.6,2298.23,2305.36,538850.0
1704042000,2305.36,2308.59,2291.38,2299.37,612573.0
1704045600,2299.37,2307.76,2291.15,2304.5,466114.0
1704049200,2304.5,2305.82,2291.58,2295.6,332727.0
1704052800,2295.61,2295.81,2280.0,2283.18,593391.0
1704056400,2283.18,2294.3,2280.57,2283.83,358821.0
1704060000,2283.84,2294.54,2257.04,2274.55,776027.0
1704063600,2274.55,2285.0,2272.23,2282.75,499534.0
1704067200,2282.75,2298.3,2281.84,2296.47,565128.0
1704070800,2296.48,2308.55,2293.84,2304.41,468811.0
1704074400,2304.42,2305.72,2291.84,2294.01,341075.0
1704078000,2294.02,2295.59,2271.0,2274.63,735734.0
1704081600,2274.64,2280.74,2265.3,2280.65,637175.0
1704085200,2280.66,2285.01,2273.46,2277.19,397819.0
1704088800,2277.19,2284.35,2274.72,2282.68,511358.0
1704092400,2282.69,2288.8,2282.04,2285.15,323743.0
1704096000,2285.16,2288.27,2280.61,2287.96,256748.0
1704099600,2287.96,2301.23,2287.64,2300.98,529212.0
1704103200,2300.98,2304.2,2297.69,2302.75,401114.0
1704106800,2302.68,2306.3,2299.59,2305.4,324810.0
1704110400,2305.4,2308.38,2300.1,2300.59,410974.0
1704114000,2300.59,2309.34,2298.71,2305.03,287158.0
1704117600,2305.03,2306.2,2295.75,2301.92,433329.0
1704121200,2301.91,2320.0,2300.13,2315.93,816689.0
1704124800,2315.94,2320.84,2307.29,2310.66,643358.0
1704128400,2310.92,2318.29,2306.89,2314.54,438304.0
1704132000,2314.54,2333.4,2314.54,2327.6,805603.0
1704135600,2327.6,2341.86,2322.6,2338.08,576437.0
1704139200,2338.18,2350.0,2336.0,2341.89,592475.0
1704142800,2341.89,2347.44,2332.85,2339.14,351936.0
1704146400,2339.26,2340.55,2324.15,2335.13,324224.0
1704150000,2335.13,2353.48,2335.13,2353.21,732401.0
1704153600,2353.2,2395.0,2348.5,2391.05,2277912.0
1704157200,2391.05,2401.3,2372.6,2380.38,1344157.0
1704160800,2380.37,2384.29,2375.52,2383.98,456802.0
1704164400,2383.97,2389.59,2372.84,2387.0,646637.0
1704168000,2386.99,2390.89,2379.26,2388.0,395551.0
1704171600,2388.0,2392.96,2378.07,2378.47,438102.0
1704175200,2378.59,2385.52,2374.51,2374.6,363856.0
1704178800,2374.59,2390.0,2374.59,2386.33,594946.0
1704182400,2386.33,2432.76,2380.5,2427.46,2214510.0
1704186000,2427.46,2429.23,2411.93,2415.03,909082.0
1704189600,2415.02,2417.85,2394.01,2399.68,923240.0
1704193200,2399.67,2404.33,2380.5,2392.58,1035011.0
1704196800,2392.58,2405.99,2383.81,2388.2,1012037.0
1704200400,2388.2,2402.88,2384.0,2399.48,679078.0
1704204000,2399.48,2404.4,2355.8,2368.37,2287308.0
1704207600,2368.37,2371.93,2353.0,2357.79,1478609.0
1704211200,2357.8,2370.77,2350.69,2368.43,1152297.0
1704214800,2368.42,2368.82,2351.63,2358.18,675987.0
1704218400,2358.18,2371.0,2355.7,2366.28,440288.0
1704222000,2366.29,2373.9,2354.84,2369.75,503708.0
1704225600,2369.75,2381.25,2358.75,2360.38,664589.0
1704229200,2360.38,2367.21,2336.97,2367.21,1201315.0
1704232800,2367.2,2373.08,2357.57,2359.52,301667.0
1704236400,2359.52,2362.97,2350.88,2355.39,520100.0
1704240000,2355.4,2367.87,2347.27,2361.8,700517.0
1704243600,2361.8,2376.01,2360.37,2373.54,471010.0
1704247200,2373.7,2385.55,2367.39,2369.05,673576.0
1704250800,2369.15,2371.0,2364.35,2368.9,239496.0
1704254400,2369.0,2375.0,2363.42,2371.0,358854.0
1704258000,2371.0,2380.0,2368.66,2377.25,337397.0
1704261600,2377.17,2381.25,2373.62,2375.86,340810.0
1704265200,2375.89,2380.0,2356.01,2361.5,784894.0
1704268800,2361.49,2372.0,2360.96,2370.72,509958.0
1704272400,2370.73,2386.2,2370.44,2376.26,708916.0
1704276000,2376.24,2381.02,2361.07,2364.92,682434.0
1704279600,2364.91,2366.04,2288.0,2308.15,4257900.0
1704283200,2308.28,2308.96,2052.45,2246.96,12644037.0
1704286800,2246.95,2247.2,2205.6,2223.65,2315074.0
1704290400,2223.65,2223.65,2188.45,2193.57,1605415.0
1704294000,2193.56,2241.0,2190.0,2240.0,1349601.0
1704297600,2239.99,2245.19,2222.0,2231.27,1774454.0
1704301200,2231.27,2233.67,2211.32,2223.61,831947.0
1704304800,2223.6,2228.8,2186.6,2199.03,949629.0
1704308400,2199.02,2230.43,2197.3,2206.61,875174.0
1704312000,2206.6,2224.0,2205.5,2218.88,404739.0
1704315600,2218.99,2228.46,2212.14,2226.77,369096.0
1704319200,2226.77,2226.94,2199.0,2205.79,471523.0
1704322800,2205.79,2211.15,2196.13,2210.57,364594.0
1704326400,2210.57,2219.99,2206.42,2210.72,569676.0
1704330000,2210.72,2214.23,2201.48,2206.08,359979.0
1704333600,2206.08,2232.8,2204.58,2231.41,586556.0
1704337200,2231.41,2239.7,2224.52,2230.98,574337.0
1704340800,2230.98,2239.49,2227.59,2237.73,401296.0
1704344400,2237.74,2243.88,2232.2,2235.81,484992.0
1704348000,2235.81,2244.6,2234.42,2238.48,425684.0
1704351600,2238.48,2241.47,2221.2,2221.87,711963.0
1704355200,2221.98,2226.76,2211.74,2216.7,805516.0
1704358800,2216.69,2230.78,2215.28,2224.01,461311.0
1704362400,2224.01,2226.62,2205.15,2222.92,847242.0
1704366000,2222.91,2231.58,2215.65,2228.25,478168.0
1704369600,2228.49,2242.0,2223.11,2235.98,811178.0
1704373200,2235.98,2248.36,2231.23,2238.2,672008.0
1704376800,2238.2,2276.0,2230.36,2274.4,1689400.0
1704380400,2274.4,2286.98,2262.17,2277.78,1649466.0
1704384000,2277.78,2280.98,2258.73,2269.61,1012855.0
1704387600,2269.62,2289.97,2266.91,2274.63,1004981.0
1704391200,2274.62,2280.47,2267.75,2273.73,357130.0
1704394800,2273.73,2295.67,2271.03,2274.53,672568.0
1704398400,2274.52,2296.52,2272.14,2273.18,819098.0
1704402000,2273.19,2289.11,2268.7,2273.2,556368.0
1704405600,2273.2,2287.33,2261.65,2270.13,442673.0
1704409200,2270.14,2276.36,2266.43,2267.84,240299.0
1704412800,2267.84,2274.88,2260.65,2268.08,367551.0
1704416400,2268.08,2271.55,2211.42,2238.3,2112594.0
1704420000,2238.3,2252.4,2231.6,2240.8,1146461.0
1704423600,2240.81,2250.85,2239.01,2242.39,384313.0
1704427200,2242.46,2248.4,2234.45,2243.89,452761.0
1704430800,2243.9,2248.03,2240.91,2246.05,250226.0
1704434400,2246.0,2258.11,2240.02,2254.79,581796.0
1704438000,2254.79,2265.55,2252.04,2252.27,677913.0
1704441600,2252.27,2259.6,2249.77,2252.8,379804.0
1704445200,2252.79,2270.0,2252.4,2264.97,784407.0
1704448800,2264.97,2266.03,2232.2,2240.19,840085.0
1704452400,2240.08,2249.83,2238.66,2242.2,500557.0
1704456000,2242.2,2254.17,2234.35,2241.97,642081.0
1704459600,2241.97,2252.0,2236.21,2247.5,761539.0
1704463200,2247.49,2253.24,2218.08,2227.24,1535549.0
1704466800,2227.49,2242.77,2218.43,2225.72,864337.0
1704470400,2225.72,2233.99,2210.17,2211.99,836290.0
1704474000,2211.99,2233.49,2206.15,2232.43,954916.0
1704477600,2232.42,2238.89,2224.11,2234.19,364898.0
1704481200,2234.19,2241.46,2230.04,2234.59,280337.0
1704484800,2234.59,2263.06,2234.59,2248.36,688906.0
1704488400,2248.37,2248.8,2233.84,2246.41,375449.0
1704492000,2246.41,2249.49,2237.5,2247.39,200250.0
1704495600,2247.38,2277.99,2247.38,2268.36,1299773.0
1704499200,2268.36,2269.87,2257.43,2262.8,303337.0
1704502800,2262.8,2263.39,2253.01,2255.09,236681.0
1704506400,2255.09,2257.92,2251.15,2255.01,201128.0
1704510000,2255.0,2256.38,2249.32,2253.53,196022.0
1704513600,2253.53,2256.0,2245.18,2246.87,196847.0
1704517200,2246.88,2249.5,2229.15,2234.92,812208.0
1704520800,2234.91,2235.37,2215.43,2219.81,939342.0
1704524400,2219.8,2233.53,2216.61,2233.41,598359.0
1704528000,2233.41,2238.76,2228.29,2237.48,360659.0
1704531600,2237.49,2239.62,2233.3,2234.39,269339.0
1704535200,2234.39,2239.16,2229.38,2235.82,300276.0
1704538800,2235.82,2239.5,2230.83,2239.06,168809.0
1704542400,2239.07,2242.71,2228.0,2232.48,424314.0
1704546000,2232.48,2238.6,2228.13,2236.65,222250.0
1704549600,2236.65,2249.25,2236.11,2241.64,672566.0
1704553200,2241.65,2248.38,2238.14,2246.31,286659.0
1704556800,2246.31,2249.99,2242.56,2245.54,201304.0
1704560400,2245.54,2252.93,2242.62,2248.58,267442.0
1704564000,2248.59,2254.45,2244.54,2246.77,214318.0
1704567600,2246.77,2247.76,2236.06,2244.27,317720.0
1704571200,2244.28,2247.49,2234.32,2241.75,256243.0
1704574800,2241.76,2242.63,2235.29,2240.11,142220.0
1704578400,2240.18,2241.2,2230.0,2237.43,151006.0
1704582000,2237.43,2241.35,2230.3,2240.8,176734.0
1704585600,2240.8,2254.56,2238.42,2249.49,353298.0
1704589200,2249.5,2254.27,2241.05,2241.05,298226.0
1704592800,2241.05,2249.2,2235.02,2239.96,271804.0
1704596400,2240.11,2246.38,2239.96,2242.08,159717.0
1704600000,2242.07,2248.6,2242.07,2248.41,227854.0
1704603600,2248.4,2250.74,2241.11,2242.6,180699.0
1704607200,2242.8,2250.88,2241.02,2249.36,157417.0
1704610800,2249.35,2251.52,2245.78,2248.73,163361.0
1704614400,2248.73,2253.0,2239.01,2240.09,461672.0
1704618000,2240.09,2242.69,2230.64,2233.41,557750.0
1704621600,2233.4,2240.53,2233.01,2237.6,240819.0
1704625200,2237.6,2243.71,2234.68,2237.19,307918.0
1704628800,2237.19,2241.95,2231.69,2237.98,303596.0
1704632400,2237.97,2258.0,2237.52,2251.89,911921.0
1704636000,2251.9,2255.0,2243.33,2249.2,434908.0
1704639600,2249.2,2249.8,2222.3,2230.78,1185020.0
1704643200,2230.78,2235.8,2220.11,2226.1,564358.0
1704646800,2226.1,2242.87,2220.22,2239.16,550954.0
1704650400,2239.07,2249.38,2236.54,2245.11,279358.0
1704654000,2245.12,2250.0,2241.61,2248.41,133926.0
1704657600,2248.41,2251.47,2238.59,2238.99,293382.0
1704661200,2239.0,2244.7,2234.2,2239.49,156880.0
1704664800,2239.52,2239.52,2206.43,2216.77,920106.0
1704668400,2216.79,2225.3,2205.0,2221.73,843549.0
1704672000,2221.72,2224.78,2185.0,2195.24,1489696.0
1704675600,2195.24,2210.71,2193.0,2204.33,627409.0
1704679200,2204.32,2208.47,2170.85,2184.51,1582394.0
1704682800,2184.51,2192.59,2166.0,2190.84,1345260.0
1704686400,2190.83,2198.71,2187.57,2196.48,536098.0
1704690000,2196.47,2198.35,2189.13,2196.54,356892.0
1704693600,2196.53,2224.48,2194.77,2213.47,1613236.0
1704697200,2213.48,2230.87,2212.49,2224.19,976905.0
1704700800,2224.19,2234.98,2220.63,2221.82,695669.0
1704704400,2221.93,2225.46,2204.09,2211.0,698367.0
1704708000,2210.99,2229.74,2208.0,2226.57,690443.0
1704711600,2226.57,2242.82,2220.17,2240.94,893812.0
1704715200,2240.94,2270.86,2240.08,2265.21,2797148.0
1704718800,2265.2,2275.0,2258.99,2265.59,1168845.0
1704722400,2265.58,2273.32,2255.49,2261.25,783540.0
1704726000,2261.25,2285.24,2256.25,2270.2,1140080.0
1704729600,2270.2,2282.48,2260.0,2263.67,773321.0
1704733200,2263.66,2308.8,2261.71,2307.69,1225742.0
1704736800,2307.69,2342.74,2305.59,2336.27,2320961.0
1704740400,2336.26,2360.0,2323.34,2355.62,1487057.0
1704744000,2355.62,2359.13,2334.13,2336.8,773446.0
1704747600,2336.87,2348.0,2333.36,2337.61,641443.0
1704751200,2337.6,2343.04,2332.51,2337.7,366200.0
1704754800,2337.69,2338.0,2325.91,2331.27,456950.0
1704758400,2331.27,2337.26,2288.86,2306.94,1585281.0
1704762000,2306.94,2315.0,2296.4,2309.7,662674.0
1704765600,2309.7,2317.0,2306.08,2312.45,365678.0
1704769200,2312.46,2314.76,2307.0,2309.57,335815.0
1704772800,2309.58,2318.85,2300.2,2315.29,394850.0
1704776400,2315.3,2319.13,2301.76,2308.8,386479.0
1704780000,2308.8,2309.35,2296.43,2302.22,352297.0
1704783600,2302.21,2310.82,2298.52,2306.01,347566.0
1704787200,2306.01,2311.94,2290.36,2291.79,737101.0
1704790800,2291.8,2297.61,2285.16,2291.86,720011.0
1704794400,2291.87,2302.54,2289.1,2292.96,412204.0
1704798000,2292.96,2303.93,2289.6,2298.88,537024.0
1704801600,2298.89,2304.93,2217.9,2263.56,2556462.0
1704805200,2263.56,2283.99,2259.59,2275.45,1922281.0
1704808800,2275.45,2283.93,2240.14,2247.32,1740449.0
1704812400,2247.31,2268.63,2240.61,2257.18,1053762.0
1704816000,2257.08,2266.33,2243.37,2264.63,914115.0
1704819600,2264.64,2271.53,2256.13,2264.1,449922.0
1704823200,2264.1,2278.57,2259.12,2275.87,422805.0
1704826800,2275.88,2278.0,2257.67,2271.01,416065.0
1704830400,2271.02,2273.93,2247.33,2250.32,664969.0
1704834000,2250.24,2376.39,2245.46,2317.58,7874349.0
1704837600,2317.59,2372.84,2315.58,2341.78,2139241.0
1704841200,2341.68,2346.82,2315.97,2344.34,884591.0
1704844800,2344.24,2402.25,2339.97,2399.61,2619210.0
1704848400,2399.61,2402.7,2366.0,2377.44,1329928.0
1704852000,2377.27,2377.9,2345.56,2348.36,1036382.0
1704855600,2348.36,2368.5,2344.16,2361.6,666188.0
1704859200,2361.6,2388.69,2357.39,2380.39,1109319.0
1704862800,2380.4,2393.79,2371.13,2386.81,919495.0
1704866400,2386.82,2388.49,2372.64,2380.82,567549.0
1704870000,2380.82,2385.9,2366.0,2369.4,744530.0
1704873600,2369.39,2384.1,2362.58,2365.18,897043.0
1704877200,2365.19,2431.43,2365.0,2425.79,3128608.0
1704880800,2425.79,2428.0,2399.08,2400.54,1053787.0
1704884400,2400.54,2409.2,2376.0,2402.53,1251425.0
1704888000,2402.48,2419.28,2341.0,2360.31,3910536.0
1704891600,2360.32,2392.2,2350.8,2378.2,1971932.0
1704895200,2378.2,2395.93,2369.83,2386.0,1146742.0
1704898800,2386.0,2462.0,2382.6,2449.61,4812216.0
1704902400,2449.41,2459.0,2406.46,2408.01,2105431.0
1704906000,2408.02,2445.55,2401.01,2437.39,1743815.0
1704909600,2437.39,2444.02,2413.58,2435.05,1369112.0
1704913200,2435.05,2482.8,2425.49,2478.01,2807221.0
1704916800,2478.01,2490.0,2403.0,2484.2,4737410.0
1704920400,2484.01,2536.15,2472.05,2526.59,4404175.0
1704924000,2526.58,2558.0,2508.46,2546.41,1656673.0
1704927600,2546.4,2645.72,2542.58,2584.8,4191759.0
1704931200,2584.79,2608.2,2569.49,2606.01,1332452.0
1704934800,2606.01,2607.0,2565.55,2568.07,1226007.0
1704938400,2568.06,2585.75,2565.03,2579.99,635349.0
1704942000,2580.0,2614.8,2571.2,2612.09,1176777.0
1704945600,2612.09,2629.65,2603.24,2613.79,1359234.0
1704949200,2613.58,2614.7,2583.65,2596.39,998171.0
1704952800,2596.4,2598.22,2573.01,2577.1,1082368.0
1704956400,2577.1,2591.81,2575.76,2589.24,600514.0
1704960000,2589.25,2617.58,2586.4,2615.23,988564.0
1704963600,2615.23,2620.0,2604.13,2608.6,628940.0
1704967200,2608.6,2650.7,2607.25,2636.4,1749701.0
1704970800,2636.39,2666.95,2627.01,2656.94,1869060.0
1704974400,2656.94,2661.91,2635.27,2646.91,1161896.0
1704978000,2646.91,2656.98,2623.0,2636.41,1639400.0
1704981600,2636.41,2689.17,2617.01,2682.61,3605925.0
1704985200,2682.45,2691.46,2596.7,2614.6,4453687.0
1704988800,2614.59,2626.0,2571.0,2588.73,3403466.0
1704992400,2588.73,2616.0,2574.41,2603.72,1398835.0
1704996000,2603.66,2619.46,2590.19,2614.5,535808.0
1704999600,2614.5,2623.72,2598.19,2622.8,433239.0
1705003200,2622.89,2632.8,2587.21,2593.27,1071490.0
1705006800,2593.27,2621.67,2591.62,2603.19,729993.0
1705010400,2603.19,2616.56,2595.36,2615.42,314395.0
1705014000,2615.41,2624.97,2610.55,2618.07,335102.0
1705017600,2618.07,2624.3,2592.5,2599.41,637084.0
1705021200,2599.41,2604.0,2580.7,2593.2,644755.0
1705024800,2593.28,2616.36,2591.04,2607.95,486612.0
1705028400,2607.96,2608.54,2588.0,2589.2,525807.0
1705032000,2589.19,2605.62,2585.58,2594.13,499825.0
1705035600,2594.13,2609.96,2590.43,2608.33,421744.0
1705039200,2608.33,2626.15,2606.68,2617.16,910082.0
1705042800,2617.16,2621.75,2592.0,2596.6,1134621.0
1705046400,2596.6,2604.5,2585.0,2602.38,803249.0
1705050000,2602.55,2618.88,2586.0,2615.2,1090533.0
1705053600,2615.19,2622.8,2611.52,2620.61,649908.0
1705057200,2620.62,2668.33,2618.28,2646.73,2612479.0
1705060800,2646.73,2680.0,2632.29,2650.06,2350418.0
1705064400,2650.11,2691.11,2644.6,2672.66,2215378.0
1705068000,2672.66,2712.78,2661.0,2705.01,2936330.0
1705071600,2705.0,2717.77,2637.53,2647.44,4214986.0
1705075200,2647.45,2689.3,2602.0,2621.6,4329810.0
1705078800,2621.41,2632.43,2552.52,2604.09,3905292.0
1705082400,2603.82,2611.79,2579.0,2595.94,1037370.0
1705086000,2595.95,2614.5,2583.09,2585.1,599223.0
1705089600,2585.13,2599.65,2566.28,2570.74,846804.0
1705093200,2570.74,2576.82,2502.21,2527.39,2536240.0
1705096800,2527.38,2529.9,2458.0,2499.08,2974710.0
1705100400,2499.09,2531.23,2497.55,2522.77,1085772.0
1705104000,2522.79,2538.0,2516.69,2517.99,718574.0
1705107600,2517.81,2528.93,2497.0,2525.8,1142543.0
1705111200,2525.8,2552.98,2519.63,2544.99,977213.0
1705114800,2545.0,2556.43,2536.17,2547.88,708567.0
1705118400,2547.88,2548.81,2538.2,2546.66,369591.0
1705122000,2546.67,2554.96,2539.7,2553.5,440237.0
1705125600,2553.49,2553.5,2542.05,2551.09,541345.0
1705129200,2551.1,2561.0,2547.0,2550.39,454240.0
1705132800,2550.47,2560.0,2549.17,2555.18,406295.0
1705136400,2555.18,2557.26,2538.0,2541.21,696482.0
1705140000,2541.22,2542.49,2521.0,2531.6,853967.0
1705143600,2531.6,2546.39,2530.0,2543.21,506200.0
1705147200,2543.0,2552.0,2536.0,2543.19,650816.0
1705150800,2543.2,2550.5,2538.11,2542.98,453320.0
1705154400,2542.97,2546.34,2532.04,2540.22,749221.0
1705158000,2540.21,2566.89,2539.83,2563.88,873173.0
1705161600,2563.97,2572.05,2550.2,2556.88,1216523.0
1705165200,2556.88,2566.65,2549.0,2555.08,892510.0
1705168800,2555.08,2573.57,2551.6,2560.82,493178.0
1705172400,2560.82,2580.0,2560.0,2572.0,612289.0
1705176000,2572.03,2580.98,2566.23,2568.36,406091.0
1705179600,2568.36,2574.61,2562.53,2573.03,147563.0
1705183200,2573.03,2577.74,2565.46,2577.74,139389.0
1705186800,2577.74,2590.45,2573.03,2577.68,485762.0
1705190400,2577.69,2578.63,2561.22,2564.55,424023.0
1705194000,2564.56,2574.68,2562.3,2569.69,289627.0
1705197600,2569.68,2571.31,2556.0,2561.27,331563.0
1705201200,2561.27,2565.56,2551.0,2551.86,539155.0
1705204800,2551.73,2556.86,2543.56,2545.02,521711.0
1705208400,2545.02,2556.67,2544.22,2553.53,324659.0
1705212000,2553.53,2556.65,2548.71,2553.25,175897.0
1705215600,2553.26,2554.98,2544.91,2551.6,314974.0
1705219200,2551.6,2553.33,2545.0,2553.19,294000.0
1705222800,2553.19,2554.2,2538.2,2554.19,386115.0
1705226400,2554.19,2554.28,2539.61,2542.33,291379.0
1705230000,2542.45,2547.62,2535.19,2537.66,418371.0
1705233600,2537.66,2547.15,2533.33,2537.65,398154.0
1705237200,2537.66,2539.12,2523.72,2533.81,594918.0
1705240800,2533.81,2543.39,2530.98,2540.98,407487.0
1705244400,2540.98,2545.43,2534.75,2537.68,254363.0
1705248000,2537.69,2544.8,2522.0,2528.66,670632.0
1705251600,2528.66,2539.54,2525.01,2531.61,386835.0
1705255200,2531.61,2538.91,2522.44,2532.2,348324.0
1705258800,2532.21,2533.63,2500.0,2501.88,776273.0
1705262400,2501.78,2519.98,2478.13,2509.41,894411.0
1705266000,2509.65,2529.0,2499.19,2527.91,502455.0
1705269600,2527.91,2532.59,2503.65,2509.57,354141.0
1705273200,2509.39,2511.68,2470.0,2473.73,1513257.0
1705276800,2473.73,2502.51,2471.62,2495.93,881158.0
1705280400,2495.94,2513.79,2488.03,2506.51,788826.0
1705284000,2506.52,2507.75,2494.37,2506.85,506434.0
1705287600,2506.85,2514.71,2503.51,2504.29,478426.0
1705291200,2504.3,2513.0,2504.07,2510.8,222419.0
1705294800,2510.8,2519.82,2509.72,2518.55,373059.0
1705298400,2518.55,2521.54,2511.01,2513.53,271237.0
1705302000,2513.53,2516.54,2503.15,2513.24,383685.0
1705305600,2513.24,2518.55,2507.25,2513.42,250209.0
1705309200,2513.42,2534.08,2510.0,2528.4,628562.0
1705312800,2528.39,2541.56,2525.5,2535.13,550967.0
1705316400,2535.13,2543.08,2531.52,2539.0,347953.0
1705320000,2539.06,2547.97,2533.02,2540.43,524975.0
1705323600,2540.43,2549.33,2534.67,2538.48,470017.0
1705327200,2538.47,2539.95,2505.05,2508.23,1386659.0
1705330800,2508.23,2525.29,2508.13,2515.0,565783.0
1705334400,2514.84,2527.89,2514.24,2523.72,350707.0
1705338000,2523.71,2537.51,2523.61,2531.94,339256.0
1705341600,2531.94,2555.39,2531.94,2540.29,740027.0
1705345200,2540.29,2546.15,2531.0,2535.0,255617.0
1705348800,2535.0,2539.67,2525.29,2530.77,141857.0
1705352400,2530.77,2530.91,2521.57,2522.15,175202.0
1705356000,2522.16,2525.4,2498.0,2514.15,550185.0
1705359600,2514.24,2520.37,2511.0,2512.14,254718.0
1705363200,2512.16,2516.6,2506.2,2509.43,297145.0
1705366800,2509.43,2523.51,2505.5,2514.5,523160.0
1705370400,2514.49,2529.42,2512.45,2518.0,406006.0
1705374000,2518.0,2538.8,2517.04,2538.21,453040.0
1705377600,2538.2,2539.92,2527.5,2531.19,350947.0
1705381200,2531.2,2542.62,2528.5,2530.91,402160.0
1705384800,2530.91,2537.73,2525.19,2535.12,392339.0
1705388400,2534.92,2536.86,2522.6,2528.61,422474.0
1705392000,2528.61,2545.0,2523.14,2543.65,574074.0
1705395600,2543.62,2548.95,2536.83,2542.42,614578.0
1705399200,2542.37,2543.86,2529.44,2533.49,418254.0
1705402800,2533.46,2537.77,2521.85,2530.54,443391.0
1705406400,2530.46,2548.0,2529.0,2546.73,521601.0
1705410000,2546.77,2547.91,2524.01,2526.04,721766.0
1705413600,2526.04,2539.27,2500.51,2534.95,2008784.0
1705417200,2534.95,2571.74,2525.5,2559.89,2171908.0
1705420800,2559.89,2579.0,2548.5,2575.82,1161989.0
1705424400,2575.81,2578.99,2562.02,2564.0,558617.0
1705428000,2564.01,2569.6,2555.02,2559.44,342572.0
1705431600,2559.44,2576.75,2555.5,2574.46,294298.0
1705435200,2574.57,2588.73,2571.49,2586.77,590194.0
1705438800,2586.76,2613.59,2584.79,2606.99,1037495.0
1705442400,2607.0,2611.6,2592.32,2592.78,565222.0
1705446000,2592.79,2607.67,2585.36,2587.09,604160.0
1705449600,2587.09,2591.9,2580.04,2588.58,520821.0
1705453200,2588.71,2592.99,2576.88,2578.6,461384.0
1705456800,2578.6,2581.8,2573.12,2577.03,387822.0
1705460400,2577.02,2579.23,2571.33,2571.96,258330.0
1705464000,2571.98,2575.72,2562.12,2569.42,438860.0
1705467600,2569.42,2573.77,2561.18,2563.01,287562.0
1705471200,2563.0,2571.2,2561.05,2563.5,300281.0
1705474800,2563.5,2566.75,2552.23,2553.0,773170.0
1705478400,2553.0,2554.71,2534.48,2547.01,1081982.0
1705482000,2547.01,2552.4,2542.14,2544.21,320680.0
1705485600,2544.4,2553.2,2540.32,2553.01,373535.0
1705489200,2553.01,2553.65,2541.36,2543.31,340214.0
1705492800,2543.3,2553.78,2532.29,2552.8,886716.0
1705496400,2552.81,2553.41,2541.18,2543.84,500206.0
1705500000,2543.84,2575.0,2538.18,2550.17,1578933.0
1705503600,2550.17,2564.0,2533.88,2539.8,1345839.0
1705507200,2539.8,2545.94,2522.0,2535.02,844925.0
1705510800,2535.03,2538.0,2523.55,2530.27,487509.0
1705514400,2530.27,2534.76,2516.73,2533.35,510165.0
1705518000,2533.35,2540.57,2529.09,2533.79,305897.0
1705521600,2533.8,2543.3,2530.63,2540.08,328816.0
1705525200,2539.86,2545.72,2524.31,2527.11,268564.0
1705528800,2527.21,2531.85,2506.3,2529.21,534427.0
1705532400,2529.21,2532.88,2521.51,2531.0,241877.0
1705536000,2531.0,2532.73,2524.46,2530.66,213591.0
1705539600,2530.76,2534.41,2510.1,2523.51,575253.0
1705543200,2523.33,2532.99,2522.75,2529.03,324251.0
1705546800,2529.03,2532.68,2526.0,2530.27,267960.0
1705550400,2530.19,2540.0,2528.0,2530.35,565206.0
1705554000,2530.36,2532.0,2525.23,2530.22,240720.0
1705557600,2530.22,2536.37,2528.42,2533.89,253105.0
1705561200,2533.89,2538.75,2532.02,2538.5,308413.0
1705564800,2538.51,2542.95,2535.53,2537.39,372303.0
1705568400,2537.4,2549.89,2535.2,2539.34,917771.0
1705572000,2539.34,2541.42,2515.0,2516.4,928864.0
1705575600,2516.34,2524.53,2515.69,2523.04,636198.0
1705579200,2523.03,2523.47,2505.5,2513.27,901254.0
1705582800,2513.35,2523.99,2503.5,2515.66,1040429.0
1705586400,2515.66,2533.99,2513.75,2533.99,798555.0
1705590000,2533.98,2535.55,2523.62,2525.76,504366.0
1705593600,2525.77,2526.77,2481.3,2489.39,2338170.0
1705597200,2489.4,2500.33,2466.34,2481.63,2006957.0
1705600800,2481.62,2485.94,2455.02,2464.32,1329274.0
1705604400,2464.33,2477.25,2426.0,2439.4,1923624.0
1705608000,2439.4,2462.81,2428.5,2446.43,1244646.0
1705611600,2446.43,2464.49,2442.2,2457.67,619235.0
1705615200,2457.68,2472.54,2455.22,2470.48,490554.0
1705618800,2470.63,2471.6,2465.13,2470.97,251365.0
1705622400,2470.97,2474.42,2462.5,2468.0,338129.0
1705626000,2468.01,2469.36,2457.51,2463.75,358833.0
1705629600,2463.75,2466.0,2451.29,2453.08,412675.0
1705633200,2453.09,2463.58,2443.22,2460.78,875956.0
1705636800,2460.79,2466.79,2456.81,2462.4,323778.0
1705640400,2462.4,2468.45,2459.34,2464.51,246438.0
1705644000,2464.52,2473.37,2462.2,2470.8,450051.0
1705647600,2471.07,2474.35,2464.89,2465.21,406374.0
1705651200,2465.2,2477.36,2460.54,2473.32,526341.0
1705654800,2473.32,2483.63,2472.11,2482.17,720238.0
1705658400,2482.16,2494.9,2481.15,2490.39,776113.0
1705662000,2490.39,2493.34,2484.68,2488.2,380132.0
1705665600,2488.19,2488.91,2480.5,2485.68,366847.0
1705669200,2485.68,2498.0,2483.34,2497.74,515702.0
1705672800,2497.73,2500.92,2470.51,2475.39,1367570.0
1705676400,2475.39,2483.31,2460.61,2463.35,1187952.0
1705680000,2463.34,2468.54,2415.79,2429.56,3053042.0
1705683600,2429.55,2472.59,2417.33,2471.87,1767416.0
1705687200,2471.86,2505.95,2462.44,2496.56,1509024.0
1705690800,2496.55,2498.25,2482.0,2493.78,653310.0
1705694400,2493.77,2504.99,2482.04,2485.05,574737.0
1705698000,2485.04,2493.76,2480.61,2489.08,394729.0
1705701600,2489.08,2494.62,2483.7,2491.04,133349.0
1705705200,2491.03,2498.51,2487.0,2492.52,178497.0
1705708800,2492.52,2492.53,2475.0,2476.23,352070.0
1705712400,2476.23,2491.0,2475.57,2489.79,268088.0
1705716000,2489.8,2489.93,2480.98,2486.35,190608.0
1705719600,2486.35,2486.77,2476.0,2481.92,248236.0
1705723200,2481.93,2484.9,2478.24,2483.18,124748.0
1705726800,2483.18,2484.43,2475.53,2478.0,141335.0
1705730400,2478.0,2483.95,2477.14,2482.22,140431.0
1705734000,2482.18,2486.5,2478.3,2478.94,160069.0
1705737600,2478.99,2480.65,2471.16,2475.19,344212.0
1705741200,2475.18,2478.25,2463.23,2466.54,438733.0
1705744800,2466.54,2475.98,2466.31,2471.0,199130.0
1705748400,2471.01,2473.4,2466.4,2471.22,144297.0
1705752000,2471.21,2476.7,2467.26,2468.47,226932.0
1705755600,2468.46,2474.61,2467.32,2472.4,152442.0
1705759200,2472.41,2473.0,2460.04,2466.99,340882.0
1705762800,2467.0,2474.95,2457.67,2463.94,528810.0
1705766400,2463.94,2468.19,2456.53,2458.92,271289.0
1705770000,2458.92,2464.4,2456.87,2462.48,166065.0
1705773600,2462.47,2462.8,2454.1,2457.61,223621.0
1705777200,2457.62,2463.81,2457.62,2461.63,78465.0
1705780800,2461.64,2473.6,2460.11,2466.94,277654.0
1705784400,2466.8,2472.94,2465.09,2465.09,134014.0
1705788000,2465.1,2474.18,2465.09,2471.48,159736.0
1705791600,2471.49,2474.75,2468.26,2472.32,143506.0
1705795200,2472.31,2472.33,2465.26,2466.02,120882.0
1705798800,2466.01,2473.24,2465.24,2469.56,105590.0
1705802400,2469.35,2477.0,2469.21,2477.0,282282.0
1705806000,2476.99,2481.88,2473.51,2475.51,309519.0
1705809600,2475.5,2476.58,2472.76,2474.26,100273.0
1705813200,2474.3,2476.0,2473.0,2473.4,86619.0
1705816800,2473.41,2475.72,2468.95,2470.59,180707.0
1705820400,2470.6,2475.73,2467.04,2475.73,178516.0
1705824000,2475.72,2479.5,2472.66,2474.49,235410.0
1705827600,2474.5,2477.95,2473.1,2477.76,92530.0
1705831200,2477.76,2482.58,2476.01,2480.02,208065.0
1705834800,2480.02,2481.55,2472.3,2474.05,149234.0
1705838400,2474.05,2475.88,2471.49,2472.3,140997.0
1705842000,2472.09,2480.89,2472.08,2479.17,173878.0
1705845600,2479.17,2481.0,2474.75,2478.09,172384.0
1705849200,2478.11,2480.94,2463.58,2468.27,408407.0
1705852800,2468.28,2474.78,2464.24,2471.6,260162.0
1705856400,2471.6,2477.31,2471.23,2474.79,179353.0
1705860000,2474.8,2478.87,2471.21,2474.73,97947.0
1705863600,2474.8,2475.64,2471.07,2474.6,81566.0
1705867200,2474.6,2475.79,2466.58,2467.69,71606.0
1705870800,2467.7,2474.67,2465.61,2473.84,86406.0
1705874400,2473.85,2474.21,2458.8,2463.01,245490.0
1705878000,2463.0,2464.64,2451.49,2457.63,462939.0
1705881600,2457.62,2465.0,2452.53,2462.4,352450.0
1705885200,2462.39,2466.99,2435.16,2439.65,1443319.0
1705888800,2439.64,2446.9,2432.8,2436.81,580534.0
1705892400,2436.96,2439.94,2423.38,2437.93,785639.0
1705896000,2437.92,2439.24,2416.01,2417.19,1014583.0
1705899600,2417.19,2431.39,2401.19,2427.32,1421662.0
1705903200,2427.32,2436.45,2420.9,2430.37,642806.0
1705906800,2430.38,2430.85,2418.0,2421.09,430731.0
1705910400,2421.09,2421.09,2395.0,2411.52,1767303.0
1705914000,2411.52,2417.34,2384.26,2389.95,1258387.0
1705917600,2389.94,2393.49,2362.0,2381.66,2246782.0
1705921200,2381.65,2391.38,2376.27,2381.47,770895.0
1705924800,2381.47,2384.23,2367.83,2377.91,831606.0
1705928400,2377.91,2406.09,2377.42,2388.0,1322388.0
1705932000,2388.0,2391.5,2356.01,2370.94,2062974.0
1705935600,2370.94,2385.0,2353.73,2379.97,1523837.0
1705939200,2379.97,2385.99,2362.51,2366.48,855741.0
1705942800,2366.48,2382.73,2358.03,2376.69,703271.0
1705946400,2376.68,2382.0,2353.05,2367.5,1018316.0
1705950000,2367.49,2377.88,2304.5,2321.84,3120619.0
1705953600,2321.84,2351.29,2319.1,2340.68,1046746.0
1705957200,2340.41,2340.41,2323.41,2327.53,420226.0
1705960800,2327.52,2335.28,2301.5,2320.63,664061.0
1705964400,2320.64,2327.41,2308.45,2314.62,543525.0
1705968000,2314.61,2330.9,2313.23,2326.93,558790.0
1705971600,2326.92,2336.7,2324.55,2334.65,553405.0
1705975200,2334.66,2339.77,2328.68,2339.41,665601.0
1705978800,2339.41,2343.0,2337.46,2339.39,384980.0
1705982400,2339.38,2351.55,2339.37,2343.8,493645.0
1705986000,2343.8,2349.9,2343.01,2348.0,258121.0
1705989600,2348.0,2350.76,2343.42,2346.06,272626.0
1705993200,2346.06,2347.52,2315.0,2324.4,1106458.0
1705996800,2324.4,2327.67,2285.66,2294.68,2439019.0
1706000400,2294.69,2297.83,2210.76,2216.45,5894864.0
1706004000,2216.45,2240.69,2214.8,2223.41,1644763.0
1706007600,2223.4,2234.45,2202.28,2218.5,1644607.0
1706011200,2218.5,2227.67,2200.3,2225.21,1598428.0
1706014800,2225.21,2225.98,2197.34,2200.4,1016621.0
1706018400,2200.4,2200.4,2167.13,2194.93,3924779.0
1706022000,2194.89,2233.63,2194.56,2219.0,2396634.0
1706025600,2219.14,2220.95,2191.24,2216.78,1768658.0
1706029200,2216.78,2231.5,2203.15,2208.17,1497871.0
1706032800,2208.18,2225.45,2188.01,2189.32,889663.0
1706036400,2189.28,2197.23,2179.66,2185.69,932485.0
1706040000,2185.69,2203.73,2183.01,2199.0,646853.0
1706043600,2198.99,2206.94,2188.56,2202.92,391557.0
1706047200,2202.84,2230.0,2202.71,2226.33,503193.0
1706050800,2226.35,2248.0,2225.89,2242.47,1188473.0
1706054400,2242.47,2256.58,2231.62,2244.75,998876.0
1706058000,2244.9,2245.1,2220.46,2223.39,1099622.0
1706061600,2223.4,2233.19,2221.31,2223.04,379780.0
1706065200,2223.04,2225.73,2211.68,2213.79,754663.0
1706068800,2213.8,2221.61,2213.42,2214.49,314218.0
1706072400,2214.5,2230.0,2214.49,2227.41,530705.0
1706076000,2227.4,2233.84,2220.36,2232.56,572106.0
1706079600,2232.56,2246.27,2227.23,2234.25,757878.0
1706083200,2234.53,2240.85,2228.59,2235.86,452060.0
1706086800,2235.87,2246.99,2233.24,2238.72,517425.0
1706090400,2238.73,2264.99,2235.57,2255.99,1091499.0
1706094000,2255.99,2257.0,2238.15,2243.99,734190.0
1706097600,2243.99,2247.97,2232.48,2234.77,578663.0
1706101200,2234.78,2239.42,2222.4,2228.6,808880.0
1706104800,2228.42,2245.76,2217.38,2230.4,1360084.0
1706108400,2230.4,2240.78,2224.18,2234.52,678183.0
1706112000,2234.51,2245.0,2226.37,2242.17,571410.0
1706115600,2242.16,2243.0,2231.85,2237.21,468358.0
1706119200,2237.18,2237.5,2202.73,2216.89,1286915.0
1706122800,2217.1,2222.69,2205.58,2213.33,411586.0
1706126400,2213.24,2226.44,2196.01,2200.8,890282.0
1706130000,2200.79,2218.24,2199.56,2218.05,324681.0
1706133600,2218.19,2224.54,2213.65,2222.0,280197.0
1706137200,2222.09,2240.5,2220.34,2235.41,529125.0
1706140800,2235.56,2239.69,2228.3,2234.78,595558.0
1706144400,2234.78,2235.5,2209.0,2213.61,745555.0
1706148000,2213.6,2219.0,2206.02,2210.0,457955.0
1706151600,2210.0,2221.3,2209.46,2217.1,345936.0
1706155200,2217.09,2219.02,2208.64,2213.27,250644.0
1706158800,2213.09,2213.51,2203.59,2210.8,446106.0
1706162400,2210.8,2225.96,2209.57,2223.67,506664.0
1706166000,2223.67,2227.87,2219.05,2227.57,428039.0
1706169600,2227.58,2232.99,2220.15,2225.76,522560.0
1706173200,2225.75,2231.29,2220.0,2222.45,439189.0
1706176800,2222.44,2240.95,2216.56,2238.2,813674.0
1706180400,2238.19,2243.0,2229.03,2231.79,608016.0
1706184000,2231.78,2234.4,2205.0,2209.38,1231856.0
1706187600,2209.46,2212.1,2197.08,2206.48,920499.0
1706191200,2206.48,2216.67,2201.07,2212.07,888954.0
1706194800,2212.16,2213.69,2182.17,2188.52,1555918.0
1706198400,2188.52,2195.53,2183.01,2186.39,671478.0
1706202000,2186.39,2203.49,2170.56,2203.2,1290564.0
1706205600,2203.19,2223.65,2203.19,2211.05,1335540.0
1706209200,2211.05,2226.02,2203.58,2218.41,576666.0
1706212800,2218.42,2223.4,2211.87,2222.6,412554.0
1706216400,2222.61,2231.68,2216.57,2219.42,487075.0
1706220000,2219.62,2224.0,2213.4,2221.66,287604.0
1706223600,2221.67,2224.85,2217.27,2218.88,160164.0
1706227200,2218.89,2219.13,2211.03,2216.41,247077.0
1706230800,2216.41,2226.91,2210.66,2223.8,332055.0
1706234400,2223.81,2237.99,2223.57,2227.79,672769.0
1706238000,2228.0,2231.42,2221.26,2223.54,345474.0
1706241600,2223.55,2229.86,2222.5,2224.28,259732.0
1706245200,2224.29,2225.52,2218.51,2221.22,305373.0
1706248800,2221.22,2224.46,2211.11,2213.5,405175.0
1706252400,2213.5,2215.0,2196.32,2197.98,915982.0
1706256000,2197.97,2216.52,2195.81,2209.31,848428.0
1706259600,2209.3,2225.41,2203.55,2205.86,728641.0
1706263200,2205.86,2240.88,2205.25,2237.6,1394509.0
1706266800,2237.6,2260.81,2237.41,2253.41,2095600.0
1706270400,2253.5,2266.24,2244.1,2247.38,1626360.0
1706274000,2247.37,2251.91,2233.62,2240.51,945432.0
1706277600,2240.5,2259.13,2239.58,2258.4,699238.0
1706281200,2258.21,2259.72,2249.75,2257.28,799934.0
1706284800,2257.29,2282.96,2256.35,2279.42,1727300.0
1706288400,2279.42,2282.0,2266.49,2268.81,642888.0
1706292000,2268.81,2276.99,2263.47,2266.63,506892.0
1706295600,2266.62,2266.99,2250.0,2258.1,526371.0
1706299200,2258.1,2262.55,2252.31,2258.5,349166.0
1706302800,2258.49,2261.34,2252.87,2260.12,228000.0
1706306400,2260.12,2272.0,2258.13,2268.17,265508.0
1706310000,2268.16,2270.44,2264.07,2267.74,227211.0
1706313600,2267.74,2281.0,2265.6,2280.38,530038.0
1706317200,2280.38,2284.4,2268.0,2270.63,412644.0
1706320800,2270.64,2275.88,2269.9,2275.1,210364.0
1706324400,2275.09,2277.29,2271.62,2274.17,202488.0
1706328000,2274.16,2276.67,2273.02,2274.9,106852.0
1706331600,2274.9,2275.0,2260.89,2263.95,350121.0
1706335200,2263.94,2267.49,2263.0,2264.38,191567.0
1706338800,2264.38,2267.01,2253.16,2258.83,618180.0
1706342400,2258.83,2260.97,2251.56,2253.94,431455.0
1706346000,2253.93,2268.57,2251.7,2266.37,487157.0
1706349600,2266.37,2272.77,2262.07,2263.49,320349.0
1706353200,2263.48,2271.24,2261.69,2266.03,246418.0
1706356800,2266.03,2270.68,2261.81,2263.33,208410.0
1706360400,2263.5,2269.0,2262.28,2267.93,127659.0
1706364000,2267.92,2275.76,2267.09,2269.21,351603.0
1706367600,2269.22,2274.44,2267.12,2269.98,194011.0
1706371200,2269.99,2273.63,2262.8,2263.96,300564.0
1706374800,2263.97,2267.76,2261.65,2265.7,147059.0
1706378400,2265.71,2271.44,2264.0,2267.23,123457.0
1706382000,2267.23,2277.73,2267.23,2272.94,215420.0
1706385600,2272.95,2275.8,2270.0,2271.63,96715.0
1706389200,2271.62,2274.95,2267.28,2272.76,147375.0
1706392800,2272.75,2273.41,2263.98,2266.06,187043.0
1706396400,2266.06,2268.71,2261.67,2268.14,154717.0
1706400000,2268.13,2268.71,2263.16,2267.45,206163.0
1706403600,2267.44,2289.99,2267.44,2278.74,939312.0
1706407200,2278.74,2284.3,2276.0,2278.97,232795.0
1706410800,2278.97,2288.85,2278.5,2286.9,288897.0
1706414400,2286.9,2305.58,2284.52,2303.68,1082874.0
1706418000,2303.68,2309.0,2286.31,2290.65,838252.0
1706421600,2290.65,2291.48,2283.31,2287.51,304582.0
1706425200,2287.52,2293.69,2281.53,2282.98,317079.0
1706428800,2282.99,2290.94,2277.27,2285.77,488483.0
1706432400,2285.76,2301.86,2284.47,2294.54,427430.0
1706436000,2294.53,2295.99,2287.67,2293.61,425140.0
1706439600,2293.61,2294.64,2276.46,2281.15,473766.0
1706443200,2281.15,2282.4,2268.4,2276.77,684818.0
1706446800,2276.76,2282.0,2271.4,2279.33,266630.0
1706450400,2279.32,2286.67,2263.0,2268.02,666082.0
1706454000,2268.02,2275.97,2262.36,2270.29,480587.0
1706457600,2270.3,2276.41,2267.17,2274.61,295227.0
1706461200,2274.61,2274.96,2262.56,2269.64,335319.0
1706464800,2269.64,2270.88,2256.6,2261.21,400478.0
1706468400,2261.21,2266.45,2245.51,2253.77,619521.0
1706472000,2253.93,2263.3,2249.15,2261.81,314328.0
1706475600,2261.81,2266.35,2258.46,2263.45,170477.0
1706479200,2263.45,2264.05,2238.0,2249.71,482956.0
1706482800,2249.7,2260.36,2245.34,2256.9,330614.0
1706486400,2256.89,2262.64,2250.5,2257.62,391471.0
1706490000,2257.63,2274.65,2257.31,2264.63,568140.0
1706493600,2264.63,2271.53,2263.17,2268.78,271077.0
1706497200,2268.79,2278.43,2268.79,2271.91,428607.0
1706500800,2271.9,2274.29,2266.44,2268.75,190615.0
1706504400,2268.74,2270.81,2263.53,2264.69,195122.0
1706508000,2264.69,2270.55,2264.33,2267.53,223139.0
1706511600,2267.56,2271.36,2258.03,2259.05,507413.0
1706515200,2259.05,2264.58,2253.4,2262.89,411073.0
1706518800,2262.89,2273.92,2254.85,2273.91,501086.0
1706522400,2273.92,2277.39,2269.24,2275.55,444822.0
1706526000,2275.55,2276.4,2261.02,2264.63,389974.0
1706529600,2264.63,2269.8,2255.5,2256.0,620673.0
1706533200,2256.0,2256.4,2239.22,2244.89,1036144.0
1706536800,2244.89,2252.35,2233.05,2244.66,877941.0
1706540400,2244.67,2276.31,2239.87,2276.02,1327301.0
1706544000,2276.01,2302.87,2265.29,2299.8,2448449.0
1706547600,2299.55,2315.0,2295.92,2302.69,1401043.0
1706551200,2302.69,2313.63,2295.05,2300.55,668622.0
1706554800,2300.55,2305.28,2292.05,2293.33,253717.0
1706558400,2293.34,2304.19,2292.2,2302.56,301253.0
1706562000,2302.56,2311.53,2300.6,2305.87,298891.0
1706565600,2305.86,2323.0,2305.48,2311.79,504591.0
1706569200,2311.61,2317.74,2310.05,2317.21,235584.0
1706572800,2317.22,2317.99,2304.48,2304.83,367406.0
1706576400,2304.83,2325.64,2303.71,2314.85,676829.0
1706580000,2314.85,2327.96,2314.67,2317.36,571587.0
1706583600,2317.37,2319.77,2310.0,2311.12,359709.0
1706587200,2311.13,2314.72,2308.2,2311.24,243919.0
1706590800,2311.24,2313.74,2304.27,2305.16,268823.0
1706594400,2305.15,2309.67,2301.11,2304.19,310927.0
1706598000,2304.19,2313.93,2302.72,2308.92,335672.0
1706601600,2308.91,2312.95,2302.07,2308.27,312339.0
1706605200,2308.28,2309.13,2303.38,2304.29,221505.0
1706608800,2304.28,2316.0,2302.5,2314.36,390335.0
1706612400,2314.37,2317.76,2310.5,2313.55,254385.0
1706616000,2313.55,2333.0,2297.39,2306.65,1880231.0
1706619600,2306.65,2313.95,2295.55,2305.6,783293.0
1706623200,2305.59,2316.27,2298.51,2313.52,694724.0
1706626800,2313.6,2347.86,2303.39,2340.87,1970712.0
1706630400,2340.87,2370.01,2335.23,2369.45,2404440.0
1706634000,2369.45,2379.95,2364.36,2370.0,1248292.0
1706637600,2370.01,2381.88,2364.0,2376.53,669162.0
1706641200,2376.54,2378.09,2368.82,2374.55,263985.0
1706644800,2374.55,2385.3,2373.07,2373.58,473785.0
1706648400,2373.59,2393.81,2370.06,2380.19,508359.0
1706652000,2380.2,2381.81,2365.08,2365.68,277643.0
1706655600,2365.68,2368.58,2337.28,2343.61,1297828.0
1706659200,2343.6,2352.16,2331.08,2340.3,1034799.0
1706662800,2340.31,2346.66,2327.78,2332.62,594063.0
1706666400,2332.6,2339.65,2327.34,2338.73,471257.0
1706670000,2338.72,2344.57,2338.39,2343.21,351374.0
1706673600,2343.21,2344.79,2336.37,2342.29,242850.0
1706677200,2342.3,2344.5,2334.4,2339.03,305601.0
1706680800,2339.02,2341.98,2331.13,2332.34,369167.0
1706684400,2332.33,2342.46,2330.0,2340.85,379648.0
1706688000,2340.85,2343.46,2335.4,2339.01,337694.0
1706691600,2339.0,2339.22,2308.51,2311.31,1205606.0
1706695200,2311.34,2313.9,2281.5,2284.0,1703947.0
1706698800,2284.01,2300.89,2280.3,2299.59,806282.0
1706702400,2299.58,2306.67,2296.77,2304.1,530939.0
1706706000,2304.1,2317.99,2298.5,2312.22,868741.0
1706709600,2312.22,2314.55,2298.1,2307.0,706001.0
1706713200,2307.0,2333.35,2291.13,2329.17,1807906.0
1706716800,2329.17,2347.43,2324.81,2345.47,1145075.0
1706720400,2345.47,2350.77,2337.51,2346.97,687415.0
1706724000,2346.92,2347.89,2328.98,2335.35,449121.0
1706727600,2335.21,2342.52,2308.35,2323.29,1119998.0
1706731200,2323.3,2324.8,2286.03,2287.87,1287970.0
1706734800,2287.86,2292.46,2263.0,2279.33,1062258.0
1706738400,2279.32,2288.47,2269.07,2286.01,375764.0
1706742000,2286.0,2289.2,2282.33,2283.43,281611.0
1706745600,2283.44,2290.0,2272.16,2283.71,513899.0
1706749200,2283.71,2284.94,2238.0,2245.61,1809187.0
1706752800,2245.6,2261.22,2243.33,2260.86,575413.0
1706756400,2260.87,2263.75,2255.88,2257.24,377908.0
1706760000,2257.25,2269.54,2252.11,2262.69,568924.0
1706763600,2262.7,2268.74,2262.0,2268.35,219654.0
1706767200,2268.35,2274.56,2268.01,2274.56,390442.0
1706770800,2274.56,2277.99,2271.14,2271.68,381816.0
1706774400,2271.69,2273.79,2265.92,2272.43,404295.0
1706778000,2272.44,2276.47,2265.26,2267.81,313724.0
1706781600,2267.82,2278.0,2266.0,2267.9,400535.0
1706785200,2267.91,2273.01,2265.27,2266.5,204977.0
1706788800,2266.5,2274.71,2263.01,2270.81,486258.0
1706792400,2270.81,2277.8,2263.17,2271.84,509458.0
1706796000,2271.84,2299.99,2270.23,2297.0,1593398.0
1706799600,2297.04,2308.71,2287.14,2288.39,1450488.0
1706803200,2288.55,2294.3,2266.98,2292.23,1192066.0
1706806800,2292.24,2312.65,2291.42,2304.99,1136059.0
1706810400,2305.0,2307.69,2292.73,2295.85,462775.0
1706814000,2295.86,2309.7,2291.18,2304.66,382909.0
1706817600,2304.67,2306.77,2296.04,2299.34,257811.0
1706821200,2299.25,2309.98,2297.0,2304.2,249748.0
1706824800,2304.2,2304.54,2285.13,2297.02,352257.0
1706828400,2297.01,2304.85,2294.8,2304.13,193924.0
1706832000,2304.12,2321.82,2300.64,2310.6,811409.0
1706835600,2310.61,2317.68,2305.64,2305.99,276968.0
1706839200,2305.99,2307.42,2298.26,2301.86,346291.0
1706842800,2301.85,2305.37,2300.6,2301.58,219782.0
1706846400,2301.55,2305.56,2296.81,2298.32,236116.0
1706850000,2298.33,2307.77,2296.8,2305.06,253944.0
1706853600,2305.06,2314.76,2304.04,2310.1,355854.0
1706857200,2310.1,2319.91,2307.77,2313.24,520014.0
1706860800,2313.23,2314.79,2305.73,2310.35,365288.0
1706864400,2310.35,2313.69,2307.17,2310.0,240383.0
1706868000,2309.97,2312.76,2305.02,2311.74,296480.0
1706871600,2311.74,2319.1,2309.12,2317.94,333142.0
1706875200,2317.93,2324.8,2313.0,2314.25,665214.0
1706878800,2314.25,2315.69,2288.49,2292.52,1360289.0
1706882400,2292.52,2298.45,2281.12,2292.33,957595.0
1706886000,2292.33,2318.63,2291.0,2314.2,1220013.0
1706889600,2314.19,2324.45,2301.01,2305.63,1049800.0
1706893200,2305.64,2312.28,2288.99,2292.92,524528.0
1706896800,2292.92,2296.58,2286.08,2294.71,428901.0
1706900400,2294.71,2302.06,2292.87,2301.41,341875.0
1706904000,2301.49,2304.0,2295.3,2298.04,195536.0
1706907600,2298.03,2302.29,2296.76,2296.77,91780.0
1706911200,2296.77,2311.14,2296.45,2309.06,226967.0
1706914800,2309.06,2310.65,2305.88,2309.74,182677.0
1706918400,2309.73,2321.68,2307.36,2313.74,475609.0
1706922000,2313.75,2330.92,2313.74,2325.83,599418.0
1706925600,2325.84,2327.26,2319.15,2322.87,277521.0
1706929200,2322.88,2326.43,2320.3,2321.11,172069.0
1706932800,2321.07,2325.59,2320.18,2321.11,140912.0
1706936400,2321.11,2325.38,2320.4,2324.42,181720.0
1706940000,2324.41,2324.45,2316.57,2321.01,248807.0
1706943600,2321.0,2321.57,2313.08,2314.19,218136.0
1706947200,2314.19,2316.31,2306.48,2308.49,300202.0
1706950800,2308.5,2316.76,2308.49,2314.95,266909.0
1706954400,2314.94,2315.23,2310.82,2314.13,111213.0
1706958000,2314.14,2314.14,2299.41,2303.96,582953.0
1706961600,2303.95,2307.84,2302.46,2305.51,268656.0
1706965200,2305.52,2308.74,2303.45,2307.62,170897.0
1706968800,2307.62,2307.88,2301.0,2301.94,219113.0
1706972400,2301.95,2310.4,2290.35,2303.7,866876.0
1706976000,2303.7,2313.69,2303.33,2305.99,478724.0
1706979600,2305.94,2312.16,2304.06,2308.9,197780.0
1706983200,2308.9,2309.42,2296.28,2298.91,357880.0
1706986800,2298.91,2303.7,2297.01,2303.7,116977.0
1706990400,2303.7,2306.2,2300.11,2302.82,194314.0
1706994000,2302.82,2305.62,2296.79,2300.51,230834.0
1706997600,2300.51,2301.91,2297.01,2298.12,125572.0
1707001200,2298.12,2300.99,2293.12,2296.55,197904.0
1707004800,2296.55,2299.59,2291.0,2299.59,271370.0
1707008400,2299.59,2307.81,2296.42,2305.63,327212.0
1707012000,2305.62,2307.29,2303.03,2304.11,163016.0
1707015600,2304.11,2306.11,2302.6,2303.1,106380.0
1707019200,2303.11,2303.65,2293.72,2297.55,244245.0
1707022800,2297.54,2304.3,2296.42,2300.18,142078.0
1707026400,2300.17,2303.0,2286.58,2287.0,575736.0
1707030000,2286.99,2293.34,2286.65,2290.73,334076.0
1707033600,2290.72,2293.5,2289.61,2290.46,128739.0
1707037200,2290.46,2306.27,2286.18,2303.89,725572.0
1707040800,2303.89,2305.52,2297.1,2300.81,285619.0
1707044400,2300.82,2310.82,2299.62,2305.63,341584.0
1707048000,2305.63,2309.97,2303.16,2303.16,221434.0
1707051600,2303.16,2307.71,2302.63,2304.47,141116.0
1707055200,2304.48,2307.49,2296.73,2299.06,321777.0
1707058800,2299.07,2305.85,2297.43,2301.8,392262.0
1707062400,2301.79,2303.95,2298.89,2303.94,180976.0
1707066000,2303.94,2308.5,2297.73,2306.32,341597.0
1707069600,2306.32,2309.19,2293.44,2294.56,375304.0
1707073200,2294.46,2295.73,2262.6,2279.55,1443037.0
1707076800,2279.55,2312.5,2273.47,2304.33,1001294.0
1707080400,2304.32,2310.59,2300.26,2300.84,529501.0
1707084000,2300.85,2302.99,2275.02,2288.25,595210.0
1707087600,2288.25,2291.93,2283.68,2290.01,253894.0
1707091200,2290.01,2295.59,2279.03,2280.64,425734.0
1707094800,2280.64,2284.89,2268.8,2283.08,536445.0
1707098400,2283.07,2283.75,2277.14,2282.0,168774.0
1707102000,2281.99,2298.84,2281.52,2296.8,419731.0
1707105600,2296.79,2299.98,2292.33,2295.33,336737.0
1707109200,2295.34,2295.68,2289.32,2295.57,246776.0
1707112800,2295.57,2302.87,2293.94,2301.17,314455.0
1707116400,2301.17,2312.31,2298.38,2310.27,702849.0
1707120000,2310.27,2324.81,2310.26,2321.67,942633.0
1707123600,2321.68,2325.05,2314.38,2320.59,397152.0
1707127200,2320.59,2333.5,2320.59,2322.34,793909.0
1707130800,2322.34,2329.5,2321.67,2329.14,348846.0
1707134400,2329.07,2331.0,2322.0,2324.82,469096.0
1707138000,2324.82,2338.76,2322.14,2329.79,822599.0
1707141600,2329.78,2333.23,2316.78,2318.3,558921.0
1707145200,2318.31,2318.51,2293.17,2298.0,1706363.0
1707148800,2298.0,2302.5,2290.23,2301.41,924845.0
1707152400,2301.42,2307.71,2297.05,2302.58,306623.0
1707156000,2302.57,2305.2,2294.39,2301.5,250355.0
1707159600,2301.51,2313.26,2300.67,2304.86,252475.0
1707163200,2304.79,2306.22,2283.12,2294.54,650909.0
1707166800,2294.54,2295.64,2286.11,2289.22,263971.0
1707170400,2289.21,2296.62,2286.45,2295.07,257819.0
1707174000,2295.07,2302.6,2291.76,2302.19,304676.0
1707177600,2302.19,2303.39,2299.06,2302.8,234393.0
1707181200,2302.8,2312.67,2300.43,2307.33,371376.0
1707184800,2307.33,2329.97,2306.0,2324.5,1151826.0
1707188400,2324.49,2328.65,2313.04,2316.54,473731.0
1707192000,2316.55,2319.53,2312.68,2314.96,283823.0
1707195600,2314.96,2315.98,2307.76,2314.15,417201.0
1707199200,2314.16,2317.57,2309.04,2317.01,289114.0
1707202800,2317.01,2327.98,2311.32,2326.9,727808.0
1707206400,2326.9,2337.98,2322.99,2336.27,1077092.0
1707210000,2336.27,2337.5,2327.76,2334.22,458876.0
1707213600,2334.23,2343.99,2315.55,2326.3,1476207.0
1707217200,2326.18,2330.65,2316.67,2324.93,759205.0
1707220800,2324.92,2332.0,2309.98,2325.98,1203356.0
1707224400,2325.98,2349.65,2319.17,2337.5,1725908.0
1707228000,2337.5,2347.84,2331.0,2338.57,827518.0
1707231600,2338.56,2347.0,2331.38,2343.82,703885.0
1707235200,2343.82,2362.96,2340.25,2347.07,1403380.0
1707238800,2347.06,2365.99,2345.27,2353.84,565600.0
1707242400,2353.84,2365.99,2348.6,2363.71,410475.0
1707246000,2363.7,2379.7,2359.4,2378.8,807490.0
1707249600,2378.8,2392.58,2375.52,2379.5,1179221.0
1707253200,2379.5,2386.05,2374.8,2380.19,271670.0
1707256800,2380.18,2384.29,2375.66,2381.48,276201.0
1707260400,2381.48,2383.98,2371.48,2372.42,271596.0
1707264000,2372.41,2390.3,2371.8,2379.67,455116.0
1707267600,2379.67,2387.97,2375.21,2376.0,307185.0
1707271200,2376.0,2380.77,2374.14,2375.72,210728.0
1707274800,2375.72,2377.32,2363.0,2364.87,579286.0
1707278400,2364.87,2368.93,2356.84,2361.27,573065.0
1707282000,2361.28,2368.45,2357.5,2366.21,327190.0
1707285600,2366.22,2366.73,2360.5,2364.53,188442.0
1707289200,2364.52,2369.0,2360.67,2363.58,188432.0
1707292800,2363.58,2365.85,2357.27,2363.66,321470.0
1707296400,2363.66,2378.53,2361.4,2371.78,649370.0
1707300000,2371.78,2372.17,2353.33,2356.23,619131.0
1707303600,2356.22,2363.28,2354.8,2362.22,390982.0
1707307200,2362.21,2373.88,2361.26,2372.79,469686.0
1707310800,2372.79,2376.77,2365.6,2372.5,485029.0
1707314400,2372.51,2386.18,2362.09,2365.99,1023944.0
1707318000,2366.0,2376.87,2361.14,2369.86,538819.0
1707321600,2369.86,2402.23,2368.8,2397.99,1531027.0
1707325200,2398.0,2424.0,2396.0,2410.43,2232061.0
1707328800,2410.44,2418.75,2405.8,2417.6,434383.0
1707332400,2417.61,2426.31,2413.0,2419.69,608212.0
1707336000,2419.69,2445.79,2419.68,2439.38,1197996.0
1707339600,2439.38,2440.0,2425.57,2430.5,437830.0
1707343200,2430.5,2432.13,2422.05,2425.68,228395.0
1707346800,2425.68,2430.0,2422.66,2425.33,225326.0
1707350400,2425.33,2437.94,2423.85,2435.14,605594.0
1707354000,2435.15,2443.8,2430.36,2441.53,507973.0
1707357600,2441.54,2444.47,2430.52,2434.61,372594.0
1707361200,2434.61,2436.96,2432.31,2433.45,194197.0
1707364800,2433.45,2435.28,2426.17,2427.58,246041.0
1707368400,2427.58,2429.33,2422.44,2423.87,337352.0
1707372000,2423.86,2424.24,2420.01,2420.56,275552.0
1707375600,2420.57,2425.9,2411.92,2421.88,604788.0
1707379200,2421.88,2428.75,2421.82,2424.62,427643.0
1707382800,2424.62,2427.49,2420.96,2424.3,246588.0
1707386400,2424.3,2429.92,2421.25,2423.16,289528.0
1707390000,2423.15,2426.2,2415.76,2425.4,335282.0
1707393600,2425.4,2429.64,2417.51,2422.45,369891.0
1707397200,2422.49,2425.39,2417.3,2425.39,423076.0
1707400800,2425.44,2444.75,2420.01,2438.61,1500584.0
1707404400,2438.61,2465.0,2428.33,2454.04,1964077.0
1707408000,2453.82,2455.79,2413.11,2425.0,1575786.0
1707411600,2425.05,2437.56,2418.0,2425.0,907090.0
1707415200,2425.0,2433.55,2421.4,2431.2,377835.0
1707418800,2431.16,2433.13,2421.53,2421.99,230535.0
1707422400,2421.99,2434.97,2421.64,2427.99,327594.0
1707426000,2427.92,2429.9,2422.15,2426.03,216830.0
1707429600,2426.03,2431.55,2423.9,2424.88,166222.0
1707433200,2424.88,2428.95,2418.04,2420.01,231256.0
1707436800,2420.02,2425.64,2419.38,2424.37,182106.0
1707440400,2424.37,2429.34,2422.68,2425.62,200168.0
1707444000,2425.61,2460.37,2424.13,2458.04,1270098.0
1707447600,2458.03,2467.63,2442.94,2448.89,1196675.0
1707451200,2448.89,2456.67,2443.23,2446.28,466217.0
1707454800,2446.27,2454.88,2440.33,2453.97,378407.0
1707458400,2453.97,2454.16,2446.1,2448.78,238493.0
1707462000,2448.78,2463.99,2448.08,2453.62,516058.0
1707465600,2453.63,2477.76,2453.48,2476.55,938359.0
1707469200,2476.55,2480.9,2466.7,2467.34,701369.0
1707472800,2467.35,2474.8,2462.6,2474.8,382113.0
1707476400,2474.8,2508.11,2466.3,2502.94,1730968.0
1707480000,2502.94,2526.99,2498.45,2514.44,2031207.0
1707483600,2514.43,2521.43,2510.51,2513.09,763219.0
1707487200,2513.11,2519.65,2481.03,2494.02,2173204.0
1707490800,2494.03,2501.52,2476.65,2494.86,1018633.0
1707494400,2494.87,2503.63,2478.24,2486.75,670024.0
1707498000,2486.76,2501.38,2484.63,2497.38,630696.0
1707501600,2497.38,2524.4,2493.76,2501.37,1480841.0
1707505200,2501.36,2502.4,2481.0,2486.14,577185.0
1707508800,2486.14,2495.88,2486.14,2490.55,240656.0
1707512400,2490.55,2507.72,2484.32,2503.13,407099.0
1707516000,2503.16,2506.56,2487.5,2495.94,286596.0
1707519600,2495.94,2499.33,2485.39,2487.13,225574.0
1707523200,2487.13,2497.0,2485.2,2486.8,261020.0
1707526800,2486.81,2505.79,2483.55,2498.66,369887.0
1707530400,2498.66,2507.36,2496.84,2506.25,198055.0
1707534000,2506.24,2515.52,2506.24,2512.8,263023.0
1707537600,2512.8,2516.88,2506.0,2506.81,214922.0
1707541200,2506.8,2508.77,2501.08,2504.6,175431.0
1707544800,2504.6,2508.03,2504.0,2504.81,114947.0
1707548400,2504.82,2507.58,2494.11,2495.38,259189.0
1707552000,2495.38,2499.45,2485.55,2485.86,364186.0
1707555600,2485.85,2495.0,2485.6,2488.09,264497.0
1707559200,2488.09,2492.5,2470.53,2474.73,901451.0
1707562800,2474.73,2483.7,2473.8,2483.7,417098.0
1707566400,2483.7,2492.72,2481.21,2488.49,344119.0
1707570000,2488.49,2492.99,2481.17,2490.22,322779.0
1707573600,2490.23,2497.39,2488.64,2492.8,188882.0
1707577200,2492.8,2496.55,2488.01,2490.42,175526.0
1707580800,2490.37,2494.79,2487.13,2491.94,158989.0
1707584400,2491.93,2492.98,2483.61,2485.0,194053.0
1707588000,2485.0,2493.48,2483.34,2490.8,129949.0
1707591600,2490.8,2497.71,2488.77,2497.7,157685.0
1707595200,2497.7,2511.8,2493.1,2506.16,439411.0
1707598800,2506.15,2516.72,2506.15,2510.83,378407.0
1707602400,2510.83,2511.31,2490.88,2495.68,409795.0
1707606000,2495.68,2506.62,2494.41,2500.2,271815.0
1707609600,2500.25,2505.16,2493.55,2504.26,228129.0
1707613200,2504.26,2515.4,2502.81,2507.21,470792.0
1707616800,2507.21,2512.6,2505.04,2506.45,177386.0
1707620400,2506.45,2529.62,2504.76,2529.55,849356.0
1707624000,2529.55,2539.07,2514.62,2517.44,921518.0
1707627600,2517.44,2525.69,2516.83,2523.03,319183.0
1707631200,2523.02,2534.3,2521.7,2530.65,438745.0
1707634800,2530.64,2532.73,2522.28,2527.54,281512.0
1707638400,2527.53,2540.8,2523.23,2525.15,572366.0
1707642000,2525.16,2529.59,2521.33,2523.54,289522.0
1707645600,2523.54,2524.35,2512.14,2521.87,413852.0
1707649200,2521.87,2532.0,2520.5,2531.36,338688.0
1707652800,2531.36,2533.0,2522.19,2522.69,302155.0
1707656400,2522.7,2525.06,2509.21,2510.74,562191.0
1707660000,2510.75,2515.79,2505.2,2514.48,434759.0
1707663600,2514.49,2514.49,2505.58,2509.33,206639.0
1707667200,2509.33,2513.0,2501.41,2508.38,372065.0
1707670800,2508.38,2523.68,2508.04,2511.66,500830.0
1707674400,2511.66,2513.53,2496.42,2507.11,588264.0
1707678000,2507.12,2510.9,2504.89,2508.02,96761.0
1707681600,2508.02,2514.97,2492.39,2497.28,358432.0
1707685200,2497.28,2504.55,2496.33,2503.62,244186.0
1707688800,2503.61,2507.72,2498.53,2500.15,135191.0
1707692400,2500.04,2507.53,2498.18,2507.53,141579.0
1707696000,2507.55,2526.0,2505.03,2514.99,657896.0
1707699600,2514.99,2516.42,2505.41,2515.15,322324.0
1707703200,2515.15,2518.58,2493.15,2503.56,546511.0
1707706800,2503.55,2504.99,2497.08,2500.32,277162.0
1707710400,2500.36,2502.06,2494.24,2495.35,192499.0
1707714000,2495.34,2501.0,2494.57,2494.67,166786.0
1707717600,2494.67,2499.3,2481.12,2494.26,805858.0
1707721200,2494.47,2504.68,2491.53,2501.98,503708.0
1707724800,2501.97,2506.0,2489.01,2489.84,381387.0
1707728400,2489.84,2491.11,2472.0,2477.75,782903.0
1707732000,2477.74,2485.67,2473.0,2481.05,495299.0
1707735600,2481.06,2488.62,2477.34,2488.34,253025.0
1707739200,2488.34,2490.0,2481.13,2489.36,270649.0
1707742800,2489.38,2489.38,2483.03,2487.37,137840.0
1707746400,2487.38,2531.45,2486.39,2529.2,1876282.0
1707750000,2529.21,2564.15,2521.42,2558.82,2496624.0
1707753600,2558.84,2560.34,2537.07,2553.45,1171978.0
1707757200,2553.45,2620.0,2551.36,2610.82,3474154.0
1707760800,2610.83,2637.26,2605.24,2623.64,1318771.0
1707764400,2623.64,2642.87,2610.26,2612.44,952876.0
1707768000,2612.45,2655.16,2612.44,2644.0,756966.0
1707771600,2644.01,2655.55,2630.51,2633.02,635702.0
1707775200,2633.06,2668.34,2633.06,2656.0,633274.0
1707778800,2656.01,2664.77,2647.28,2660.56,432036.0
1707782400,2660.56,2688.88,2660.56,2668.82,1238908.0
1707786000,2668.82,2682.0,2664.02,2678.09,594218.0
1707789600,2678.09,2681.36,2655.0,2656.22,618337.0
1707793200,2656.22,2659.47,2637.04,2641.86,767535.0
1707796800,2641.87,2652.85,2639.0,2647.09,380790.0
1707800400,2647.09,2654.45,2643.62,2652.83,246121.0
1707804000,2652.84,2654.77,2645.36,2647.39,186483.0
1707807600,2647.38,2652.56,2641.01,2649.34,276641.0
1707811200,2649.34,2666.57,2647.65,2664.28,545258.0
1707814800,2664.28,2683.77,2657.38,2678.21,652228.0
1707818400,2678.21,2680.64,2664.25,2668.32,743870.0
1707822000,2668.31,2686.98,2658.01,2681.96,930398.0
1707825600,2681.96,2686.67,2666.71,2674.99,583440.0
1707829200,2675.0,2678.0,2610.72,2644.31,3031522.0
1707832800,2644.31,2655.02,2587.08,2633.99,3729389.0
1707836400,2634.0,2644.43,2610.01,2632.22,1538925.0
1707840000,2632.22,2641.42,2601.42,2604.16,1134147.0
1707843600,2604.17,2621.47,2593.07,2620.99,1090408.0
1707847200,2620.98,2637.19,2619.02,2630.84,578927.0
1707850800,2630.84,2635.56,2610.02,2611.8,491354.0
1707854400,2611.8,2631.83,2611.0,2628.62,492533.0
1707858000,2628.87,2649.87,2627.7,2631.91,596229.0
1707861600,2631.91,2637.58,2613.52,2636.13,362498.0
1707865200,2636.13,2643.0,2627.6,2640.44,237416.0
1707868800,2640.44,2642.05,2623.07,2631.28,491284.0
1707872400,2631.39,2637.28,2621.39,2623.02,302718.0
1707876000,2623.03,2635.49,2618.6,2634.65,267205.0
1707879600,2634.64,2645.0,2634.03,2637.42,311331.0
1707883200,2637.42,2641.17,2620.14,2627.0,578358.0
1707886800,2627.0,2643.0,2626.66,2641.4,372224.0
1707890400,2641.4,2649.99,2639.08,2644.78,482196.0
1707894000,2644.77,2654.73,2644.77,2652.11,445598.0
1707897600,2652.12,2713.44,2647.3,2707.63,2074285.0
1707901200,2707.63,2748.38,2706.9,2746.29,3095319.0
1707904800,2746.28,2762.72,2738.59,2754.03,1567186.0
1707908400,2754.03,2759.13,2737.28,2756.51,1032348.0
1707912000,2756.77,2759.96,2733.37,2740.25,927042.0
1707915600,2740.36,2775.51,2739.05,2766.12,1040244.0
1707919200,2766.13,2774.41,2753.44,2759.48,1262528.0
1707922800,2759.49,2761.74,2730.04,2749.99,1280263.0
1707926400,2749.99,2750.85,2728.61,2739.81,757159.0
1707930000,2739.81,2750.31,2734.66,2742.44,405658.0
1707933600,2742.43,2753.11,2726.92,2751.16,627792.0
1707937200,2751.16,2766.64,2741.02,2762.13,608344.0
1707940800,2762.13,2768.47,2755.53,2765.03,400487.0
1707944400,2765.03,2787.77,2756.43,2779.67,579409.0
1707948000,2779.67,2784.05,2764.23,2772.33,285477.0
1707951600,2772.34,2784.0,2768.21,2775.34,295686.0
1707955200,2775.09,2827.97,2772.0,2818.41,1790587.0
1707958800,2818.4,2818.51,2772.01,2778.61,1127197.0
1707962400,2778.69,2798.33,2777.04,2787.32,643987.0
1707966000,2787.32,2804.2,2786.47,2801.85,423304.0
1707969600,2801.84,2819.93,2783.61,2796.73,972237.0
1707973200,2796.73,2797.66,2759.75,2771.87,907117.0
1707976800,2771.88,2783.55,2769.55,2778.32,500627.0
1707980400,2778.31,2786.66,2758.0,2772.4,595840.0
1707984000,2772.41,2784.31,2769.0,2781.57,330352.0
1707987600,2781.57,2795.5,2780.09,2790.44,511807.0
1707991200,2790.44,2803.65,2786.96,2800.11,559871.0
1707994800,2800.12,2802.0,2784.41,2793.42,534968.0
1707998400,2793.42,2804.84,2775.54,2797.99,793914.0
1708002000,2798.0,2816.06,2790.0,2811.09,1090315.0
1708005600,2811.09,2858.68,2799.32,2852.69,2536047.0
1708009200,2852.7,2868.86,2813.02,2827.16,3047981.0
1708012800,2827.15,2842.05,2804.0,2830.24,1609610.0
1708016400,2830.23,2837.5,2814.0,2816.07,540589.0
1708020000,2816.08,2832.87,2806.39,2825.74,542052.0
1708023600,2825.75,2839.71,2811.24,2835.26,497386.0
1708027200,2835.25,2843.98,2814.71,2829.73,416691.0
1708030800,2829.89,2847.29,2786.33,2794.56,1002485.0
1708034400,2794.56,2822.75,2791.47,2814.16,491008.0
1708038000,2814.16,2825.81,2811.09,2823.52,295845.0
1708041600,2823.52,2843.2,2820.89,2838.61,547323.0
1708045200,2838.63,2858.0,2837.19,2843.37,712806.0
1708048800,2843.36,2851.0,2836.35,2847.19,311107.0
1708052400,2847.05,2857.3,2840.03,2846.63,493066.0
1708056000,2846.64,2851.33,2835.26,2838.02,317157.0
1708059600,2838.03,2847.54,2836.0,2841.9,236866.0
1708063200,2841.89,2852.66,2830.52,2833.5,494943.0
1708066800,2833.5,2835.81,2812.66,2816.06,874442.0
1708070400,2816.07,2831.25,2814.0,2817.18,712112.0
1708074000,2817.18,2818.51,2793.44,2809.58,1103821.0
1708077600,2809.57,2828.97,2805.29,2828.45,640701.0
1708081200,2828.45,2837.27,2819.0,2824.0,771141.0
1708084800,2823.81,2848.75,2818.83,2845.14,921468.0
1708088400,2845.14,2848.26,2826.51,2841.07,784926.0
1708092000,2840.76,2844.84,2782.79,2798.69,2222672.0
1708095600,2798.68,2798.69,2735.33,2776.46,2568853.0
1708099200,2776.46,2808.0,2773.0,2785.45,1546306.0
1708102800,2785.45,2791.37,2766.4,2777.96,692375.0
1708106400,2777.97,2783.0,2765.11,2781.42,406325.0
1708110000,2781.42,2786.19,2755.77,2763.14,449309.0
1708113600,2763.13,2782.58,2757.84,2782.49,403355.0
1708117200,2782.17,2792.39,2775.21,2791.26,234656.0
1708120800,2791.27,2791.5,2785.27,2789.64,126211.0
1708124400,2789.4,2811.7,2787.3,2802.56,454495.0
1708128000,2802.56,2804.99,2796.18,2796.98,225584.0
1708131600,2796.99,2798.11,2777.4,2787.09,429044.0
1708135200,2787.1,2795.36,2786.0,2789.54,226021.0
1708138800,2789.54,2794.59,2786.0,2793.39,152855.0
1708142400,2793.4,2797.2,2788.59,2793.63,153015.0
1708146000,2793.63,2794.89,2779.45,2785.81,280720.0
1708149600,2785.82,2790.85,2783.4,2787.51,162871.0
1708153200,2787.52,2798.5,2786.06,2795.29,288464.0
1708156800,2795.3,2795.3,2771.98,2775.01,656461.0
1708160400,2775.01,2780.7,2768.19,2775.77,481509.0
1708164000,2775.78,2780.5,2763.26,2780.3,671661.0
1708167600,2780.3,2785.93,2778.34,2780.81,282394.0
1708171200,2780.8,2787.77,2773.0,2783.39,343253.0
1708174800,2783.39,2783.69,2741.0,2744.0,1643000.0
1708178400,2744.01,2756.18,2718.29,2740.45,1812458.0
1708182000,2740.44,2757.99,2731.59,2755.1,803967.0
1708185600,2755.11,2759.68,2743.39,2756.08,392534.0
1708189200,2756.29,2771.94,2756.03,2768.53,453485.0
1708192800,2768.53,2772.68,2764.25,2769.64,209837.0
1708196400,2769.64,2777.44,2767.91,2774.43,183177.0
1708200000,2774.44,2780.64,2771.61,2779.0,150642.0
1708203600,2779.01,2802.76,2774.78,2786.32,641876.0
1708207200,2786.33,2791.21,2780.08,2785.51,246985.0
1708210800,2785.51,2788.88,2780.28,2786.0,186534.0
1708214400,2786.0,2792.36,2777.24,2788.59,274710.0
1708218000,2788.59,2798.47,2776.71,2780.0,430117.0
1708221600,2780.0,2781.73,2760.03,2771.91,559564.0
1708225200,2771.9,2783.0,2769.0,2782.26,267636.0
1708228800,2782.25,2798.97,2782.25,2796.89,627649.0
1708232400,2796.9,2804.88,2794.73,2802.75,481833.0
1708236000,2802.75,2807.34,2778.01,2787.57,798111.0
1708239600,2787.58,2805.91,2782.09,2800.71,602309.0
1708243200,2800.59,2805.74,2796.24,2804.76,290443.0
1708246800,2804.76,2824.87,2804.75,2819.11,1062949.0
1708250400,2819.1,2823.39,2805.3,2809.51,459556.0
1708254000,2809.5,2810.0,2797.13,2803.34,373411.0
1708257600,2803.35,2807.77,2790.0,2792.16,477109.0
1708261200,2792.17,2798.0,2785.11,2786.84,443119.0
1708264800,2786.85,2813.88,2786.85,2809.77,797844.0
1708268400,2809.77,2810.0,2800.45,2807.21,282764.0
1708272000,2807.21,2807.96,2794.19,2805.87,386312.0
1708275600,2805.87,2822.87,2805.39,2812.41,618961.0
1708279200,2812.41,2836.65,2807.0,2835.29,676913.0
1708282800,2835.29,2846.0,2822.04,2828.02,591415.0
1708286400,2828.02,2833.69,2817.13,2827.93,273718.0
1708290000,2827.93,2848.0,2823.32,2847.43,306392.0
1708293600,2847.44,2899.0,2844.67,2882.26,1786101.0
1708297200,2882.25,2894.2,2867.5,2882.46,942252.0
1708300800,2882.46,2894.57,2865.68,2872.4,740165.0
1708304400,2872.38,2873.4,2856.86,2868.0,539204.0
1708308000,2868.0,2889.97,2867.99,2883.11,618738.0
1708311600,2883.11,2889.87,2875.23,2886.91,438483.0
1708315200,2886.9,2904.63,2880.46,2895.66,825094.0
1708318800,2895.65,2914.8,2881.14,2907.04,979751.0
1708322400,2907.04,2932.9,2905.02,2921.05,1657445.0
1708326000,2921.04,2929.69,2917.74,2925.5,498870.0
1708329600,2925.51,2927.46,2902.6,2907.64,815848.0
1708333200,2907.63,2921.0,2905.59,2908.82,556560.0
1708336800,2908.81,2918.46,2888.3,2911.24,865021.0
1708340400,2911.23,2917.39,2905.8,2913.24,307290.0
1708344000,2913.25,2919.81,2905.13,2906.48,433382.0
1708347600,2906.48,2913.45,2892.4,2894.41,654238.0
1708351200,2894.42,2908.87,2886.9,2901.21,648609.0
1708354800,2901.2,2921.48,2898.56,2909.25,629267.0
1708358400,2909.24,2938.0,2890.26,2898.18,1632612.0
1708362000,2898.19,2946.83,2886.8,2943.6,1822791.0
1708365600,2943.61,2956.22,2930.14,2933.5,1084501.0
1708369200,2933.5,2937.4,2921.06,2934.14,483150.0
1708372800,2934.15,2942.77,2927.23,2934.89,253521.0
1708376400,2934.89,2972.0,2932.94,2969.66,748200.0
1708380000,2969.66,2987.95,2960.17,2962.77,878246.0
1708383600,2962.76,2965.08,2931.67,2945.1,801000.0
1708387200,2945.09,2956.01,2928.54,2935.55,754758.0
1708390800,2935.55,2945.0,2901.35,2921.99,1386827.0
1708394400,2921.99,2930.55,2915.55,2926.65,464657.0
1708398000,2926.65,2930.97,2905.28,2907.47,447887.0
1708401600,2907.46,2926.32,2903.2,2924.34,614514.0
1708405200,2924.33,2936.56,2922.18,2927.62,422188.0
1708408800,2927.73,2935.18,2925.36,2930.27,321269.0
1708412400,2930.28,2931.64,2914.44,2920.76,392608.0
1708416000,2920.76,2923.17,2903.77,2916.67,660688.0
1708419600,2916.66,2921.71,2870.11,2901.06,2270063.0
1708423200,2901.06,2924.43,2900.56,2920.64,964267.0
1708426800,2920.42,2943.38,2920.42,2936.07,1332128.0
1708430400,2936.07,2955.77,2930.4,2931.9,1197613.0
1708434000,2931.89,3004.99,2927.61,2998.78,3899442.0
1708437600,2998.77,3008.0,2910.0,2939.48,4466135.0
1708441200,2939.48,2944.78,2897.22,2925.81,2611976.0
1708444800,2925.82,2934.94,2893.11,2898.0,1046369.0
1708448400,2898.0,2919.49,2885.61,2917.64,1256301.0
1708452000,2917.64,2933.68,2907.96,2930.8,602712.0
1708455600,2930.81,2988.38,2927.0,2986.95,1350968.0
1708459200,2986.96,2989.0,2966.15,2978.49,819809.0
1708462800,2978.5,2996.61,2970.67,2988.41,575875.0
1708466400,2988.53,3003.3,2983.23,2996.19,451264.0
1708470000,2996.18,3035.56,2995.65,3015.19,1436296.0
1708473600,3015.2,3017.68,2998.79,3004.04,597867.0
1708477200,3004.04,3004.93,2989.14,3000.69,469593.0
1708480800,3000.68,3013.5,2992.5,3010.0,604132.0
1708484400,3010.0,3011.08,3000.06,3005.8,459991.0
1708488000,3005.85,3010.1,2985.02,2998.0,700014.0
1708491600,2998.01,3009.6,2972.51,2976.76,938601.0
1708495200,2976.76,2980.96,2945.6,2951.96,1579679.0
1708498800,2951.96,2951.97,2919.0,2940.45,1711402.0
1708502400,2940.46,2957.62,2934.59,2941.86,1000637.0
1708506000,2941.86,2941.86,2885.97,2900.56,2669914.0
1708509600,2900.57,2926.96,2888.96,2916.32,1571475.0
1708513200,2916.4,2926.96,2887.35,2899.72,1218015.0
1708516800,2899.97,2925.87,2880.0,2921.5,1888164.0
1708520400,2921.51,2929.49,2886.04,2908.67,1532113.0
1708524000,2908.67,2912.44,2866.86,2892.39,2345071.0
1708527600,2892.4,2922.0,2877.95,2915.29,1541160.0
1708531200,2915.29,2938.95,2900.3,2932.0,1446207.0
1708534800,2931.88,2935.71,2895.8,2898.63,843426.0
1708538400,2898.63,2909.46,2886.58,2900.87,640908.0
1708542000,2900.88,2916.81,2887.82,2913.88,538157.0
1708545600,2913.88,2918.26,2893.04,2906.82,537471.0
1708549200,2906.67,2928.0,2900.15,2927.99,740930.0
1708552800,2927.99,2938.6,2912.27,2933.83,475086.0
1708556400,2933.83,2980.0,2932.19,2967.93,1568070.0
1708560000,2967.95,2968.92,2937.84,2941.25,828325.0
1708563600,2941.24,2950.58,2905.94,2910.4,1369107.0
1708567200,2910.41,2927.4,2909.56,2920.97,591231.0
1708570800,2920.97,2942.09,2917.0,2935.14,710462.0
1708574400,2935.14,2940.24,2920.65,2926.83,481911.0
1708578000,2926.83,2945.78,2926.83,2933.65,705192.0
1708581600,2933.87,2970.0,2931.56,2961.19,1417957.0
1708585200,2961.2,3000.0,2956.0,2994.39,2312112.0
1708588800,2994.4,3024.57,2988.26,3021.05,2291212.0
1708592400,3021.05,3033.55,2997.58,3023.99,1891738.0
1708596000,3023.99,3024.28,2989.03,2997.68,1030779.0
1708599600,2997.69,2998.38,2970.08,2991.06,1352997.0
1708603200,2991.07,3006.83,2970.03,2982.6,1466963.0
1708606800,2982.59,2984.75,2930.78,2945.46,3097146.0
1708610400,2945.46,2969.97,2940.0,2965.6,1330140.0
1708614000,2965.6,2998.87,2961.21,2986.49,1624899.0
1708617600,2986.49,2989.77,2960.06,2970.36,1033978.0
1708621200,2970.36,2990.81,2970.36,2985.21,503434.0
1708624800,2985.21,3004.53,2975.68,2994.01,905626.0
1708628400,2994.0,2995.99,2979.46,2988.39,324940.0
1708632000,2988.4,3037.98,2981.16,3013.47,1757973.0
1708635600,3013.47,3014.56,2972.0,2985.07,790227.0
1708639200,2985.07,2993.65,2970.0,2988.01,811666.0
1708642800,2988.0,2992.48,2969.17,2971.26,437374.0
1708646400,2971.25,2994.38,2970.0,2989.91,428317.0
1708650000,2989.9,2994.11,2975.24,2980.42,587569.0
1708653600,2980.4,2992.0,2935.0,2944.78,1643436.0
1708657200,2944.79,2957.5,2932.35,2955.0,1044992.0
1708660800,2954.99,2961.82,2947.11,2952.27,628104.0
1708664400,2952.27,2961.26,2948.3,2958.78,318101.0
1708668000,2958.77,2968.0,2956.42,2964.52,472459.0
1708671600,2964.35,2964.81,2923.01,2933.97,1437460.0
1708675200,2933.97,2947.0,2912.4,2924.68,1475412.0
1708678800,2924.68,2939.96,2917.2,2939.09,707733.0
1708682400,2939.1,2946.8,2932.62,2941.52,522334.0
1708686000,2941.53,2948.71,2936.52,2943.8,313008.0
1708689600,2943.8,2945.15,2923.91,2928.98,665228.0
1708693200,2928.98,2944.86,2927.18,2942.77,498765.0
1708696800,2942.78,2965.0,2931.6,2949.37,1695025.0
1708700400,2949.37,2950.2,2913.05,2916.25,1436039.0
1708704000,2916.26,2939.7,2906.39,2934.76,1442184.0
1708707600,2934.76,2947.5,2930.46,2945.69,435366.0
1708711200,2945.7,2950.96,2933.82,2945.38,303851.0
1708714800,2945.38,2951.96,2939.15,2945.99,202485.0
1708718400,2946.0,2954.92,2938.29,2951.42,235156.0
1708722000,2951.55,2954.28,2941.11,2942.64,115699.0
1708725600,2942.55,2947.68,2920.02,2923.13,361541.0
1708729200,2923.12,2930.86,2905.61,2922.57,648110.0
1708732800,2922.56,2937.95,2917.82,2933.9,396818.0
1708736400,2933.9,2933.9,2907.0,2910.39,494203.0
1708740000,2910.39,2924.91,2909.61,2924.34,320240.0
1708743600,2924.34,2934.3,2918.7,2931.28,273712.0
1708747200,2931.28,2956.89,2930.0,2947.94,1050299.0
1708750800,2947.94,2953.92,2943.0,2948.48,399182.0
1708754400,2948.48,2952.0,2945.03,2948.19,225001.0
1708758000,2948.18,2965.66,2945.15,2963.98,634790.0
1708761600,2963.99,2964.49,2947.82,2950.95,440727.0
1708765200,2950.95,2962.97,2949.96,2958.85,239086.0
1708768800,2958.85,2966.63,2954.0,2959.01,341500.0
1708772400,2959.0,2964.41,2952.48,2961.57,260087.0
1708776000,2961.58,2962.72,2953.66,2957.81,207406.0
1708779600,2957.8,2967.82,2954.88,2966.35,341799.0
1708783200,2966.35,2969.93,2953.21,2960.64,379295.0
1708786800,2960.63,2961.83,2953.78,2955.34,126412.0
1708790400,2955.34,2965.8,2955.21,2963.13,245110.0
1708794000,2963.12,3008.3,2962.42,2994.69,1965106.0
1708797600,2994.69,3005.54,2978.44,2982.78,625838.0
1708801200,2982.74,2993.06,2979.36,2988.01,274392.0
1708804800,2988.01,2990.85,2979.72,2988.69,180498.0
1708808400,2988.69,2992.86,2980.56,2985.68,177544.0
1708812000,2985.68,2997.29,2985.57,2988.55,180919.0
1708815600,2988.54,2998.0,2983.9,2993.27,308156.0
1708819200,2993.11,2997.0,2984.46,2994.84,207494.0
1708822800,2994.84,3022.0,2988.06,3018.83,904903.0
1708826400,3018.83,3054.5,3014.42,3032.52,2436833.0
1708830000,3032.51,3032.52,3011.99,3026.0,723345.0
1708833600,3026.0,3027.01,3014.0,3024.08,434428.0
1708837200,3024.08,3037.97,3020.03,3034.2,476539.0
1708840800,3034.2,3048.84,3029.1,3035.64,919956.0
1708844400,3035.64,3038.8,3029.0,3031.17,281840.0
1708848000,3031.18,3041.0,3016.57,3020.6,680531.0
1708851600,3020.6,3025.67,3011.41,3021.74,509042.0
1708855200,3021.67,3032.0,3021.5,3027.9,367032.0
1708858800,3027.89,3043.14,3025.0,3041.0,494240.0
1708862400,3040.99,3046.8,3027.73,3043.64,650990.0
1708866000,3043.65,3050.0,3030.21,3037.76,666879.0
1708869600,3037.76,3076.77,3035.8,3067.76,1956097.0
1708873200,3067.76,3071.0,3035.0,3043.51,1477153.0
1708876800,3043.51,3054.0,3026.0,3040.85,1044513.0
1708880400,3040.85,3068.15,3040.84,3063.46,694131.0
1708884000,3063.47,3067.92,3051.18,3065.75,393475.0
1708887600,3065.76,3089.99,3061.3,3082.19,974080.0
1708891200,3082.19,3132.39,3082.19,3100.63,1783606.0
1708894800,3100.63,3115.7,3088.43,3112.02,707636.0
1708898400,3112.02,3116.88,3099.24,3104.38,410975.0
1708902000,3104.38,3115.89,3098.88,3112.97,583210.0
1708905600,3112.97,3137.89,3103.13,3116.01,1081614.0
1708909200,3116.0,3123.32,3103.99,3108.44,661739.0
1708912800,3108.44,3111.32,3091.1,3094.5,646143.0
1708916400,3094.5,3109.4,3085.95,3108.22,569697.0
1708920000,3108.22,3109.89,3097.0,3103.77,311246.0
1708923600,3103.77,3111.84,3096.58,3107.41,467873.0
1708927200,3107.41,3116.65,3100.0,3113.74,416100.0
1708930800,3113.74,3114.5,3087.4,3088.56,677766.0
1708934400,3088.56,3103.67,3087.8,3093.43,478845.0
1708938000,3093.43,3095.71,3036.53,3040.9,3510501.0
1708941600,3040.85,3072.98,3040.0,3056.8,1203758.0
1708945200,3056.8,3066.09,3046.0,3057.87,535158.0
1708948800,3057.87,3066.0,3038.0,3063.08,910943.0
1708952400,3063.09,3079.49,3058.07,3061.13,962506.0
1708956000,3061.12,3109.28,3059.76,3104.06,1587169.0
1708959600,3104.07,3150.0,3100.0,3148.43,2866141.0
1708963200,3148.44,3169.0,3134.76,3154.75,2579724.0
1708966800,3154.75,3164.18,3140.66,3150.6,721245.0
1708970400,3150.6,3154.96,3130.2,3136.59,703680.0
1708974000,3136.59,3185.51,3126.3,3180.8,1784089.0
1708977600,3180.8,3199.99,3168.0,3183.12,1312806.0
1708981200,3183.06,3191.81,3176.19,3185.95,322981.0
1708984800,3185.96,3191.08,3166.0,3185.48,437514.0
1708988400,3185.48,3185.48,3170.01,3176.79,265800.0
1708992000,3176.79,3179.97,3166.67,3170.4,350395.0
1708995600,3170.4,3241.59,3168.02,3225.34,2050913.0
1708999200,3225.31,3289.99,3216.14,3245.16,3773119.0
1709002800,3245.16,3256.2,3208.33,3220.2,1142094.0
1709006400,3220.2,3232.05,3202.83,3213.75,1029217.0
1709010000,3213.75,3223.0,3209.0,3222.77,464456.0
1709013600,3222.77,3238.77,3221.99,3231.5,678338.0
1709017200,3231.5,3232.87,3211.2,3217.55,652715.0
1709020800,3217.56,3233.33,3217.0,3221.14,459661.0
1709024400,3221.14,3260.0,3220.92,3258.9,1114749.0
1709028000,3258.9,3270.65,3247.51,3260.62,824973.0
1709031600,3260.48,3265.0,3247.18,3256.4,580374.0
1709035200,3256.4,3292.0,3249.48,3257.4,1679377.0
1709038800,3257.39,3283.13,3241.0,3268.05,1703445.0
1709042400,3268.04,3276.98,3236.68,3253.98,1208307.0
1709046000,3253.98,3263.29,3220.34,3230.39,1053808.0
1709049600,3230.39,3254.0,3204.0,3238.64,1711325.0
1709053200,3238.65,3247.0,3212.0,3225.93,715030.0
1709056800,3225.94,3242.98,3221.28,3236.02,345474.0
1709060400,3236.02,3262.0,3232.45,3252.01,696732.0
1709064000,3252.0,3256.83,3234.31,3254.09,489356.0
1709067600,3253.91,3256.13,3243.1,3249.26,262095.0
1709071200,3249.25,3270.0,3244.5,3248.33,368929.0
1709074800,3248.5,3250.91,3238.0,3243.48,213881.0
1709078400,3243.48,3255.95,3236.81,3255.19,249556.0
1709082000,3255.2,3259.94,3233.27,3236.17,362858.0
1709085600,3236.17,3250.44,3231.88,3244.5,316439.0
1709089200,3244.51,3251.45,3233.0,3249.21,298725.0
1709092800,3249.55,3271.89,3244.54,3268.3,685269.0
1709096400,3268.3,3269.0,3252.0,3253.6,534636.0
1709100000,3253.61,3263.0,3251.74,3259.67,336088.0
1709103600,3259.63,3310.09,3258.2,3303.95,1893388.0
1709107200,3303.96,3337.0,3282.46,3333.31,2912892.0
1709110800,3333.31,3365.0,3303.61,3360.72,2564791.0
1709114400,3360.72,3372.91,3336.01,3346.52,1188385.0
1709118000,3346.53,3353.02,3276.97,3297.73,2514101.0
1709121600,3297.72,3318.93,3288.0,3313.96,1252845.0
1709125200,3313.96,3363.0,3312.47,3355.7,2096988.0
1709128800,3355.7,3368.74,3319.0,3356.07,1975081.0
1709132400,3355.87,3379.33,3335.0,3349.34,1664850.0
1709136000,3349.33,3433.4,3348.16,3428.18,3917254.0
1709139600,3427.86,3498.77,3156.53,3345.09,9872848.0
1709143200,3344.99,3363.75,3200.0,3319.53,4322243.0
1709146800,3319.53,3333.53,3276.0,3300.0,1292953.0
1709150400,3300.0,3303.7,3253.34,3300.61,1062080.0
1709154000,3300.6,3330.35,3273.27,3324.19,787048.0
1709157600,3324.41,3346.84,3320.7,3341.18,390102.0
1709161200,3341.19,3385.0,3339.96,3384.0,904573.0
1709164800,3383.99,3471.48,3375.44,3452.05,2106177.0
1709168400,3452.22,3454.1,3408.8,3418.86,1030278.0
1709172000,3418.81,3431.8,3391.68,3404.39,917534.0
1709175600,3404.38,3418.59,3392.1,3408.12,554110.0
1709179200,3408.13,3457.63,3397.88,3447.59,1152752.0
1709182800,3447.59,3477.95,3430.58,3471.02,1140508.0
1709186400,3471.03,3497.5,3465.71,3481.56,1315961.0
1709190000,3481.52,3482.05,3447.68,3468.26,1226539.0
1709193600,3468.27,3504.56,3456.24,3480.9,1812634.0
1709197200,3480.9,3493.61,3444.1,3465.72,1193125.0
1709200800,3465.71,3481.8,3446.38,3475.18,728836.0
1709204400,3475.18,3540.0,3465.99,3517.28,2128698.0
1709208000,3517.28,3521.89,3440.48,3466.48,1870944.0
1709211600,3466.72,3494.0,3448.55,3479.58,1244520.0
1709215200,3479.57,3499.6,3450.34,3470.32,1313317.0
1709218800,3470.32,3486.83,3456.06,3468.64,797436.0
1709222400,3468.64,3471.84,3393.8,3442.29,2105548.0
1709226000,3442.3,3453.81,3350.44,3387.72,2545404.0
1709229600,3387.37,3414.72,3352.39,3373.34,1280477.0
1709233200,3373.33,3408.62,3361.32,3406.64,972409.0
1709236800,3406.64,3418.72,3395.01,3395.44,661193.0
1709240400,3395.54,3400.0,3308.03,3349.06,1559114.0
1709244000,3349.07,3361.23,3300.0,3324.38,1079439.0
1709247600,3324.39,3361.0,3320.8,3341.87,617656.0
1709251200,3341.88,3383.82,3340.88,3381.24,784159.0
1709254800,3381.23,3391.02,3366.95,3377.33,544219.0
1709258400,3377.34,3383.99,3353.69,3368.49,491263.0
1709262000,3368.48,3380.0,3357.2,3370.0,425575.0
1709265600,3369.81,3384.3,3367.4,3378.61,364615.0
1709269200,3378.62,3388.63,3368.87,3370.56,393122.0
1709272800,3370.56,3400.0,3369.75,3387.28,577266.0
1709276400,3387.28,3396.47,3363.93,3366.39,494561.0
1709280000,3366.4,3439.89,3355.2,3422.5,2035388.0
1709283600,3422.51,3434.63,3418.44,3430.74,543585.0
1709287200,3430.74,3430.74,3402.16,3407.94,560576.0
1709290800,3407.95,3419.88,3400.1,3412.68,367898.0
1709294400,3412.68,3438.75,3412.15,3425.51,579880.0
1709298000,3425.52,3452.81,3423.82,3439.95,650347.0
1709301600,3439.94,3450.79,3357.32,3416.2,2347534.0
1709305200,3416.19,3429.13,3379.11,3390.84,1166688.0
1709308800,3390.84,3404.28,3380.0,3388.48,759803.0
1709312400,3388.48,3427.43,3388.48,3420.26,718942.0
1709316000,3420.26,3434.99,3411.08,3432.99,376919.0
1709319600,3432.99,3437.0,3420.22,3428.5,227953.0
1709323200,3428.6,3451.35,3421.55,3444.4,486784.0
1709326800,3444.39,3450.0,3424.21,3426.59,464146.0
1709330400,3426.6,3438.89,3424.16,3433.8,269241.0
1709334000,3433.81,3450.31,3428.57,3433.04,276688.0
1709337600,3433.05,3464.14,3427.71,3459.99,818742.0
1709341200,3459.99,3460.8,3425.8,3444.48,562072.0
1709344800,3444.49,3448.69,3430.23,3439.12,279394.0
1709348400,3439.12,3446.3,3430.0,3443.83,308043.0
1709352000,3443.89,3446.44,3428.73,3428.86,264709.0
1709355600,3428.86,3432.98,3376.77,3420.44,1147388.0
1709359200,3420.43,3452.77,3416.14,3438.41,890558.0
1709362800,3438.41,3442.66,3423.53,3432.01,377425.0
1709366400,3432.01,3438.35,3406.78,3419.88,627833.0
1709370000,3419.88,3425.41,3392.0,3404.62,929037.0
1709373600,3404.61,3417.94,3402.87,3408.94,384657.0
1709377200,3408.93,3418.39,3404.6,3405.25,250107.0
1709380800,3405.25,3430.71,3404.42,3421.99,429273.0
1709384400,3422.0,3425.01,3410.0,3411.32,376046.0
1709388000,3411.32,3418.0,3394.4,3413.02,718837.0
1709391600,3413.02,3426.3,3408.66,3419.26,388119.0
1709395200,3419.26,3427.56,3410.54,3427.0,270338.0
1709398800,3427.0,3433.79,3414.42,3415.01,278173.0
1709402400,3415.01,3431.89,3413.95,3431.59,130248.0
1709406000,3431.6,3432.0,3425.0,3427.36,75316.0
1709409600,3427.35,3433.0,3405.0,3407.25,315935.0
1709413200,3407.26,3414.49,3403.0,3408.84,150340.0
1709416800,3408.84,3410.7,3403.0,3403.86,91424.0
1709420400,3403.87,3423.0,3403.86,3422.14,190994.0
1709424000,3422.14,3432.13,3410.63,3428.52,360196.0
1709427600,3428.53,3435.64,3423.53,3431.99,247526.0
1709431200,3432.0,3432.46,3412.0,3418.11,235993.0
1709434800,3418.12,3432.0,3416.27,3431.93,188313.0
1709438400,3431.94,3446.89,3429.28,3441.2,471257.0
1709442000,3441.19,3444.3,3421.78,3422.64,355171.0
1709445600,3422.64,3427.0,3410.5,3414.0,583957.0
1709449200,3414.01,3417.07,3358.8,3394.0,2414459.0
1709452800,3394.01,3403.0,3376.62,3396.66,631079.0
1709456400,3396.66,3416.8,3393.13,3407.58,476214.0
1709460000,3407.58,3411.0,3397.0,3401.73,284531.0
1709463600,3401.73,3415.58,3396.55,3414.07,248357.0
1709467200,3414.07,3449.74,3411.85,3420.51,1509590.0
1709470800,3420.52,3430.0,3402.44,3429.52,699676.0
1709474400,3429.52,3437.18,3415.66,3418.22,417418.0
1709478000,3418.22,3431.58,3417.0,3421.85,287161.0
1709481600,3421.87,3494.98,3418.66,3483.18,1876169.0
1709485200,3483.18,3487.83,3456.04,3462.33,692686.0
1709488800,3462.33,3476.54,3458.92,3471.3,309119.0
1709492400,3471.29,3476.11,3464.32,3466.29,159169.0
1709496000,3466.29,3475.79,3460.01,3469.6,117909.0
1709499600,3469.6,3479.99,3463.34,3478.43,160385.0
1709503200,3478.42,3496.95,3461.07,3475.53,694788.0
1709506800,3475.53,3492.43,3466.25,3489.35,355321.0
1709510400,3489.35,3536.5,3412.03,3487.27,3254379.0
1709514000,3487.27,3495.0,3468.14,3480.01,645926.0
1709517600,3480.0,3502.77,3461.63,3490.07,528130.0
1709521200,3490.06,3490.86,3467.07,3474.17,349540.0
1709524800,3474.17,3489.17,3470.76,3485.96,252185.0
1709528400,3485.69,3487.29,3457.29,3467.01,553075.0
1709532000,3467.0,3475.15,3464.76,3474.37,244125.0
1709535600,3474.37,3487.82,3463.02,3478.95,556859.0
1709539200,3478.96,3556.66,3478.96,3537.19,2246807.0
1709542800,3537.19,3539.01,3501.11,3526.0,1096202.0
1709546400,3526.01,3526.85,3482.88,3499.23,992348.0
1709550000,3499.23,3517.59,3493.1,3509.57,533025.0
1709553600,3509.57,3511.01,3499.3,3507.9,327855.0
1709557200,3507.9,3522.08,3485.12,3491.33,790701.0
1709560800,3491.33,3552.47,3457.0,3535.25,2891006.0
1709564400,3535.12,3572.86,3521.45,3560.85,1636392.0
1709568000,3560.86,3576.61,3535.45,3550.87,953396.0
1709571600,3550.87,3591.0,3528.51,3545.35,1693989.0
1709575200,3545.35,3600.0,3532.18,3598.99,1627199.0
1709578800,3598.99,3618.84,3583.18,3594.79,993079.0
1709582400,3594.8,3598.4,3573.26,3584.93,572140.0
1709586000,3585.29,3594.99,3557.74,3581.45,664052.0
1709589600,3581.27,3609.64,3563.94,3609.34,553645.0
1709593200,3609.34,3642.76,3606.42,3627.62,1253305.0
1709596800,3627.61,3638.66,3608.68,3620.49,691870.0
1709600400,3620.5,3660.0,3616.83,3645.99,949422.0
1709604000,3645.99,3646.8,3608.92,3625.58,778785.0
1709607600,3625.57,3701.68,3615.0,3693.12,1228839.0
1709611200,3693.12,3763.07,3675.07,3701.55,2825772.0
1709614800,3701.59,3741.64,3645.59,3720.04,2915593.0
1709618400,3720.03,3729.59,3701.93,3714.71,887322.0
1709622000,3714.7,3724.33,3676.01,3676.4,890008.0
1709625600,3676.4,3705.5,3653.33,3696.62,1292104.0
1709629200,3696.63,3706.86,3678.4,3693.02,629225.0
1709632800,3693.02,3730.0,3692.13,3714.22,770270.0
1709636400,3714.22,3747.43,3713.64,3735.13,794766.0
1709640000,3735.12,3773.58,3734.04,3759.77,1077331.0
1709643600,3759.77,3782.92,3752.0,3779.02,953145.0
1709647200,3779.03,3814.4,3750.1,3806.51,1838744.0
1709650800,3806.52,3825.0,3755.41,3784.24,3541847.0
1709654400,3784.24,3797.8,3666.7,3692.85,4620850.0
1709658000,3692.86,3693.48,3558.26,3690.17,3935493.0
1709661600,3690.16,3691.0,3592.38,3613.97,1430365.0
1709665200,3613.98,3629.51,3176.41,3373.87,7351612.0
1709668800,3374.86,3471.05,3322.96,3388.84,4997807.0
1709672400,3388.42,3531.96,3386.02,3521.08,1945787.0
1709676000,3521.07,3529.1,3422.43,3506.59,1308152.0
1709679600,3506.6,3580.0,3494.12,3552.24,973206.0
1709683200,3552.25,3592.08,3545.31,3562.58,867710.0
1709686800,3562.58,3583.79,3515.0,3519.81,859116.0
1709690400,3519.82,3550.79,3497.76,3504.37,935633.0
1709694000,3504.37,3554.12,3501.93,3539.47,745575.0
1709697600,3539.47,3656.0,3537.31,3650.61,1417663.0
1709701200,3650.49,3773.8,3648.35,3771.0,3484751.0
1709704800,3771.01,3792.0,3749.28,3751.3,1333674.0
1709708400,3751.29,3792.0,3741.82,3788.67,1091093.0
1709712000,3788.68,3870.99,3779.05,3826.97,2897088.0
1709715600,3826.97,3868.84,3788.63,3794.75,1386517.0
1709719200,3794.74,3850.0,3793.82,3841.38,1005986.0
1709722800,3841.39,3898.98,3837.23,3880.47,1665058.0
1709726400,3880.48,3904.09,3750.08,3818.3,3420488.0
1709730000,3818.9,3846.76,3757.2,3832.0,1968263.0
1709733600,3831.99,3864.19,3768.5,3782.16,2252301.0
1709737200,3782.16,3810.02,3724.16,3791.15,2141093.0
1709740800,3791.15,3825.84,3765.3,3817.39,1093715.0
1709744400,3817.4,3853.9,3789.92,3848.0,781420.0
1709748000,3848.0,3864.27,3827.75,3863.43,904169.0
1709751600,3863.4,3881.97,3836.25,3853.63,648263.0
1709755200,3853.62,3894.97,3846.2,3859.27,775186.0
1709758800,3859.26,3863.71,3834.6,3847.02,490168.0
1709762400,3846.93,3850.0,3804.69,3814.62,509378.0
1709766000,3814.62,3833.94,3787.84,3820.39,438609.0
1709769600,3820.4,3854.81,3796.01,3839.53,662892.0
1709773200,3839.53,3839.79,3776.02,3833.39,978571.0
1709776800,3833.7,3833.98,3779.06,3787.6,714190.0
1709780400,3787.59,3808.78,3767.03,3777.62,627634.0
1709784000,3777.51,3802.54,3762.95,3781.65,645113.0
1709787600,3781.64,3804.78,3742.04,3755.48,978081.0
1709791200,3755.47,3782.87,3734.68,3772.3,825501.0
1709794800,3772.3,3802.0,3756.25,3790.02,736892.0
1709798400,3790.03,3817.48,3785.01,3792.76,718857.0
1709802000,3792.75,3802.44,3774.25,3786.25,416898.0
1709805600,3786.31,3803.78,3774.33,3795.38,474870.0
1709809200,3795.38,3818.34,3770.63,3789.47,925090.0
1709812800,3789.58,3807.0,3774.55,3782.88,508330.0
1709816400,3782.88,3812.16,3766.13,3807.61,722408.0
1709820000,3807.61,3859.0,3780.33,3808.01,2451742.0
1709823600,3808.0,3853.5,3797.97,3837.59,1123511.0
1709827200,3837.6,3849.76,3814.92,3833.39,700174.0
1709830800,3833.39,3876.0,3827.15,3860.28,976704.0
1709834400,3860.29,3883.83,3845.32,3880.98,360730.0
1709838000,3880.99,3885.86,3854.0,3871.89,290166.0
1709841600,3871.9,3933.9,3864.5,3930.79,882412.0
1709845200,3930.97,3937.4,3855.55,3870.8,702120.0
1709848800,3870.8,3890.75,3834.0,3857.41,356155.0
1709852400,3857.4,3870.96,3851.45,3869.13,260415.0
1709856000,3869.13,3908.88,3863.82,3906.51,555016.0
1709859600,3906.51,3943.06,3903.29,3906.76,1050407.0
1709863200,3906.75,3919.95,3892.73,3905.29,597674.0
1709866800,3905.28,3915.0,3893.6,3902.75,289420.0
1709870400,3902.88,3912.22,3888.2,3901.92,371018.0
1709874000,3901.92,3906.88,3881.51,3890.82,313235.0
1709877600,3890.83,3934.0,3885.54,3932.05,475530.0
1709881200,3932.15,3950.0,3909.18,3911.52,1007414.0
1709884800,3911.51,3956.12,3911.31,3941.88,783576.0
1709888400,3941.59,3954.63,3928.83,3932.46,548849.0
1709892000,3932.46,3958.48,3923.32,3948.45,554098.0
1709895600,3948.45,3954.59,3936.02,3952.54,329383.0
1709899200,3952.53,3955.38,3935.16,3946.33,376398.0
1709902800,3946.23,3984.92,3942.23,3972.75,1347411.0
1709906400,3972.76,3989.4,3946.4,3974.64,1066452.0
1709910000,3974.63,3999.0,3883.1,3902.37,3799446.0
1709913600,3902.37,3924.44,3795.75,3906.02,3988660.0
1709917200,3906.02,3979.99,3899.25,3944.33,1431006.0
1709920800,3944.32,3952.87,3918.24,3929.4,619429.0
1709924400,3929.39,3945.11,3881.08,3930.35,1128864.0
1709928000,3930.36,3951.95,3923.29,3941.57,737839.0
1709931600,3941.57,3953.41,3891.26,3904.8,872375.0
1709935200,3904.8,3915.05,3869.45,3878.31,501248.0
1709938800,3878.3,3901.97,3872.98,3883.49,422364.0
1709942400,3883.48,3907.86,3878.19,3905.93,328744.0
1709946000,3905.92,3910.0,3890.64,3904.15,210789.0
1709949600,3904.15,3928.22,3900.67,3919.6,393070.0
1709953200,3919.61,3931.23,3912.35,3925.0,196381.0
1709956800,3925.0,3933.24,3920.0,3926.53,181610.0
1709960400,3926.53,3929.17,3912.5,3920.69,213388.0
1709964000,3920.7,3941.99,3919.75,3939.02,301676.0
1709967600,3939.03,3943.77,3926.67,3927.23,221862.0
1709971200,3927.23,3937.73,3923.41,3924.35,207864.0
1709974800,3924.34,3932.32,3908.0,3922.09,385516.0
1709978400,3922.1,3922.1,3888.0,3908.5,683401.0
1709982000,3908.51,3919.9,3906.41,3914.18,189200.0
1709985600,3914.18,3921.91,3903.06,3918.82,312046.0
1709989200,3918.82,3927.89,3910.96,3917.23,273531.0
1709992800,3917.23,3925.98,3908.33,3910.19,177532.0
1709996400,3910.19,3922.95,3907.0,3917.53,193776.0
1710000000,3917.52,3921.6,3874.0,3884.97,780521.0
1710003600,3884.97,3895.55,3869.86,3883.6,442947.0
1710007200,3883.59,3894.5,3879.37,3890.06,219261.0
1710010800,3890.06,3893.22,3878.08,3882.46,122406.0
1710014400,3882.47,3902.3,3882.47,3901.18,131060.0
1710018000,3901.18,3910.0,3892.5,3905.97,141386.0
1710021600,3905.97,3915.0,3897.14,3901.73,110089.0
1710025200,3901.74,3914.4,3898.63,3906.07,166189.0
1710028800,3906.08,3918.79,3900.5,3910.07,317102.0
1710032400,3910.07,3945.0,3908.38,3933.0,1117745.0
1710036000,3933.2,3941.2,3923.25,3924.1,281004.0
1710039600,3924.11,3939.73,3911.1,3936.61,379525.0
1710043200,3936.61,3955.0,3933.28,3943.16,521187.0
1710046800,3943.01,3951.7,3936.0,3940.84,224560.0
1710050400,3940.85,3949.66,3930.99,3944.53,242855.0
1710054000,3944.53,3950.0,3939.41,3945.69,125840.0
1710057600,3945.7,3968.0,3941.2,3961.2,426585.0
1710061200,3961.21,3961.64,3922.34,3948.01,925653.0
1710064800,3948.02,3958.64,3932.0,3940.0,442618.0
1710068400,3940.01,3945.01,3928.2,3935.18,288612.0
1710072000,3935.18,3949.06,3913.08,3929.0,548956.0
1710075600,3929.0,3933.33,3885.62,3900.01,736266.0
1710079200,3900.02,3912.62,3856.32,3897.19,1576431.0
1710082800,3897.18,3904.66,3872.36,3883.67,797446.0
1710086400,3883.66,3933.82,3882.51,3907.14,921267.0
1710090000,3907.14,3918.75,3900.08,3914.25,276895.0
1710093600,3914.25,3921.0,3895.16,3895.99,260912.0
1710097200,3896.0,3904.59,3891.12,3900.03,131294.0
1710100800,3900.02,3906.84,3894.52,3902.61,123158.0
1710104400,3902.61,3906.23,3875.15,3882.66,224953.0
1710108000,3882.66,3884.02,3790.0,3824.63,1819126.0
1710111600,3824.63,3886.05,3820.89,3879.4,900276.0
1710115200,3879.4,3891.49,3721.34,3829.39,2274794.0
1710118800,3829.34,3842.25,3778.46,3819.71,1380405.0
1710122400,3819.72,3844.98,3815.15,3837.24,557654.0
1710126000,3837.23,3869.46,3835.25,3868.51,651678.0
1710129600,3868.34,3880.0,3853.42,3858.18,411271.0
1710133200,3858.19,3881.48,3843.05,3849.67,493952.0
1710136800,3849.66,3888.0,3835.0,3887.23,667862.0
1710140400,3887.22,4024.96,3883.06,4009.8,4631989.0
1710144000,4009.97,4032.82,3990.28,4022.04,1214798.0
1710147600,4022.04,4059.99,3991.0,4042.86,1310561.0
1710151200,4042.85,4044.76,4025.08,4027.58,729499.0
1710154800,4027.58,4058.0,4018.37,4034.79,904141.0
1710158400,4034.78,4068.23,4025.54,4055.51,834327.0
1710162000,4055.51,4063.0,4014.47,4021.19,1023042.0
1710165600,4021.19,4049.3,4020.49,4033.43,624323.0
1710169200,4033.43,4053.03,4016.85,4018.67,735276.0
1710172800,4018.67,4047.03,4001.01,4041.83,910557.0
1710176400,4041.32,4052.98,4030.6,4040.52,384844.0
1710180000,4040.52,4092.55,4036.0,4061.35,937743.0
1710183600,4061.36,4066.16,4030.11,4034.44,497226.0
1710187200,4034.45,4040.72,4031.0,4034.86,161811.0
1710190800,4034.86,4062.36,4032.3,4056.98,154990.0
1710194400,4056.98,4072.95,4048.01,4070.71,241076.0
1710198000,4070.8,4087.44,4065.06,4067.5,371781.0
1710201600,4067.51,4096.15,4056.05,4060.23,578168.0
1710205200,4060.23,4072.75,4051.05,4064.13,368088.0
1710208800,4064.13,4064.13,4051.49,4055.2,210668.0
1710212400,4055.2,4063.0,4023.29,4031.15,1078095.0
1710216000,4031.15,4055.72,4025.87,4039.0,654795.0
1710219600,4038.99,4045.45,4034.62,4041.51,233192.0
1710223200,4041.52,4041.52,4001.04,4032.3,967903.0
1710226800,4032.3,4034.83,4018.19,4028.62,411745.0
1710230400,4028.62,4036.99,3966.8,3987.65,1718541.0
1710234000,3987.64,4014.92,3985.62,4011.52,613736.0
1710237600,4011.52,4014.62,3993.89,4009.78,438994.0
1710241200,4009.78,4071.0,4008.0,4024.12,1493424.0
1710244800,4024.12,4033.39,3978.0,4024.99,1855304.0
1710248400,4025.0,4040.0,4001.41,4026.7,877628.0
1710252000,4026.7,4057.94,3980.81,3982.09,1855875.0
1710255600,3982.09,4008.29,3944.06,3990.7,1480744.0
1710259200,3990.7,3994.31,3900.01,3924.32,2571567.0
1710262800,3924.31,3953.35,3828.07,3952.75,3851545.0
1710266400,3952.75,3974.0,3932.79,3969.76,1174698.0
1710270000,3969.77,3992.23,3957.0,3981.76,820749.0
1710273600,3981.75,3981.94,3926.19,3950.65,754667.0
1710277200,3950.65,3955.62,3930.99,3942.55,286727.0
1710280800,3942.51,3959.91,3935.06,3950.29,225295.0
1710284400,3950.29,3982.77,3940.84,3982.18,367734.0
1710288000,3982.18,4002.84,3975.0,3979.0,492076.0
1710291600,3979.01,4036.0,3977.0,4024.36,942466.0
1710295200,4024.36,4039.71,4015.05,4034.36,440559.0
1710298800,4034.37,4048.84,4027.6,4046.34,385316.0
1710302400,4046.34,4047.61,4031.0,4044.93,335456.0
1710306000,4044.92,4045.0,4031.69,4038.86,203422.0
1710309600,4038.85,4058.0,4035.06,4050.52,436159.0
1710313200,4050.53,4082.72,4035.0,4042.0,1119831.0
1710316800,4042.03,4087.92,4041.36,4065.83,962115.0
1710320400,4065.83,4069.7,4047.06,4052.64,424420.0
1710324000,4052.63,4060.0,4045.86,4058.56,349570.0
1710327600,4058.56,4063.47,4047.32,4051.41,273213.0
1710331200,4051.42,4055.65,4001.65,4007.41,1526204.0
1710334800,4007.41,4024.0,3932.0,3977.79,2407429.0
1710338400,3977.78,4001.0,3952.0,3966.76,1846020.0
1710342000,3966.48,4004.0,3947.52,3963.1,1349347.0
1710345600,3963.11,3992.13,3953.3,3985.1,1060192.0
1710349200,3985.1,3998.01,3960.74,3983.19,626497.0
1710352800,3983.18,4014.63,3975.5,4006.59,573228.0
1710356400,4006.59,4013.17,3981.25,4002.24,361648.0
1710360000,4002.3,4023.61,3975.88,3990.65,498235.0
1710363600,3990.65,4007.62,3980.0,4007.21,181316.0
1710367200,4007.21,4008.33,3982.41,3985.02,229443.0
1710370800,3985.01,4013.79,3984.63,4007.0,306990.0
1710374400,4007.0,4014.28,3977.01,3977.5,409654.0
1710378000,3977.51,3991.12,3955.0,3985.89,720429.0
1710381600,3985.89,4003.47,3982.85,3986.8,368211.0
1710385200,3986.79,4004.54,3986.79,3995.98,315015.0
1710388800,3995.92,4009.9,3942.16,3958.65,1105387.0
1710392400,3958.65,3975.88,3943.4,3971.35,572304.0
1710396000,3971.35,3996.88,3969.25,3983.17,571766.0
1710399600,3982.89,3994.46,3961.04,3965.6,501574.0
1710403200,3965.49,3987.19,3965.04,3981.51,300255.0
1710406800,3981.51,4002.24,3975.2,3991.58,531556.0
1710410400,3991.59,3994.82,3965.34,3971.93,431187.0
1710414000,3971.93,3973.48,3946.22,3958.03,899146.0
1710417600,3958.02,3971.26,3895.0,3945.12,1563574.0
1710421200,3945.12,3953.85,3850.22,3878.46,2756417.0
1710424800,3878.47,3932.0,3864.13,3887.97,1863518.0
1710428400,3887.97,3904.0,3820.0,3845.55,2196956.0
1710432000,3845.54,3897.0,3825.0,3893.9,1994397.0
1710435600,3893.9,3897.53,3855.0,3877.12,750003.0
1710439200,3877.12,3877.12,3758.89,3813.6,1948577.0
1710442800,3813.47,3830.38,3722.74,3786.81,2972608.0
1710446400,3786.41,3866.73,3781.48,3844.53,1232210.0
1710450000,3845.0,3872.89,3821.0,3866.48,671592.0
1710453600,3866.48,3892.85,3865.01,3878.04,644301.0
1710457200,3878.04,3895.06,3872.5,3882.4,394422.0
1710460800,3882.4,3938.93,3870.12,3905.52,1017878.0
1710464400,3905.53,3912.16,3877.0,3881.94,473363.0
1710468000,3881.93,3888.2,3701.0,3749.71,3698301.0
1710471600,3749.68,3772.62,3620.92,3723.58,4191126.0
1710475200,3723.57,3737.91,3656.48,3674.65,2134623.0
1710478800,3674.34,3733.0,3663.0,3676.34,1286863.0
1710482400,3676.34,3752.96,3675.46,3750.61,1151234.0
1710486000,3750.6,3781.99,3731.13,3754.22,1009874.0
1710489600,3754.23,3763.18,3660.0,3663.32,1857546.0
1710493200,3663.63,3702.7,3568.0,3684.39,4303154.0
1710496800,3684.37,3698.0,3647.96,3661.51,1271075.0
1710500400,3661.52,3699.5,3622.26,3690.71,1602918.0
1710504000,3690.7,3711.87,3672.38,3698.21,822944.0
1710507600,3698.21,3745.46,3670.48,3724.02,1516401.0
1710511200,3724.02,3732.64,3688.0,3722.14,1070970.0
1710514800,3722.14,3727.54,3685.26,3690.35,649113.0
1710518400,3690.35,3718.68,3661.1,3685.59,1163500.0
1710522000,3685.56,3699.77,3663.75,3695.8,532677.0
1710525600,3696.15,3788.67,3695.06,3787.44,1018175.0
1710529200,3787.43,3808.21,3674.9,3689.33,1675578.0
1710532800,3689.11,3690.13,3605.7,3630.9,1569081.0
1710536400,3630.9,3672.79,3627.42,3671.0,477844.0
1710540000,3671.0,3736.23,3667.17,3730.99,575571.0
1710543600,3730.99,3749.26,3712.15,3742.67,516980.0
1710547200,3742.67,3777.63,3736.83,3761.66,1077855.0
1710550800,3761.65,3784.49,3737.5,3745.03,754020.0
1710554400,3745.04,3746.66,3726.32,3733.24,475276.0
1710558000,3733.23,3752.07,3723.0,3736.3,369457.0
1710561600,3736.3,3745.91,3714.21,3725.59,464250.0
1710565200,3725.59,3729.32,3690.79,3715.0,618832.0
1710568800,3715.01,3730.0,3707.01,3725.02,364029.0
1710572400,3725.03,3741.81,3719.01,3740.74,358152.0
1710576000,3741.0,3741.98,3713.54,3719.27,398469.0
1710579600,3719.32,3732.92,3713.0,3720.23,279824.0
1710583200,3720.24,3724.39,3698.2,3703.65,485178.0
1710586800,3703.65,3709.99,3663.52,3693.25,1033157.0
1710590400,3693.25,3713.97,3665.0,3666.46,793812.0
1710594000,3666.46,3685.71,3647.01,3648.07,955010.0
1710597600,3648.06,3668.0,3637.07,3665.33,734167.0
1710601200,3665.33,3683.38,3648.51,3679.47,464068.0
1710604800,3679.48,3681.64,3657.27,3665.61,393204.0
1710608400,3665.62,3674.71,3628.0,3634.19,852792.0
1710612000,3634.2,3640.0,3570.27,3597.0,2218164.0
1710615600,3597.01,3639.78,3591.0,3600.83,1035561.0
1710619200,3600.83,3634.84,3578.72,3620.22,791304.0
1710622800,3620.22,3629.9,3540.89,3557.62,1067886.0
1710626400,3557.62,3584.53,3523.38,3559.26,944263.0
1710630000,3559.05,3559.65,3468.0,3525.18,2239218.0
1710633600,3525.19,3570.0,3505.51,3509.67,1096527.0
1710637200,3509.67,3561.78,3509.67,3559.99,909943.0
1710640800,3559.99,3583.99,3554.65,3571.79,622311.0
1710644400,3571.78,3575.83,3555.61,3573.25,272826.0
1710648000,3573.26,3574.04,3551.03,3560.2,253071.0
1710651600,3560.2,3570.46,3536.53,3546.88,419739.0
1710655200,3546.88,3551.63,3436.0,3440.0,2182485.0
1710658800,3440.0,3481.18,3411.01,3471.37,2726587.0
1710662400,3471.38,3577.18,3459.73,3557.59,2100472.0
1710666000,3557.59,3575.0,3542.75,3555.43,994481.0
1710669600,3555.42,3607.87,3555.42,3596.12,1159847.0
1710673200,3596.12,3606.99,3572.0,3578.72,674298.0
1710676800,3578.92,3601.27,3528.02,3540.01,1274107.0
1710680400,3540.01,3585.08,3539.67,3574.79,1049237.0
1710684000,3574.8,3603.0,3560.0,3600.35,781062.0
1710687600,3600.35,3649.71,3581.02,3628.58,1242798.0
1710691200,3628.24,3635.68,3602.47,3611.44,782299.0
1710694800,3611.32,3649.57,3604.31,3644.75,395498.0
1710698400,3645.01,3655.0,3623.13,3633.3,423117.0
1710702000,3633.29,3657.0,3628.3,3651.03,349458.0
1710705600,3651.02,3658.59,3631.41,3634.02,225244.0
1710709200,3634.25,3643.97,3625.21,3639.28,151982.0
1710712800,3639.28,3681.58,3639.28,3645.59,589801.0
1710716400,3645.6,3656.0,3631.03,3645.4,420628.0
1710720000,3645.39,3646.47,3577.12,3578.81,1323051.0
1710723600,3578.79,3614.16,3558.33,3602.41,1005483.0
1710727200,3602.41,3629.0,3584.12,3598.21,603793.0
1710730800,3598.2,3618.85,3597.0,3602.13,480905.0
1710734400,3602.13,3632.91,3578.0,3617.0,980138.0
1710738000,3617.0,3645.0,3605.5,3635.49,681302.0
1710741600,3635.49,3642.23,3623.63,3627.96,375176.0
1710745200,3627.96,3636.55,3613.23,3626.96,466464.0
1710748800,3626.96,3627.8,3561.8,3599.41,1616228.0
1710752400,3599.4,3602.87,3553.21,3563.78,1171408.0
1710756000,3563.79,3595.42,3549.76,3592.99,955209.0
1710759600,3592.99,3616.99,3585.05,3599.14,654298.0
1710763200,3599.15,3614.94,3576.4,3599.54,812613.0
1710766800,3599.55,3601.38,3529.7,3548.0,2025458.0
1710770400,3548.0,3566.0,3490.98,3515.33,1904977.0
1710774000,3515.43,3530.72,3488.03,3526.29,1113294.0
1710777600,3526.3,3566.54,3495.16,3503.31,1356036.0
1710781200,3503.47,3518.8,3454.55,3510.1,2162118.0
1710784800,3510.11,3518.46,3473.52,3478.59,728520.0
1710788400,3478.68,3510.34,3466.03,3480.22,629714.0
1710792000,3480.22,3512.22,3480.22,3509.32,344832.0
1710795600,3509.22,3550.0,3508.13,3527.14,465665.0
1710799200,3527.15,3530.0,3503.07,3522.72,441690.0
1710802800,3523.06,3547.12,3516.72,3521.79,433981.0
1710806400,3521.78,3549.82,3448.26,3458.24,1483192.0
1710810000,3458.24,3463.16,3383.6,3394.22,2966327.0
1710813600,3394.23,3444.26,3390.0,3409.46,1521190.0
1710817200,3409.1,3438.31,3361.09,3419.72,1889537.0
1710820800,3419.71,3429.21,3367.76,3380.4,1495572.0
1710824400,3380.41,3398.97,3354.18,3383.76,1472982.0
1710828000,3383.77,3394.36,3348.6,3376.88,1215871.0
1710831600,3376.88,3376.99,3306.0,3360.7,2706013.0
1710835200,3360.71,3361.17,3227.46,3240.61,3767988.0
1710838800,3240.61,3296.19,3204.83,3291.78,3046289.0
1710842400,3291.79,3292.39,3210.26,3238.65,2010908.0
1710846000,3238.65,3283.47,3203.14,3276.01,1909961.0
1710849600,3276.02,3317.71,3253.01,3296.0,1902801.0
1710853200,3296.0,3309.22,3264.41,3292.38,1632862.0
1710856800,3292.38,3292.52,3222.74,3259.2,1822203.0
1710860400,3259.2,3326.82,3225.28,3302.88,2078520.0
1710864000,3303.06,3346.76,3288.0,3327.97,1687527.0
1710867600,3327.97,3357.85,3302.58,3313.91,1424420.0
1710871200,3313.91,3333.22,3278.56,3315.95,992543.0
1710874800,3315.96,3360.0,3305.05,3333.59,575237.0
1710878400,3333.6,3339.23,3265.0,3278.76,985644.0
1710882000,3278.76,3299.36,3250.06,3290.96,710744.0
1710885600,3290.85,3296.18,3185.09,3211.39,1850640.0
1710889200,3211.4,3218.63,3150.04,3158.43,1794275.0
1710892800,3158.43,3239.5,3155.37,3235.46,1787339.0
1710896400,3235.46,3236.91,3160.0,3175.8,1565398.0
1710900000,3175.8,3228.9,3166.26,3224.45,1014348.0
1710903600,3224.45,3264.97,3153.29,3160.99,2334378.0
1710907200,3161.0,3195.03,3103.92,3128.55,3307513.0
1710910800,3128.56,3140.44,3051.58,3109.84,2890647.0
1710914400,3109.55,3149.17,3107.76,3140.73,1227256.0
1710918000,3140.73,3226.15,3139.87,3217.02,2145431.0
1710921600,3217.37,3234.98,3205.15,3207.32,1198023.0
1710925200,3207.32,3246.46,3205.17,3234.63,933512.0
1710928800,3234.63,3255.43,3216.18,3231.44,857502.0
1710932400,3231.43,3296.88,3224.72,3293.77,1668939.0
1710936000,3293.76,3358.0,3276.0,3355.21,2424644.0
1710939600,3355.21,3373.92,3321.0,3345.6,2062130.0
1710943200,3345.6,3388.0,3329.6,3385.75,1549916.0
1710946800,3385.75,3397.99,3284.13,3294.15,4092947.0
1710950400,3294.15,3317.0,3140.71,3241.54,5945165.0
1710954000,3241.94,3335.0,3227.04,3300.33,2772810.0
1710957600,3300.15,3408.09,3295.96,3398.06,2494383.0
1710961200,3398.25,3398.98,3353.62,3379.2,1412327.0
1710964800,3379.21,3499.99,3370.98,3460.96,1869806.0
1710968400,3461.03,3520.99,3457.07,3499.09,1206362.0
1710972000,3499.18,3526.59,3491.38,3521.6,1139687.0
1710975600,3521.56,3536.0,3504.18,3515.21,807444.0
1710979200,3515.48,3552.04,3493.98,3516.51,1349730.0
1710982800,3516.51,3530.47,3508.5,3526.36,448321.0
1710986400,3526.35,3560.26,3526.35,3540.28,790456.0
1710990000,3540.27,3555.79,3493.26,3511.62,1163980.0
1710993600,3511.62,3522.57,3486.43,3495.17,978787.0
1710997200,3495.17,3513.24,3445.97,3511.64,1531590.0
1711000800,3511.53,3534.99,3501.49,3508.08,929030.0
1711004400,3508.09,3537.85,3502.74,3517.21,748231.0
1711008000,3517.21,3587.5,3517.2,3568.94,1367803.0
1711011600,3568.93,3587.45,3522.12,3536.58,1335606.0
1711015200,3536.58,3551.69,3525.55,3542.16,718700.0
1711018800,3542.16,3550.44,3518.88,3531.66,698625.0
1711022400,3532.03,3567.89,3523.61,3542.12,764286.0
1711026000,3542.06,3575.58,3515.19,3521.06,1624976.0
1711029600,3521.06,3567.33,3511.0,3530.57,1274281.0
1711033200,3530.58,3534.65,3478.36,3499.05,1829962.0
1711036800,3499.05,3532.79,3486.0,3530.34,950231.0
1711040400,3530.33,3548.0,3463.15,3473.66,1303206.0
1711044000,3473.47,3482.14,3412.6,3422.39,1529379.0
1711047600,3422.39,3452.84,3417.53,3442.0,870547.0
1711051200,3442.07,3501.4,3412.66,3485.37,1290269.0
1711054800,3485.37,3509.21,3467.58,3504.8,326649.0
1711058400,3504.81,3523.55,3482.31,3483.42,530396.0
1711062000,3483.42,3500.0,3480.67,3492.8,265484.0
1711065600,3492.63,3520.59,3472.5,3496.55,678460.0
1711069200,3496.54,3512.59,3457.41,3463.31,653415.0
1711072800,3463.31,3482.91,3453.83,3478.81,658095.0
1711076400,3478.84,3528.82,3476.43,3522.2,948002.0
1711080000,3522.16,3528.47,3501.09,3511.05,652677.0
1711083600,3511.05,3534.41,3500.44,3531.46,558118.0
1711087200,3531.46,3542.79,3521.0,3532.04,509935.0
1711090800,3532.04,3535.0,3510.07,3512.76,569620.0
1711094400,3512.75,3524.16,3473.26,3483.32,867171.0
1711098000,3483.31,3494.97,3455.21,3466.99,799288.0
1711101600,3467.0,3474.0,3428.0,3434.28,1203792.0
1711105200,3434.28,3443.61,3389.0,3405.65,1193112.0
1711108800,3405.64,3426.19,3381.04,3412.18,1093292.0
1711112400,3412.18,3419.57,3330.08,3342.11,2631446.0
1711116000,3341.81,3361.5,3280.23,3287.41,3075806.0
1711119600,3287.44,3377.87,3280.53,3349.09,2520256.0
1711123200,3349.08,3349.67,3288.71,3313.07,1752859.0
1711126800,3313.07,3346.0,3312.61,3336.88,854640.0
1711130400,3337.06,3362.91,3322.2,3343.13,739245.0
1711134000,3343.14,3359.6,3322.21,3341.71,657739.0
1711137600,3341.72,3346.66,3305.05,3317.53,708679.0
1711141200,3317.52,3319.24,3246.0,3295.22,1386144.0
1711144800,3295.22,3302.75,3254.16,3287.64,830054.0
1711148400,3287.64,3338.15,3282.0,3337.91,622888.0
1711152000,3337.91,3338.92,3315.54,3319.71,485580.0
1711155600,3319.82,3354.0,3318.56,3348.07,578922.0
1711159200,3348.23,3362.35,3328.04,3339.75,642959.0
1711162800,3339.75,3341.07,3269.86,3303.81,1145256.0
1711166400,3303.82,3339.56,3298.99,3328.37,704038.0
1711170000,3328.2,3337.59,3315.5,3332.59,355816.0
1711173600,3332.59,3349.0,3322.47,3342.08,508207.0
1711177200,3342.08,3384.93,3341.75,3366.48,1075179.0
1711180800,3366.47,3378.41,3341.0,3352.0,731582.0
1711184400,3352.0,3359.72,3328.0,3355.02,640980.0
1711188000,3355.03,3383.73,3336.68,3347.99,938726.0
1711191600,3348.0,3369.55,3342.28,3365.86,446509.0
1711195200,3365.87,3383.4,3360.21,3369.75,476100.0
1711198800,3369.76,3375.7,3340.0,3365.58,808097.0
1711202400,3365.57,3424.0,3352.56,3415.02,1460614.0
1711206000,3415.02,3424.0,3382.6,3405.63,944118.0
1711209600,3405.63,3436.68,3384.38,3415.57,831563.0
1711213200,3415.67,3424.5,3398.06,3405.15,435428.0
1711216800,3405.15,3414.54,3397.2,3406.2,239344.0
1711220400,3406.2,3413.0,3385.31,3387.11,298816.0
1711224000,3387.11,3396.02,3380.4,3388.0,219751.0
1711227600,3388.0,3400.8,3372.05,3389.17,335870.0
1711231200,3389.17,3401.96,3375.82,3378.54,345356.0
1711234800,3378.52,3379.86,3327.01,3329.28,882941.0
1711238400,3329.29,3359.7,3327.44,3357.47,391563.0
1711242000,3357.79,3369.66,3347.18,3351.94,257610.0
1711245600,3351.95,3357.97,3338.8,3344.82,323022.0
1711249200,3344.82,3345.04,3306.0,3309.0,949948.0
1711252800,3309.01,3326.54,3300.26,3324.43,671387.0
1711256400,3324.43,3335.63,3316.48,3325.38,392824.0
1711260000,3325.38,3335.99,3315.52,3327.4,256484.0
1711263600,3327.4,3343.77,3317.54,3343.18,380621.0
1711267200,3343.24,3382.0,3336.17,3379.0,972103.0
1711270800,3379.01,3380.23,3356.01,3366.16,476969.0
1711274400,3366.16,3394.56,3365.22,3376.33,582621.0
1711278000,3376.33,3391.93,3366.68,3388.18,428812.0
1711281600,3388.18,3407.33,3377.17,3401.0,933321.0
1711285200,3401.01,3413.94,3384.0,3387.28,568082.0
1711288800,3387.49,3416.49,3385.44,3398.34,640153.0
1711292400,3398.68,3407.71,3388.24,3397.61,344789.0
1711296000,3397.6,3409.96,3367.51,3369.94,616194.0
1711299600,3369.94,3382.0,3333.5,3368.35,1569023.0
1711303200,3368.02,3398.0,3367.67,3386.99,664280.0
1711306800,3386.82,3396.6,3379.4,3382.85,295415.0
1711310400,3382.76,3429.19,3375.62,3414.45,588861.0
1711314000,3414.45,3429.79,3405.0,3424.22,324089.0
1711317600,3424.23,3452.57,3420.92,3442.18,691191.0
1711321200,3442.19,3473.0,3441.08,3455.79,601803.0
1711324800,3455.8,3462.69,3420.32,3428.96,566915.0
1711328400,3428.85,3449.0,3424.16,3429.81,400400.0
1711332000,3429.82,3446.1,3421.3,3440.89,321550.0
1711335600,3441.61,3455.72,3433.97,3455.0,267965.0
1711339200,3454.99,3491.94,3446.83,3489.38,801282.0
1711342800,3489.38,3507.09,3481.35,3486.22,736137.0
1711346400,3486.21,3488.0,3458.47,3467.86,518014.0
1711350000,3467.85,3477.79,3440.0,3445.55,567732.0
1711353600,3445.36,3460.56,3442.0,3449.88,422899.0
1711357200,3449.82,3460.97,3435.36,3458.17,444084.0
1711360800,3458.17,3474.65,3444.53,3456.0,631943.0
1711364400,3456.0,3456.78,3431.88,3437.0,486555.0
1711368000,3437.0,3462.4,3432.59,3451.05,508558.0
1711371600,3451.06,3487.39,3428.0,3486.19,1037733.0
1711375200,3486.19,3566.0,3471.15,3562.49,3014084.0
1711378800,3562.49,3589.92,3553.0,3582.42,1396319.0
1711382400,3582.43,3614.75,3568.22,3607.13,1315979.0
1711386000,3607.13,3668.17,3606.16,3639.78,1818433.0
1711389600,3639.78,3646.34,3620.6,3640.52,639543.0
1711393200,3640.44,3644.68,3622.0,3641.04,434364.0
1711396800,3641.04,3649.16,3626.28,3629.4,311348.0
1711400400,3629.41,3630.73,3566.07,3590.08,780855.0
1711404000,3590.09,3622.7,3590.09,3613.08,333716.0
1711407600,3613.09,3621.42,3578.12,3590.94,441885.0
1711411200,3590.94,3620.25,3581.67,3599.57,623457.0
1711414800,3599.57,3625.67,3594.25,3617.22,486424.0
1711418400,3616.81,3623.38,3600.0,3623.3,420047.0
1711422000,3623.29,3645.67,3612.27,3625.57,987519.0
1711425600,3625.57,3642.0,3621.06,3640.29,391736.0
1711429200,3640.3,3640.3,3623.8,3631.55,363371.0
1711432800,3631.56,3652.6,3626.61,3650.49,486851.0
1711436400,3650.5,3680.62,3630.0,3636.06,1680445.0
1711440000,3636.28,3663.05,3628.55,3654.82,894848.0
1711443600,3654.82,3672.85,3640.0,3666.41,856250.0
1711447200,3666.41,3669.55,3644.2,3650.47,413730.0
1711450800,3650.39,3650.99,3631.75,3633.28,462084.0
1711454400,3633.24,3658.75,3627.48,3645.81,732299.0
1711458000,3645.71,3650.62,3592.46,3609.52,1642010.0
1711461600,3609.61,3621.81,3543.15,3594.43,2777148.0
1711465200,3594.43,3598.96,3561.0,3593.64,983626.0
1711468800,3593.64,3605.38,3543.99,3562.53,982420.0
1711472400,3562.28,3591.35,3554.38,3585.79,575718.0
1711476000,3585.79,3597.07,3571.55,3574.79,348041.0
1711479600,3574.8,3581.44,3556.18,3561.52,538531.0
1711483200,3561.78,3583.95,3559.22,3577.19,231405.0
1711486800,3577.29,3601.64,3572.93,3587.84,233784.0
1711490400,3587.84,3608.98,3571.16,3606.41,386678.0
1711494000,3606.41,3616.67,3584.44,3588.19,398881.0
1711497600,3588.2,3620.9,3577.3,3617.79,552515.0
1711501200,3617.53,3629.7,3599.06,3606.77,488831.0
1711504800,3606.76,3621.0,3597.56,3619.91,395152.0
1711508400,3619.91,3623.66,3603.02,3603.62,420046.0
1711512000,3603.62,3609.4,3582.0,3591.9,511808.0
1711515600,3591.99,3616.01,3589.95,3612.83,356453.0
1711519200,3612.83,3617.3,3600.66,3607.68,252607.0
1711522800,3607.68,3609.97,3560.12,3564.97,940051.0
1711526400,3565.33,3581.93,3545.0,3551.73,737185.0
1711530000,3551.73,3578.91,3532.6,3574.98,1044740.0
1711533600,3574.98,3587.53,3565.68,3583.89,583047.0
1711537200,3583.89,3592.55,3573.55,3586.58,432249.0
1711540800,3586.58,3597.36,3567.75,3581.99,381793.0
1711544400,3581.99,3671.5,3546.63,3567.57,3581847.0
1711548000,3567.22,3575.2,3493.09,3559.58,3259439.0
1711551600,3559.59,3561.75,3511.21,3514.81,1387876.0
1711555200,3514.81,3529.0,3483.65,3525.39,1348327.0
1711558800,3525.39,3533.33,3496.72,3498.79,461912.0
1711562400,3498.79,3510.17,3461.0,3461.64,1026309.0
1711566000,3461.99,3501.78,3461.92,3492.66,505674.0
1711569600,3492.91,3516.85,3490.78,3514.12,436596.0
1711573200,3513.86,3521.99,3504.12,3507.96,225150.0
1711576800,3508.04,3523.81,3506.44,3517.35,265691.0
1711580400,3517.34,3517.45,3489.82,3503.54,449726.0
1711584000,3503.54,3535.0,3496.56,3517.81,665929.0
1711587600,3517.8,3522.34,3492.15,3498.51,492617.0
1711591200,3498.51,3513.58,3463.96,3480.59,902615.0
1711594800,3480.59,3500.0,3475.55,3497.51,475928.0
1711598400,3497.51,3517.75,3496.67,3516.58,531742.0
1711602000,3516.58,3544.71,3512.89,3533.47,778247.0
1711605600,3533.47,3578.12,3527.53,3576.1,1313520.0
1711609200,3576.11,3582.14,3564.36,3575.39,596602.0
1711612800,3575.67,3594.47,3567.0,3577.37,663506.0
1711616400,3577.37,3598.0,3573.05,3585.59,519401.0
1711620000,3585.6,3595.78,3573.13,3591.58,557898.0
1711623600,3591.59,3595.48,3571.05,3581.16,535203.0
1711627200,3581.39,3593.99,3556.51,3578.45,774077.0
1711630800,3578.45,3606.29,3552.57,3584.38,1515490.0
1711634400,3584.38,3614.18,3568.72,3608.57,1123732.0
1711638000,3608.56,3610.64,3568.38,3578.91,830720.0
1711641600,3578.91,3582.16,3556.92,3565.84,722148.0
1711645200,3565.83,3568.47,3537.0,3555.07,639462.0
1711648800,3555.05,3569.39,3552.0,3562.83,330626.0
1711652400,3562.84,3578.6,3560.66,3565.0,262537.0
1711656000,3565.0,3568.43,3553.85,3562.6,196920.0
1711659600,3562.6,3577.33,3558.66,3562.46,223033.0
1711663200,3562.4,3571.98,3543.66,3568.64,365079.0
1711666800,3568.65,3582.92,3560.66,3562.28,333382.0
1711670400,3562.29,3566.66,3554.28,3566.65,189285.0
1711674000,3566.66,3587.85,3562.57,3571.15,372138.0
1711677600,3571.15,3573.18,3552.83,3563.35,367866.0
1711681200,3563.36,3572.99,3551.15,3563.22,388116.0
1711684800,3563.22,3582.71,3556.35,3565.86,441412.0
1711688400,3565.87,3576.33,3556.54,3560.0,275715.0
1711692000,3560.0,3575.13,3553.34,3574.58,441495.0
1711695600,3574.39,3577.48,3514.0,3521.36,1349885.0
1711699200,3521.36,3549.0,3518.73,3538.53,1095753.0
1711702800,3538.53,3548.46,3522.7,3536.02,507766.0
1711706400,3535.74,3554.46,3524.86,3553.26,612414.0
1711710000,3553.21,3566.0,3546.73,3551.54,580489.0
1711713600,3551.54,3558.85,3534.58,3540.74,718040.0
1711717200,3540.73,3559.71,3527.58,3550.28,634289.0
1711720800,3550.39,3559.64,3541.27,3544.01,381224.0
1711724400,3544.02,3549.0,3480.0,3488.28,2140011.0
1711728000,3488.29,3503.19,3472.93,3480.57,912222.0
1711731600,3480.57,3497.54,3474.0,3486.73,585849.0
1711735200,3486.73,3497.4,3476.37,3493.01,271711.0
1711738800,3493.01,3501.92,3484.28,3500.61,164824.0
1711742400,3500.61,3501.59,3493.0,3497.22,170608.0
1711746000,3497.21,3498.98,3476.13,3485.96,304471.0
1711749600,3485.95,3524.55,3485.95,3523.87,586697.0
1711753200,3523.88,3526.73,3510.41,3510.84,357817.0
1711756800,3510.85,3516.14,3502.22,3515.22,275733.0
1711760400,3515.23,3522.0,3509.0,3512.41,261298.0
1711764000,3512.41,3514.0,3503.0,3507.9,219871.0
1711767600,3507.91,3511.29,3486.9,3490.21,492693.0
1711771200,3490.46,3511.94,3488.01,3507.79,338697.0
1711774800,3507.8,3533.0,3505.02,3508.68,851350.0
1711778400,3508.68,3509.52,3493.28,3500.0,412472.0
1711782000,3500.01,3503.99,3492.63,3492.68,161777.0
1711785600,3492.89,3512.78,3492.43,3506.0,510841.0
1711789200,3506.01,3516.32,3501.43,3516.23,245728.0
1711792800,3516.23,3531.51,3510.5,3527.48,502010.0
1711796400,3527.49,3567.01,3527.28,3561.52,1222634.0
1711800000,3561.51,3567.96,3549.61,3553.58,446122.0
1711803600,3553.58,3554.89,3536.61,3544.96,394137.0
1711807200,3544.97,3549.46,3532.25,3536.2,277010.0
1711810800,3536.01,3551.76,3534.2,3537.69,272135.0
1711814400,3537.68,3551.03,3527.0,3544.26,414450.0
1711818000,3544.27,3544.27,3527.13,3534.0,236034.0
1711821600,3534.0,3534.01,3520.83,3524.15,205028.0
1711825200,3524.15,3524.37,3485.42,3509.7,854697.0
1711828800,3509.71,3512.4,3500.06,3506.98,170857.0
1711832400,3506.97,3511.77,3495.54,3505.18,164167.0
1711836000,3505.09,3521.0,3501.0,3507.75,224460.0
1711839600,3507.75,3511.68,3496.47,3507.14,234088.0
1711843200,3507.14,3521.99,3506.0,3519.07,229618.0
1711846800,3519.06,3530.88,3515.83,3525.1,373353.0
1711850400,3525.1,3547.28,3521.57,3533.56,517475.0
1711854000,3533.56,3545.5,3524.09,3538.13,331839.0
1711857600,3538.13,3548.49,3533.28,3543.53,257643.0
1711861200,3543.54,3610.85,3540.66,3605.44,1660719.0
1711864800,3605.44,3634.53,3605.2,3617.58,1110722.0
1711868400,3617.67,3629.87,3610.42,3625.99,525392.0
1711872000,3625.99,3634.93,3615.4,3619.17,444052.0
1711875600,3619.17,3620.38,3603.38,3603.54,454936.0
1711879200,3603.55,3612.96,3603.54,3606.99,241457.0
1711882800,3606.99,3614.98,3602.0,3610.94,324832.0
1711886400,3610.95,3629.0,3607.6,3617.52,511788.0
1711890000,3617.51,3632.0,3617.51,3624.94,389668.0
1711893600,3624.94,3641.78,3616.09,3624.02,513293.0
1711897200,3624.03,3626.86,3613.21,3618.99,323869.0
1711900800,3618.98,3635.95,3618.29,3623.15,385219.0
1711904400,3623.14,3632.0,3621.93,3628.34,150825.0
1711908000,3628.34,3659.99,3625.02,3631.34,804120.0
1711911600,3631.34,3647.29,3615.05,3641.99,510636.0
1711915200,3641.99,3647.64,3632.51,3636.63,181881.0
1711918800,3636.63,3643.28,3620.05,3627.94,263080.0
1711922400,3627.95,3642.0,3625.43,3631.78,273185.0
1711926000,3631.78,3652.8,3630.63,3646.72,393658.0
1711929600,3646.73,3648.2,3617.05,3629.01,528540.0
1711933200,3629.01,3629.8,3608.34,3612.04,491118.0
1711936800,3612.04,3618.2,3608.22,3615.71,353795.0
1711940400,3615.72,3622.6,3602.9,3613.29,492579.0
1711944000,3613.29,3616.56,3602.03,3603.09,276519.0
1711947600,3603.09,3608.65,3500.0,3510.72,3595196.0
1711951200,3510.72,3547.84,3502.88,3541.8,1582827.0
1711954800,3541.8,3555.67,3538.01,3546.27,652257.0
1711958400,3546.26,3547.49,3520.6,3535.19,1006192.0
1711962000,3535.19,3552.59,3535.19,3541.47,379007.0
1711965600,3541.47,3548.94,3530.65,3547.82,321685.0
1711969200,3547.83,3562.0,3537.64,3539.64,506884.0
1711972800,3539.64,3561.93,3536.27,3559.03,453469.0
1711976400,3559.04,3572.41,3548.49,3557.3,747169.0
1711980000,3557.41,3559.81,3491.75,3509.97,1954288.0
1711983600,3509.98,3515.73,3436.0,3443.79,3520053.0
1711987200,3443.79,3465.0,3430.01,3445.79,1178388.0
1711990800,3445.85,3451.74,3412.44,3444.07,1030133.0
1711994400,3444.07,3449.71,3418.68,3446.82,480788.0
1711998000,3446.81,3490.0,3442.59,3486.72,627404.0
1712001600,3486.73,3498.0,3471.51,3496.93,518741.0
1712005200,3496.94,3506.49,3485.35,3494.0,306039.0
1712008800,3494.0,3517.0,3491.38,3505.35,395839.0
1712012400,3505.35,3515.6,3502.64,3504.83,243299.0
1712016000,3504.84,3507.0,3471.6,3488.52,811639.0
1712019600,3488.53,3504.67,3483.06,3494.24,400260.0
1712023200,3494.25,3494.41,3313.01,3366.74,4280177.0
1712026800,3366.74,3383.0,3353.0,3366.63,1081024.0
1712030400,3366.62,3383.85,3347.11,3363.6,897346.0
1712034000,3363.56,3373.8,3336.44,3369.51,849681.0
1712037600,3369.51,3388.59,3366.87,3382.06,632299.0
1712041200,3382.06,3387.99,3362.18,3362.72,656072.0
1712044800,3362.73,3371.48,3326.85,3335.91,935251.0
1712048400,3335.8,3355.0,3313.33,3345.81,1508945.0
1712052000,3345.82,3350.66,3307.0,3329.48,1085291.0
1712055600,3329.48,3333.68,3276.5,3310.08,2031747.0
1712059200,3310.09,3325.7,3288.11,3297.77,1020208.0
1712062800,3297.76,3308.58,3233.07,3271.63,2641420.0
1712066400,3271.64,3318.52,3270.06,3293.19,1644148.0
1712070000,3293.19,3311.66,3230.55,3239.86,1587862.0
1712073600,3239.63,3270.21,3208.75,3261.47,2161826.0
1712077200,3261.48,3272.89,3243.46,3269.47,652094.0
1712080800,3269.47,3284.76,3256.55,3274.56,546874.0
1712084400,3274.56,3284.37,3265.02,3276.93,409762.0
1712088000,3276.92,3295.86,3257.0,3269.62,685274.0
1712091600,3269.57,3274.57,3240.0,3266.82,406425.0
1712095200,3266.83,3303.93,3258.82,3299.0,572411.0
1712098800,3299.0,3306.0,3270.89,3279.5,513870.0
1712102400,3279.5,3291.0,3200.1,3279.72,2591126.0
1712106000,3279.72,3306.0,3257.0,3298.07,1101943.0
1712109600,3298.07,3313.0,3294.43,3307.57,623550.0
1712113200,3307.69,3324.93,3296.01,3315.91,580863.0
1712116800,3315.9,3325.33,3307.37,3315.21,387055.0
1712120400,3315.21,3317.0,3277.54,3292.59,851850.0
1712124000,3292.58,3313.8,3289.5,3310.01,472805.0
1712127600,3310.01,3319.0,3299.82,3304.99,452408.0
1712131200,3304.99,3357.95,3289.22,3344.37,1429633.0
1712134800,3344.37,3356.35,3330.0,3347.18,727484.0
1712138400,3347.19,3348.89,3306.0,3319.82,762771.0
1712142000,3319.82,3328.38,3291.0,3318.75,1022344.0
1712145600,3318.75,3329.72,3301.45,3310.85,498169.0
1712149200,3310.86,3320.48,3293.45,3312.67,768507.0
1712152800,3312.67,3365.0,3312.67,3358.32,1515883.0
1712156400,3358.33,3359.47,3310.07,3329.11,957345.0
1712160000,3329.0,3368.97,3325.62,3349.35,886685.0
1712163600,3349.35,3358.08,3308.93,3325.15,738164.0
1712167200,3325.15,3335.79,3279.71,3335.78,1704086.0
1712170800,3335.79,3344.42,3311.0,3315.0,564022.0
1712174400,3315.01,3316.87,3294.64,3306.71,410400.0
1712178000,3306.7,3322.66,3289.19,3318.11,345169.0
1712181600,3318.11,3322.86,3310.25,3319.38,221512.0
1712185200,3319.39,3326.88,3310.7,3311.98,201230.0
1712188800,3311.97,3334.4,3304.01,3328.48,326630.0
1712192400,3328.48,3334.63,3312.37,3321.87,362502.0
1712196000,3321.86,3322.2,3264.0,3274.22,1353098.0
1712199600,3274.22,3286.72,3260.4,3274.73,582410.0
1712203200,3274.72,3295.08,3251.0,3288.57,1264291.0
1712206800,3288.58,3304.77,3281.21,3296.65,424347.0
1712210400,3296.64,3313.46,3294.69,3311.48,409065.0
1712214000,3311.48,3335.0,3302.0,3323.73,762871.0
1712217600,3323.74,3337.95,3320.0,3332.58,340419.0
1712221200,3332.58,3343.1,3328.78,3338.4,350190.0
1712224800,3338.41,3357.68,3330.3,3341.84,539135.0
1712228400,3341.85,3349.59,3333.79,3340.71,259481.0
1712232000,3340.72,3354.55,3339.21,3347.31,378216.0
1712235600,3347.3,3380.88,3346.61,3366.0,1041844.0
1712239200,3366.0,3397.18,3359.39,3381.73,989259.0
1712242800,3381.73,3384.0,3358.42,3363.9,837631.0
1712246400,3363.91,3393.72,3360.29,3375.01,786130.0
1712250000,3375.0,3418.0,3371.04,3412.53,766186.0
1712253600,3412.53,3445.85,3376.37,3380.54,1682318.0
1712257200,3380.54,3386.82,3361.21,3366.79,621111.0
1712260800,3366.8,3371.08,3277.33,3326.56,2885593.0
1712264400,3326.56,3338.85,3300.01,3322.19,527742.0
1712268000,3322.2,3332.61,3308.42,3314.0,299049.0
1712271600,3314.0,3337.3,3309.8,3328.79,297134.0
1712275200,3328.79,3336.85,3309.02,3330.5,394020.0
1712278800,3330.45,3330.73,3286.03,3300.6,657008.0
1712282400,3300.6,3301.48,3251.36,3268.3,1332042.0
1712286000,3268.35,3312.0,3265.02,3309.06,805780.0
1712289600,3308.93,3320.0,3276.0,3296.59,757553.0
1712293200,3296.59,3297.59,3241.29,3273.99,1243019.0
1712296800,3273.99,3292.59,3270.0,3288.6,461038.0
1712300400,3288.6,3292.49,3273.6,3286.99,334137.0
1712304000,3287.0,3314.36,3277.62,3285.29,810324.0
1712307600,3285.28,3285.56,3252.7,3277.98,1043745.0
1712311200,3277.98,3285.62,3255.64,3276.43,590831.0
1712314800,3276.43,3280.22,3235.5,3244.64,894174.0
1712318400,3244.66,3266.99,3208.0,3261.95,2439136.0
1712322000,3261.96,3289.89,3234.0,3283.76,1286546.0
1712325600,3283.76,3332.94,3276.03,3320.06,1756689.0
1712329200,3320.01,3329.7,3302.3,3327.14,784356.0
1712332800,3327.13,3335.0,3313.01,3321.74,700507.0
1712336400,3321.73,3331.26,3307.49,3313.75,481433.0
1712340000,3313.75,3337.98,3306.33,3327.91,524755.0
1712343600,3327.91,3349.42,3318.73,3321.0,469614.0
1712347200,3320.89,3346.18,3318.31,3334.8,214281.0
1712350800,3334.8,3344.24,3321.72,3321.94,154283.0
1712354400,3321.95,3328.79,3310.01,3314.89,169640.0
1712358000,3314.9,3329.32,3314.7,3317.64,158418.0
1712361600,3317.65,3340.0,3311.11,3324.0,459397.0
1712365200,3323.99,3331.02,3313.09,3318.01,190286.0
1712368800,3318.01,3327.23,3306.07,3321.59,443096.0
1712372400,3321.68,3347.5,3321.68,3331.74,427288.0
1712376000,3331.74,3339.23,3321.27,3329.66,206801.0
1712379600,3329.67,3353.94,3327.55,3337.25,481118.0
1712383200,3337.24,3347.08,3332.68,3343.0,172834.0
1712386800,3343.0,3343.69,3328.23,3330.85,261052.0
1712390400,3330.85,3345.85,3325.42,3341.07,243851.0
1712394000,3341.08,3351.73,3330.47,3334.02,277843.0
1712397600,3334.03,3342.99,3331.21,3339.01,147133.0
1712401200,3339.0,3347.38,3329.38,3331.65,218700.0
1712404800,3331.43,3337.8,3320.44,3333.49,246339.0
1712408400,3333.49,3333.53,3313.13,3318.67,529416.0
1712412000,3318.67,3339.61,3316.25,3335.17,337475.0
1712415600,3335.16,3362.65,3332.82,3335.91,858289.0
1712419200,3335.84,3340.6,3331.03,3340.29,190179.0
1712422800,3340.3,3355.44,3332.78,3341.75,251321.0
1712426400,3341.74,3348.22,3337.42,3347.49,178314.0
1712430000,3347.37,3357.92,3342.5,3349.29,193975.0
1712433600,3349.28,3364.93,3344.18,3361.66,204273.0
1712437200,3361.65,3368.95,3349.51,3352.29,188433.0
1712440800,3352.29,3380.8,3352.17,3378.27,390827.0
1712444400,3378.28,3399.83,3350.72,3351.38,761741.0
1712448000,3351.39,3359.94,3343.24,3357.61,399379.0
1712451600,3357.61,3398.0,3356.55,3389.41,742436.0
1712455200,3389.42,3415.41,3380.12,3384.0,744033.0
1712458800,3384.0,3395.0,3380.0,3389.04,215659.0
1712462400,3389.05,3394.0,3375.0,3385.71,303173.0
1712466000,3385.71,3407.6,3384.38,3401.62,295629.0
1712469600,3401.61,3402.19,3381.16,3385.13,294121.0
1712473200,3385.12,3395.0,3381.0,3385.61,205441.0
1712476800,3385.61,3395.8,3383.7,3393.03,150548.0
1712480400,3393.02,3394.76,3376.0,3383.4,254329.0
1712484000,3383.41,3393.62,3375.51,3392.19,209962.0
1712487600,3392.2,3393.45,3384.3,3390.16,147187.0
1712491200,3390.15,3408.2,3384.5,3401.31,394382.0
1712494800,3401.31,3425.8,3398.11,3406.81,637753.0
1712498400,3406.7,3415.0,3394.07,3408.28,380598.0
1712502000,3408.29,3416.96,3384.47,3389.51,724633.0
1712505600,3389.79,3412.66,3387.22,3395.45,673928.0
1712509200,3395.44,3397.45,3377.0,3386.08,459552.0
1712512800,3386.07,3387.79,3367.01,3382.35,356458.0
1712516400,3382.35,3393.0,3372.0,3381.99,244749.0
1712520000,3382.0,3403.52,3378.33,3401.77,255459.0
1712523600,3401.77,3413.84,3398.73,3399.58,258397.0
1712527200,3399.58,3430.81,3395.17,3421.47,536226.0
1712530800,3421.69,3460.96,3420.01,3454.0,802232.0
1712534400,3454.0,3457.65,3425.0,3429.68,600539.0
1712538000,3429.68,3440.91,3420.01,3425.17,424709.0
1712541600,3425.09,3437.0,3418.0,3424.8,320039.0
1712545200,3424.81,3425.55,3407.44,3422.85,435113.0
1712548800,3422.89,3426.84,3413.13,3420.0,186455.0
1712552400,3419.99,3433.42,3419.99,3428.79,322131.0
1712556000,3428.79,3432.58,3421.18,3431.32,212529.0
1712559600,3431.32,3479.0,3429.68,3474.33,1444381.0
1712563200,3474.4,3615.96,3470.13,3598.53,4252165.0
1712566800,3598.54,3627.95,3586.95,3620.34,1547848.0
1712570400,3620.34,3636.48,3610.06,3620.17,913697.0
1712574000,3619.88,3644.0,3615.48,3634.16,623811.0
1712577600,3634.17,3673.3,3634.17,3643.96,1316890.0
1712581200,3643.97,3673.84,3612.0,3629.98,1735338.0
1712584800,3630.04,3652.86,3616.86,3646.84,964447.0
1712588400,3646.94,3653.8,3624.19,3629.78,606141.0
1712592000,3629.79,3666.31,3627.29,3659.56,745742.0
1712595600,3659.29,3679.93,3640.28,3669.79,773006.0
1712599200,3669.8,3714.1,3669.79,3692.93,1338121.0
1712602800,3692.85,3706.58,3683.02,3704.23,434364.0
1712606400,3704.34,3709.8,3683.0,3691.2,271575.0
1712610000,3691.2,3698.32,3683.96,3687.79,158119.0
1712613600,3687.79,3732.93,3684.0,3722.81,556581.0
1712617200,3722.81,3732.57,3690.05,3695.88,552581.0
1712620800,3695.88,3726.86,3688.6,3695.46,566499.0
1712624400,3695.47,3698.0,3666.0,3681.25,890666.0
1712628000,3681.25,3728.0,3676.5,3707.99,769297.0
1712631600,3707.98,3717.71,3683.44,3693.93,584872.0
1712635200,3693.93,3703.85,3674.24,3697.5,543986.0
1712638800,3697.5,3702.51,3682.02,3692.97,404167.0
1712642400,3692.96,3697.21,3632.1,3643.63,1508773.0
1712646000,3643.62,3657.92,3633.0,3642.29,919516.0
1712649600,3642.38,3642.39,3580.0,3629.37,2540749.0
1712653200,3629.37,3648.0,3617.07,3630.5,782010.0
1712656800,3630.49,3639.94,3612.86,3628.32,615808.0
1712660400,3628.31,3644.23,3623.3,3633.54,431041.0
1712664000,3633.54,3643.95,3620.78,3630.07,465971.0
1712667600,3630.07,3639.88,3590.05,3593.55,1285156.0
1712671200,3593.55,3613.35,3490.14,3522.68,3996712.0
1712674800,3522.68,3532.99,3477.0,3530.4,1781858.0
1712678400,3530.39,3533.96,3494.17,3498.38,754761.0
1712682000,3498.53,3508.2,3450.38,3505.4,1602437.0
1712685600,3505.26,3513.5,3498.03,3506.65,274238.0
1712689200,3506.65,3525.87,3495.11,3518.82,300820.0
1712692800,3518.61,3527.48,3513.06,3515.98,189708.0
1712696400,3515.98,3517.16,3496.0,3510.04,204451.0
1712700000,3510.05,3523.0,3503.08,3519.14,142066.0
1712703600,3519.13,3519.14,3484.43,3506.0,526081.0
1712707200,3506.01,3521.74,3497.55,3507.47,345341.0
1712710800,3507.46,3517.85,3473.56,3516.66,747286.0
1712714400,3516.65,3539.83,3465.43,3478.38,1514528.0
1712718000,3478.38,3515.44,3473.21,3514.03,633449.0
1712721600,3514.03,3525.59,3506.48,3517.22,441720.0
1712725200,3517.21,3542.91,3515.36,3533.72,627409.0
1712728800,3533.72,3556.72,3530.08,3539.78,628054.0
1712732400,3539.57,3551.36,3535.5,3537.47,291458.0
1712736000,3537.47,3537.89,3501.09,3518.95,1018952.0
1712739600,3518.96,3537.79,3506.85,3533.0,465071.0
1712743200,3533.0,3543.28,3492.82,3520.21,1061465.0
1712746800,3520.2,3526.8,3513.46,3522.18,297094.0
1712750400,3522.17,3529.71,3408.14,3439.88,3508670.0
1712754000,3439.88,3463.94,3415.07,3461.72,1426645.0
1712757600,3461.72,3503.78,3445.77,3486.0,1527058.0
1712761200,3486.0,3491.66,3461.01,3478.69,844454.0
1712764800,3478.68,3534.29,3469.01,3528.5,1155088.0
1712768400,3528.5,3549.8,3511.72,3519.14,987772.0
1712772000,3519.15,3520.93,3478.29,3495.65,940310.0
1712775600,3495.65,3524.82,3489.06,3522.99,443707.0
1712779200,3523.0,3531.46,3512.16,3514.82,291319.0
1712782800,3514.83,3518.89,3495.3,3514.04,191200.0
1712786400,3514.04,3564.42,3512.77,3538.51,750846.0
1712790000,3538.51,3548.0,3532.57,3546.59,261766.0
1712793600,3546.58,3549.27,3527.23,3534.61,300890.0
1712797200,3534.61,3543.95,3525.02,3531.2,299535.0
1712800800,3531.2,3579.64,3528.21,3567.19,676124.0
1712804400,3567.17,3575.99,3555.6,3575.99,346272.0
1712808000,3575.99,3582.68,3553.08,3561.6,498101.0
1712811600,3561.59,3569.94,3556.0,3563.65,203143.0
1712815200,3563.64,3586.93,3562.32,3575.58,449063.0
1712818800,3575.57,3607.0,3575.57,3583.67,755395.0
1712822400,3583.75,3618.1,3577.67,3608.28,674190.0
1712826000,3608.31,3608.75,3578.02,3578.76,520712.0
1712829600,3578.75,3585.4,3558.0,3562.15,646576.0
1712833200,3562.15,3566.67,3515.0,3523.39,1241297.0
1712836800,3523.39,3576.23,3521.02,3558.68,1522925.0
1712840400,3558.68,3571.98,3488.72,3527.02,2059226.0
1712844000,3527.03,3528.87,3486.5,3494.07,1278889.0
1712847600,3494.07,3511.5,3487.2,3508.52,698591.0
1712851200,3508.48,3523.51,3473.0,3504.84,1200342.0
1712854800,3504.84,3522.15,3499.73,3512.64,518456.0
1712858400,3512.63,3518.65,3495.25,3505.33,251880.0
1712862000,3505.34,3519.98,3497.67,3519.01,215484.0
1712865600,3519.0,3533.76,3513.25,3525.58,294140.0
1712869200,3525.59,3525.59,3495.01,3500.9,307647.0
1712872800,3500.9,3513.5,3497.29,3506.27,151910.0
1712876400,3506.2,3511.49,3490.01,3502.93,213407.0
1712880000,3502.94,3526.57,3501.5,3524.47,324589.0
1712883600,3524.46,3527.38,3505.09,3509.44,237823.0
1712887200,3509.44,3532.09,3502.23,3520.7,374018.0
1712890800,3520.71,3539.39,3520.7,3535.16,369440.0
1712894400,3535.01,3553.98,3528.94,3548.0,423053.0
1712898000,3548.01,3552.49,3536.41,3543.37,288011.0
1712901600,3543.37,3544.0,3526.18,3535.98,337759.0
1712905200,3535.99,3540.56,3506.16,3517.53,598701.0
1712908800,3517.54,3529.0,3513.41,3525.84,350298.0
1712912400,3525.84,3534.0,3509.06,3515.38,496309.0
1712916000,3515.39,3533.84,3509.39,3530.88,412131.0
1712919600,3530.88,3542.85,3528.73,3532.44,488148.0
1712923200,3532.43,3533.0,3486.8,3498.21,1028095.0
1712926800,3498.21,3498.21,3447.77,3463.84,1846731.0
1712930400,3464.0,3475.0,3437.25,3441.82,1079870.0
1712934000,3441.82,3458.48,3440.0,3440.29,644379.0
1712937600,3440.28,3454.82,3407.9,3423.52,1685697.0
1712941200,3423.52,3429.26,3266.58,3325.42,4430188.0
1712944800,3325.28,3341.73,3055.01,3211.09,7280360.0
1712948400,3211.08,3242.48,3193.85,3206.64,1874205.0
1712952000,3206.35,3256.99,3201.22,3226.32,1091548.0
1712955600,3226.31,3227.0,3207.06,3218.21,717975.0
1712959200,3218.21,3231.3,3210.33,3219.27,470930.0
1712962800,3219.26,3246.2,3207.25,3237.35,477971.0
1712966400,3237.09,3237.1,3216.97,3233.58,509123.0
1712970000,3233.57,3234.03,3142.3,3160.01,2007319.0
1712973600,3160.01,3216.1,3158.62,3212.71,1094086.0
1712977200,3212.71,3233.25,3202.63,3230.35,669754.0
1712980800,3230.35,3265.91,3222.68,3255.44,1012118.0
1712984400,3255.44,3262.8,3246.45,3247.4,480185.0
1712988000,3247.4,3267.7,3245.77,3265.64,444582.0
1712991600,3265.64,3273.47,3247.8,3257.83,571881.0
1712995200,3257.58,3264.25,3247.17,3252.09,333816.0
1712998800,3252.15,3271.66,3247.5,3265.41,465068.0
1713002400,3265.41,3279.98,3257.86,3275.36,509126.0
1713006000,3275.16,3303.0,3265.46,3267.7,1137809.0
1713009600,3267.7,3290.26,3258.0,3277.46,625573.0
1713013200,3277.46,3290.65,3263.6,3269.86,499306.0
1713016800,3269.86,3278.33,3250.0,3261.79,475242.0
1713020400,3261.78,3298.0,3254.55,3272.12,641584.0
1713024000,3272.13,3279.78,3225.56,3245.2,1284905.0
1713027600,3245.2,3247.17,3188.09,3193.11,2600297.0
1713031200,3193.12,3238.76,3181.12,3234.18,1158088.0
1713034800,3234.18,3237.77,2977.0,3083.8,3474150.0
1713038400,3083.8,3094.81,2786.0,2910.71,9953311.0
1713042000,2910.99,2952.35,2858.0,2950.65,2484079.0
1713045600,2950.64,3033.0,2897.25,3018.21,2279049.0
1713049200,3018.13,3062.77,2995.82,3005.44,1445798.0
1713052800,3005.43,3018.53,2901.44,2966.91,2139549.0
1713056400,2966.9,3011.54,2933.69,2992.39,1217591.0
1713060000,2992.39,3005.91,2953.03,2957.68,743500.0
1713063600,2957.68,2977.27,2912.23,2970.85,1572182.0
1713067200,2970.84,3050.0,2965.25,3041.8,1371193.0
1713070800,3041.79,3079.55,3034.83,3072.58,1129794.0
1713074400,3072.58,3097.68,3054.34,3090.17,963000.0
1713078000,3090.17,3102.38,3069.97,3083.85,661159.0
1713081600,3083.85,3098.93,3056.37,3068.44,677887.0
1713085200,3068.35,3077.32,3024.83,3043.38,1115265.0
1713088800,3043.38,3067.0,3030.36,3054.64,656717.0
1713092400,3054.64,3061.2,3008.2,3027.44,988508.0
1713096000,3027.35,3067.8,3021.74,3044.66,1005569.0
1713099600,3044.66,3069.45,3026.82,3032.85,895562.0
1713103200,3032.85,3059.94,3005.05,3035.98,1673778.0
1713106800,3035.64,3075.86,3032.04,3055.0,978899.0
1713110400,3055.4,3101.0,3051.43,3080.54,1147514.0
1713114000,3080.54,3094.52,2977.11,3050.67,3578651.0
1713117600,3050.97,3091.67,3037.42,3082.86,1150808.0
1713121200,3082.85,3089.92,3058.81,3073.17,401381.0
1713124800,3073.25,3089.84,3056.81,3066.85,459903.0
1713128400,3066.85,3072.76,3045.18,3065.39,348714.0
1713132000,3065.39,3171.8,3065.39,3156.38,1711024.0
1713135600,3156.59,3174.65,3148.11,3154.03,585898.0
1713139200,3154.03,3154.85,3100.11,3112.55,1066327.0
1713142800,3112.56,3133.56,3098.18,3128.84,788546.0
1713146400,3128.84,3148.0,3125.43,3138.42,692524.0
1713150000,3138.42,3157.08,3133.78,3146.59,648833.0
1713153600,3146.59,3148.14,3122.23,3138.84,680322.0
1713157200,3138.85,3161.32,3133.94,3157.04,426224.0
1713160800,3157.04,3255.0,3156.17,3240.2,2559853.0
1713164400,3240.17,3252.77,3224.16,3242.28,857119.0
1713168000,3242.29,3265.96,3234.53,3249.25,953956.0
1713171600,3249.25,3262.15,3233.42,3253.62,827806.0
1713175200,3253.62,3269.58,3248.21,3260.53,499709.0
1713178800,3260.53,3278.78,3227.01,3229.76,1087729.0
1713182400,3229.76,3244.54,3225.12,3232.02,596048.0
1713186000,3232.01,3239.42,3181.8,3193.81,1668146.0
1713189600,3193.82,3209.58,3126.04,3129.4,2627388.0
1713193200,3129.41,3165.3,3101.68,3163.27,1870369.0
1713196800,3163.35,3179.75,3130.05,3136.75,1352822.0
1713200400,3136.99,3173.79,3085.34,3115.81,1957936.0
1713204000,3115.64,3127.0,3041.19,3055.8,1965731.0
1713207600,3055.74,3116.74,3022.4,3099.73,2005819.0
1713211200,3099.74,3116.93,3072.93,3081.55,690394.0
1713214800,3081.88,3114.67,3054.84,3106.91,646855.0
1713218400,3106.9,3129.0,3083.34,3127.2,594105.0
1713222000,3127.2,3127.2,3090.0,3102.39,455731.0
1713225600,3102.4,3107.74,3060.63,3082.5,922790.0
1713229200,3082.49,3121.44,3072.42,3079.42,968446.0
1713232800,3079.42,3100.0,3050.79,3094.73,945397.0
1713236400,3094.74,3108.38,3055.09,3072.79,1095388.0
1713240000,3072.8,3080.4,2985.01,3026.56,2431913.0
1713243600,3026.57,3059.0,3018.01,3047.17,829881.0
1713247200,3047.36,3087.38,3042.26,3081.46,697283.0
1713250800,3081.61,3127.0,3076.61,3106.57,1242604.0
1713254400,3106.56,3110.9,3075.87,3084.73,803280.0
1713258000,3084.74,3104.42,3072.79,3079.6,641603.0
1713261600,3079.6,3090.96,3000.05,3051.55,2477846.0
1713265200,3051.54,3100.0,3044.75,3093.27,1301361.0
1713268800,3093.32,3093.32,3063.2,3075.43,852955.0
1713272400,3075.24,3095.95,3038.18,3068.48,1597256.0
1713276000,3068.94,3093.27,3036.53,3042.06,1378214.0
1713279600,3042.2,3055.31,3008.69,3009.38,1598755.0
1713283200,3009.05,3060.0,2994.36,3058.2,1649396.0
1713286800,3058.2,3085.0,3031.33,3043.17,1406119.0
1713290400,3043.16,3076.85,3035.16,3073.12,633865.0
1713294000,3073.11,3077.73,3054.22,3057.77,390415.0
1713297600,3057.63,3073.24,3051.08,3070.7,258364.0
1713301200,3070.7,3119.49,3068.1,3102.12,640427.0
1713304800,3102.12,3104.99,3077.89,3093.4,309465.0
1713308400,3093.4,3096.0,3078.52,3083.89,242698.0
1713312000,3083.9,3107.65,3075.94,3094.71,465200.0
1713315600,3094.71,3096.71,3067.47,3091.3,531625.0
1713319200,3091.31,3100.8,3072.35,3085.41,469302.0
1713322800,3085.42,3096.36,3080.79,3094.8,299753.0
1713326400,3094.8,3124.69,3085.01,3112.15,668959.0
1713330000,3112.16,3120.29,3082.9,3089.14,698593.0
1713333600,3089.13,3098.92,3081.16,3091.02,309993.0
1713337200,3091.01,3094.41,3064.43,3076.55,755684.0
1713340800,3076.56,3087.73,3067.0,3073.71,397404.0
1713344400,3073.7,3087.9,3069.76,3079.5,307249.0
1713348000,3079.51,3080.0,3053.37,3060.1,795230.0
1713351600,3060.09,3073.13,3036.8,3040.17,748064.0
1713355200,3040.16,3050.65,3015.0,3031.7,1105117.0
1713358800,3031.71,3064.89,3024.13,3043.11,1109391.0
1713362400,3043.12,3044.15,2940.09,2982.75,3942533.0
1713366000,2982.75,2993.95,2925.0,2946.67,2578212.0
1713369600,2946.67,2999.0,2913.0,2951.0,2426317.0
1713373200,2951.0,3007.53,2947.21,3002.14,846088.0
1713376800,3002.19,3043.75,2996.74,3025.99,1094031.0
1713380400,3025.99,3026.35,2982.4,3001.6,739629.0
1713384000,3001.6,3011.99,2962.59,2971.75,489860.0
1713387600,2971.76,3015.59,2971.76,2998.64,378368.0
1713391200,2998.63,3009.33,2986.47,3008.7,252378.0
1713394800,3008.69,3014.54,2976.51,2985.01,359634.0
1713398400,2985.0,2999.0,2951.0,2992.99,881717.0
1713402000,2993.0,3011.9,2987.51,3004.0,611216.0
1713405600,3004.01,3015.5,2991.13,3011.4,478382.0
1713409200,3011.39,3035.8,3010.95,3025.26,678199.0
1713412800,3025.26,3034.49,3005.0,3014.06,542287.0
1713416400,3014.07,3022.0,2977.3,2983.48,743036.0
1713420000,2983.48,2991.73,2956.02,2973.47,1052924.5
1713423600,2973.48,2989.98,2962.04,2974.85,610851.1
1713427200,2974.85,2993.0,2953.06,2985.29,804610.2
1713430800,2985.29,3013.45,2983.0,3006.84,732249.6
1713434400,3006.84,3016.28,2997.55,3011.31,446972.0
1713438000,3011.32,3066.37,3010.67,3045.8,1639084.1
1713441600,3045.8,3051.74,2984.35,3025.13,1580529.8
1713445200,3025.14,3051.3,3008.04,3049.1,1093629.6
1713448800,3049.11,3093.53,3035.15,3079.62,1832532.6
1713452400,3079.63,3095.0,3055.16,3068.78,914987.7
1713456000,3068.77,3084.18,3056.0,3061.93,695125.2
1713459600,3061.93,3070.83,3031.79,3038.3,906159.6
1713463200,3038.31,3058.73,3018.0,3052.12,683189.3
1713466800,3052.13,3067.16,3049.7,3064.61,326184.3
1713470400,3064.57,3076.03,3057.69,3068.6,324395.0
1713474000,3068.61,3075.36,3059.69,3065.52,160152.8
1713477600,3065.48,3081.91,3056.0,3070.8,253966.1
1713481200,3070.75,3078.64,3060.5,3064.49,185763.9
1713484800,3064.5,3070.85,3040.22,3040.86,548123.1
1713488400,3041.3,3044.69,2926.66,2941.75,3236325.2
1713492000,2941.76,2948.5,2862.9,2943.53,3625165.5
1713495600,2943.53,2999.9,2936.32,2979.05,1975892.5
1713499200,2979.06,3024.44,2977.94,3004.79,1227403.0
1713502800,3004.79,3016.97,2981.28,3000.21,1064832.8
1713506400,3000.22,3111.0,2989.13,3104.19,2472363.3
1713510000,3104.0,3129.95,3066.9,3084.74,1770184.3
1713513600,3084.28,3126.0,3075.58,3111.46,1669524.6
1713517200,3111.46,3118.47,3092.84,3102.66,462903.0
1713520800,3102.65,3118.0,3081.44,3098.26,545387.6
1713524400,3098.27,3120.0,3091.48,3102.75,671777.4
1713528000,3102.75,3121.85,3090.37,3100.06,686014.5
1713531600,3100.06,3108.67,3080.33,3098.69,919178.5
1713535200,3098.79,3103.52,3052.25,3080.46,1292216.5
1713538800,3080.44,3094.0,3074.23,3080.75,396772.4
1713542400,3080.74,3086.6,3043.0,3065.74,1299528.9
1713546000,3065.74,3096.95,3057.68,3080.67,674984.8
1713549600,3080.66,3085.9,3068.52,3076.54,523292.4
1713553200,3076.71,3110.17,3072.82,3104.31,423401.5
1713556800,3104.27,3104.29,3070.35,3078.11,387333.2
1713560400,3078.11,3103.82,3078.11,3099.99,213233.0
1713564000,3099.99,3105.5,3068.36,3069.34,352439.2
1713567600,3069.34,3073.17,3019.06,3056.13,1165156.2
1713571200,3056.12,3071.39,3023.46,3030.33,879908.7
1713574800,3030.33,3058.33,3017.35,3050.94,627361.0
1713578400,3050.94,3066.57,3045.43,3053.51,356375.0
1713582000,3053.51,3058.96,3049.74,3055.84,166253.5
1713585600,3056.12,3067.9,3048.81,3064.8,325370.3
1713589200,3064.6,3070.99,3057.16,3063.01,234440.6
1713592800,3063.2,3071.81,3054.1,3065.12,234565.6
1713596400,3065.13,3071.22,3058.7,3061.17,132213.1
1713600000,3061.17,3061.48,3044.08,3050.26,347568.6
1713603600,3050.25,3052.0,3028.12,3044.43,563642.0
1713607200,3044.43,3050.98,3031.0,3038.49,325027.2
1713610800,3038.49,3055.64,3038.0,3047.82,340124.9
1713614400,3047.81,3068.47,3040.34,3059.18,470047.4
1713618000,3059.18,3070.43,3058.46,3061.25,290527.3
1713621600,3061.25,3068.79,3053.06,3065.82,302135.7
1713625200,3065.83,3115.35,3056.01,3109.16,1129836.9
1713628800,3109.17,3117.06,3087.0,3098.45,670250.9
1713632400,3098.44,3167.1,3098.44,3154.37,1619904.3
1713636000,3154.2,3161.27,3132.64,3139.08,628914.0
1713639600,3139.08,3151.38,3128.1,3148.39,355888.9
1713643200,3148.38,3173.47,3143.98,3156.21,601499.8
1713646800,3156.08,3163.02,3144.3,3152.5,219164.7
1713650400,3152.52,3156.98,3140.48,3141.48,240914.7
1713654000,3141.21,3163.0,3140.91,3155.12,238683.4
1713657600,3155.12,3156.0,3126.54,3136.0,417828.3
1713661200,3136.06,3156.32,3135.17,3149.47,260397.2
1713664800,3149.44,3189.44,3144.55,3181.99,958602.1
1713668400,3182.0,3197.82,3163.17,3167.01,667562.0
1713672000,3167.0,3181.3,3152.0,3175.93,496592.0
1713675600,3175.93,3189.89,3170.03,3176.6,341859.9
1713679200,3176.59,3191.96,3171.25,3178.31,422871.7
1713682800,3178.31,3183.54,3163.32,3179.76,373488.6
1713686400,3179.67,3186.77,3168.76,3169.69,322531.7
1713690000,3169.68,3175.5,3163.67,3170.52,251808.0
1713693600,3170.53,3173.97,3153.5,3169.67,455340.7
1713697200,3169.67,3183.34,3157.0,3168.29,485927.8
1713700800,3168.28,3177.2,3153.86,3157.47,398922.9
1713704400,3157.46,3170.0,3136.87,3145.78,780549.2
1713708000,3145.65,3157.62,3141.29,3148.0,330386.9
1713711600,3147.99,3165.78,3147.26,3159.36,359684.4
1713715200,3159.36,3161.88,3115.31,3137.57,1399854.6
1713718800,3137.58,3149.59,3133.17,3148.55,304153.5
1713722400,3148.54,3149.0,3134.41,3146.0,156885.2
1713726000,3146.04,3157.8,3136.63,3137.11,254512.3
1713729600,3137.1,3153.0,3128.56,3149.54,215043.9
1713733200,3149.53,3169.73,3143.4,3144.89,310934.1
1713736800,3144.89,3164.48,3139.7,3155.21,289301.7
1713740400,3155.2,3155.94,3140.98,3147.43,209614.6
1713744000,3147.32,3168.36,3144.31,3152.01,410065.5
1713747600,3152.01,3193.46,3137.0,3140.19,1541993.4
1713751200,3140.03,3148.38,3128.09,3147.73,567565.4
1713754800,3147.69,3210.97,3145.3,3190.0,1444076.3
1713758400,3190.01,3202.78,3183.5,3193.86,602424.8
1713762000,3193.87,3232.0,3193.87,3227.84,879896.4
1713765600,3227.85,3236.5,3218.9,3220.19,673924.2
1713769200,3220.19,3231.72,3203.04,3204.22,546889.1
1713772800,3204.22,3219.02,3194.59,3205.29,725820.6
1713776400,3205.3,3218.0,3200.2,3215.75,318252.3
1713780000,3215.74,3225.6,3208.12,3209.7,382837.4
1713783600,3209.7,3213.07,3187.25,3195.43,616129.7
1713787200,3195.43,3210.39,3185.2,3204.82,604195.4
1713790800,3204.81,3212.0,3175.57,3192.55,816817.8
1713794400,3192.51,3208.15,3178.27,3184.01,638692.4
1713798000,3184.0,3187.34,3166.33,3183.74,734830.8
1713801600,3183.75,3200.95,3169.05,3185.19,716786.0
1713805200,3185.1,3217.84,3184.0,3199.06,746953.6
1713808800,3199.05,3205.2,3189.11,3191.21,256098.4
1713812400,3191.2,3196.23,3175.01,3188.51,238005.1
1713816000,3188.27,3204.78,3183.94,3190.52,275085.6
1713819600,3190.51,3198.69,3184.58,3197.76,104566.5
1713823200,3197.77,3224.93,3197.06,3219.11,430113.4
1713826800,3219.12,3223.82,3194.52,3199.96,469934.9
1713830400,3199.96,3217.97,3194.05,3217.68,329246.2
1713834000,3217.67,3223.95,3204.56,3206.48,307896.1
1713837600,3206.47,3216.47,3190.04,3195.04,330994.9
1713841200,3195.04,3200.84,3180.36,3184.1,481334.1
1713844800,3184.09,3193.91,3167.0,3176.82,534396.9
1713848400,3176.82,3188.0,3172.07,3185.4,374860.4
1713852000,3185.4,3191.68,3169.0,3175.01,323321.3
1713855600,3175.01,3178.03,3152.0,3160.67,748979.3
1713859200,3160.68,3171.72,3151.01,3169.18,472363.4
1713862800,3169.17,3172.8,3162.5,3166.55,210156.8
1713866400,3166.55,3186.14,3166.54,3181.96,432757.1
1713870000,3181.96,3183.9,3163.24,3180.0,358044.5
1713873600,3179.99,3190.66,3172.68,3187.44,486091.7
1713877200,3187.44,3208.8,3175.0,3207.8,927864.7
1713880800,3207.87,3265.23,3204.22,3247.88,2388371.7
1713884400,3247.88,3249.0,3220.0,3225.84,873347.5
1713888000,3225.87,3241.94,3217.25,3233.61,541253.5
1713891600,3233.6,3246.67,3225.0,3237.35,312049.5
1713895200,3237.36,3240.5,3218.36,3229.5,337331.7
1713898800,3229.5,3229.6,3212.33,3218.16,246253.4
1713902400,3218.43,3222.2,3185.21,3209.62,638412.9
1713906000,3209.63,3213.92,3200.42,3208.77,154483.9
1713909600,3208.77,3220.95,3207.05,3215.82,191480.9
1713913200,3215.83,3223.25,3202.38,3219.43,209170.1
1713916800,3219.44,3234.46,3210.0,3229.52,384045.7
1713920400,3229.52,3250.01,3228.01,3239.59,490331.5
1713924000,3239.6,3242.27,3216.19,3232.07,560814.0
1713927600,3232.07,3246.0,3230.01,3238.31,361287.8
1713931200,3238.32,3275.5,3236.85,3271.08,889480.5
1713934800,3271.09,3274.97,3249.0,3257.13,555327.7
1713938400,3257.14,3261.63,3245.0,3255.93,407598.8
1713942000,3255.94,3265.99,3249.16,3250.21,324471.1
1713945600,3250.21,3261.0,3244.24,3252.53,346420.0
1713949200,3252.53,3254.97,3242.0,3254.69,449866.5
1713952800,3254.7,3270.69,3246.01,3266.75,825486.9
1713956400,3266.75,3288.0,3264.65,3281.58,904572.7
1713960000,3281.59,3293.88,3266.27,3272.94,633867.1
1713963600,3272.95,3273.46,3240.04,3248.51,1495686.3
1713967200,3248.5,3256.77,3187.04,3214.0,2834271.4
1713970800,3214.01,3214.23,3167.0,3175.93,1696559.2
1713974400,3175.93,3192.62,3156.97,3174.38,1469139.9
1713978000,3174.38,3193.98,3173.66,3180.38,503418.1
1713981600,3180.12,3181.29,3123.16,3129.74,1328561.8
1713985200,3129.74,3150.66,3102.4,3134.43,1766723.3
1713988800,3134.42,3142.9,3116.87,3133.55,589452.9
1713992400,3133.54,3151.45,3127.51,3150.18,221502.5
1713996000,3150.18,3153.19,3120.88,3131.86,321313.4
1713999600,3131.87,3143.25,3111.02,3140.66,536792.9
1714003200,3140.67,3161.99,3136.0,3156.91,452055.5
1714006800,3156.91,3172.0,3142.55,3143.11,649625.0
1714010400,3143.05,3164.76,3126.45,3154.52,715652.3
1714014000,3154.52,3161.7,3141.34,3148.1,371398.1
1714017600,3148.1,3157.0,3126.25,3156.8,741505.6
1714021200,3156.8,3165.63,3143.01,3157.99,401081.5
1714024800,3158.0,3168.0,3154.4,3158.0,304478.9
1714028400,3158.01,3160.32,3130.0,3136.56,689391.4
1714032000,3136.55,3149.93,3122.29,3139.12,829231.2
1714035600,3139.13,3154.0,3130.03,3136.02,602002.4
1714039200,3136.06,3136.44,3071.29,3083.3,2941485.9
1714042800,3083.31,3121.62,3081.6,3111.77,945471.1
1714046400,3111.77,3157.92,3094.23,3109.15,2256998.7
1714050000,3109.15,3127.94,3081.22,3123.81,1757676.3
1714053600,3123.97,3145.81,3104.53,3117.57,1093077.7
1714057200,3117.57,3168.18,3113.57,3159.78,1324640.9
1714060800,3159.66,3166.0,3146.8,3157.66,695386.1
1714064400,3157.65,3172.5,3145.6,3159.88,773778.0
1714068000,3159.89,3174.09,3148.14,3171.24,596148.9
1714071600,3171.24,3176.38,3153.22,3166.0,275338.4
1714075200,3166.0,3180.99,3155.38,3173.63,494786.3
1714078800,3173.63,3192.56,3168.04,3170.6,418697.8
1714082400,3170.61,3172.33,3157.5,3160.01,363729.1
1714086000,3160.01,3166.0,3152.03,3155.92,248609.7
1714089600,3155.91,3159.55,3134.16,3146.87,517106.0
1714093200,3146.87,3161.44,3123.86,3147.94,826011.4
1714096800,3147.93,3164.82,3145.66,3154.18,413615.1
1714100400,3154.18,3155.18,3140.1,3142.22,297780.7
1714104000,3142.21,3143.0,3130.2,3134.0,460515.6
1714107600,3134.0,3154.0,3129.13,3153.22,420566.6
1714111200,3153.23,3154.55,3135.48,3140.83,379378.5
1714114800,3140.82,3147.24,3131.13,3135.28,524423.5
1714118400,3135.28,3146.65,3133.09,3143.0,346261.5
1714122000,3143.01,3158.47,3138.88,3150.07,496801.1
1714125600,3150.06,3156.27,3122.0,3123.35,815728.9
1714129200,3123.35,3133.42,3122.31,3129.07,364999.1
1714132800,3129.06,3151.74,3116.94,3130.43,998006.1
1714136400,3130.44,3150.5,3110.15,3146.39,1263762.5
1714140000,3146.64,3169.04,3121.66,3126.3,1762246.7
1714143600,3126.29,3135.07,3101.35,3117.44,1217151.9
1714147200,3117.44,3130.71,3105.27,3121.95,512558.1
1714150800,3121.94,3147.69,3118.62,3145.7,713145.0
1714154400,3145.71,3155.82,3142.06,3152.69,456161.3
1714158000,3152.69,3153.52,3133.03,3133.79,223216.6
1714161600,3133.79,3151.34,3133.79,3144.55,224052.8
1714165200,3144.67,3154.01,3140.19,3151.69,85018.5
1714168800,3151.69,3153.14,3120.05,3132.11,519811.0
1714172400,3132.12,3136.67,3126.41,3131.47,115961.0
1714176000,3131.46,3139.3,3084.17,3109.63,1176679.7
1714179600,3109.66,3115.56,3065.8,3094.55,1636159.1
1714183200,3094.55,3132.33,3089.5,3120.17,868726.2
1714186800,3120.18,3125.0,3114.05,3121.93,333389.7
1714190400,3121.93,3129.0,3116.0,3126.63,277151.2
1714194000,3126.62,3127.31,3106.4,3117.43,636769.1
1714197600,3117.42,3131.53,3114.2,3124.37,330953.9
1714201200,3124.37,3133.63,3118.55,3119.98,265158.3
1714204800,3120.0,3123.33,3111.06,3114.24,314685.5
1714208400,3114.23,3122.63,3107.0,3119.72,351045.4
1714212000,3119.71,3122.5,3109.0,3114.9,232560.5
1714215600,3114.9,3128.7,3109.0,3124.17,407256.6
1714219200,3124.17,3142.92,3121.21,3136.58,780091.7
1714222800,3136.79,3153.52,3133.01,3150.48,674646.8
1714226400,3150.49,3167.62,3143.21,3150.69,874046.9
1714230000,3150.59,3157.22,3138.35,3145.35,421033.4
1714233600,3145.34,3163.4,3143.0,3152.83,820914.5
1714237200,3152.83,3267.99,3151.71,3258.62,2702210.0
1714240800,3258.63,3286.61,3230.0,3257.05,2046502.8
1714244400,3257.05,3261.53,3233.39,3237.67,506656.1
1714248000,3237.68,3246.47,3222.04,3237.76,546890.6
1714251600,3237.76,3253.98,3233.68,3242.49,294472.9
1714255200,3242.47,3256.96,3242.28,3245.6,249011.8
1714258800,3245.6,3263.83,3245.19,3255.04,390966.6
1714262400,3255.04,3260.58,3250.16,3254.3,286481.8
1714266000,3254.3,3277.77,3253.17,3266.0,488305.7
1714269600,3266.0,3323.77,3262.24,3310.45,1458999.0
1714273200,3310.45,3331.64,3303.6,3308.6,1132211.7
1714276800,3308.6,3312.2,3300.08,3301.49,513141.9
1714280400,3301.48,3329.88,3301.0,3313.32,483554.1
1714284000,3313.32,3326.48,3308.33,3321.11,472409.3
1714287600,3321.1,3339.99,3315.0,3317.49,812395.0
1714291200,3317.49,3325.0,3306.06,3311.92,470389.8
1714294800,3311.91,3319.31,3302.28,3308.92,402128.7
1714298400,3308.92,3311.45,3287.0,3301.11,866914.9
1714302000,3301.1,3302.99,3273.65,3286.91,969583.0
1714305600,3286.91,3299.62,3284.07,3288.18,459921.5
1714309200,3288.19,3323.95,3285.21,3314.99,1142747.3
1714312800,3314.99,3329.97,3306.0,3314.45,658349.5
1714316400,3314.45,3326.74,3311.67,3320.89,460564.6
1714320000,3320.88,3332.0,3306.74,3320.99,863254.2
1714323600,3320.99,3330.97,3312.76,3326.63,338275.5
1714327200,3326.62,3369.64,3319.52,3344.6,956823.6
1714330800,3344.61,3345.0,3316.0,3317.01,406789.5
1714334400,3317.01,3321.13,3309.0,3311.52,248369.9
1714338000,3311.53,3313.9,3297.21,3306.96,239311.5
1714341600,3306.96,3312.65,3282.25,3291.7,739544.2
1714345200,3291.67,3291.67,3252.3,3263.54,1275167.0
1714348800,3263.53,3286.92,3259.21,3282.73,638351.7
1714352400,3282.7,3287.98,3264.47,3276.79,523947.4
1714356000,3276.8,3280.0,3211.96,3221.88,1925353.1
1714359600,3221.88,3225.55,3165.77,3177.73,2463972.4
1714363200,3177.72,3205.72,3171.6,3201.71,981235.5
1714366800,3201.7,3205.0,3176.57,3204.79,867764.7
1714370400,3204.8,3208.0,3150.0,3181.91,1665646.6
1714374000,3181.9,3189.8,3172.0,3187.45,639658.5
1714377600,3187.45,3188.88,3164.09,3171.85,647201.2
1714381200,3171.85,3188.0,3160.38,3177.86,587757.7
1714384800,3177.86,3196.13,3172.14,3176.47,594745.5
1714388400,3176.48,3179.07,3146.62,3160.34,1089118.0
1714392000,3160.34,3175.54,3128.0,3172.0,1577430.5
1714395600,3172.0,3176.99,3115.02,3131.94,1964938.4
1714399200,3131.94,3181.78,3124.28,3175.54,1465121.9
1714402800,3175.55,3186.07,3167.01,3182.4,656474.7
1714406400,3182.25,3189.9,3154.7,3158.55,785639.6
1714410000,3158.54,3179.48,3157.12,3173.18,422772.7
1714413600,3173.18,3178.01,3160.73,3175.67,296070.5
1714417200,3175.66,3186.63,3161.61,3185.99,373575.3
1714420800,3185.99,3194.59,3173.69,3176.47,292057.4
1714424400,3176.48,3178.43,3163.36,3175.62,173257.6
1714428000,3175.62,3221.43,3172.0,3216.0,982127.5
1714431600,3216.01,3237.31,3214.3,3217.79,875714.3
1714435200,3217.8,3253.3,3203.3,3244.99,1158126.3
1714438800,3244.98,3245.92,3170.25,3172.8,1348274.1
1714442400,3172.79,3198.6,3148.0,3194.35,1765731.2
1714446000,3194.36,3195.5,3176.0,3181.32,472399.6
1714449600,3181.32,3185.58,3167.31,3171.09,426688.3
1714453200,3171.1,3177.29,3151.07,3169.0,632873.4
1714456800,3169.0,3175.0,3164.11,3172.65,263493.2
1714460400,3172.64,3173.87,3152.35,3156.86,462901.5
1714464000,3156.85,3161.48,3052.27,3067.22,3532914.6
1714467600,3067.22,3074.85,3021.14,3048.0,2382463.0
1714471200,3048.01,3056.66,3030.92,3046.05,1137966.4
1714474800,3046.04,3046.05,3004.0,3007.41,1896573.8
1714478400,3007.41,3017.49,2965.01,3009.22,2860478.4
1714482000,3009.22,3022.83,2983.46,2993.76,1299982.5
1714485600,2993.71,3037.99,2985.04,3020.24,1544099.6
1714489200,3020.24,3029.05,2983.05,2994.13,1474692.1
1714492800,2994.13,2998.71,2940.01,2986.83,2488320.4
1714496400,2986.85,2997.8,2974.1,2984.77,764251.7
1714500000,2984.76,2992.7,2954.76,2976.24,594342.0
1714503600,2976.0,2985.91,2920.41,2928.57,1769686.8
1714507200,2928.57,2981.39,2927.46,2966.72,1098266.9
1714510800,2966.71,2996.05,2965.96,2988.0,560931.6
1714514400,2988.0,3030.0,2986.15,3010.07,875000.4
1714518000,3010.07,3030.95,3000.34,3014.72,564202.0
1714521600,3014.71,3024.0,2986.75,2999.75,772807.4
1714525200,2999.76,3015.8,2977.76,3002.61,889438.4
1714528800,3002.6,3004.28,2958.49,2988.36,1146536.5
1714532400,2988.0,3008.62,2985.82,3004.38,367819.7
1714536000,3004.38,3015.0,3002.73,3006.15,326019.0
1714539600,3006.15,3010.8,2986.04,2994.77,628065.8
1714543200,2994.78,2997.33,2950.82,2954.67,1069856.4
1714546800,2954.66,2957.93,2856.39,2869.28,4792831.2
1714550400,2869.44,2874.27,2815.0,2861.89,2889417.2
1714554000,2861.89,2891.63,2856.96,2875.78,1257048.9
1714557600,2875.78,2897.89,2858.68,2894.27,983614.6
1714561200,2894.26,2906.94,2879.17,2905.75,679036.0
1714564800,2905.74,2934.37,2898.12,2916.98,1202813.0
1714568400,2916.98,2921.44,2878.82,2889.62,1301988.2
1714572000,2889.63,2913.17,2881.28,2906.15,1014650.7
1714575600,2906.15,2907.95,2865.5,2885.79,1470436.3
1714579200,2885.8,2914.0,2875.11,2891.28,1124524.1
1714582800,2891.28,2934.65,2868.01,2921.91,1004572.8
1714586400,2921.92,3016.41,2917.15,2989.95,2928686.6
1714590000,2990.0,3001.69,2910.01,2926.39,2193099.0
1714593600,2926.27,2948.27,2913.43,2940.92,696423.6
1714597200,2940.78,2978.28,2935.51,2968.02,595847.1
1714600800,2968.02,2981.48,2965.5,2969.2,396240.4
1714604400,2969.19,2984.96,2961.87,2971.79,407809.6
1714608000,2971.79,2982.15,2944.45,2948.05,574136.7
1714611600,2948.06,2957.47,2892.2,2905.99,1134136.4
1714615200,2905.99,2929.15,2901.2,2917.87,680848.7
1714618800,2917.87,2935.51,2917.75,2929.31,318418.8
1714622400,2929.32,2938.94,2917.01,2922.57,323094.8
1714626000,2922.58,2923.16,2897.53,2915.83,620917.7
1714629600,2915.84,2925.95,2910.03,2914.99,378340.7
1714633200,2914.99,2936.82,2914.19,2920.88,455494.7
1714636800,2920.88,2946.76,2916.01,2941.61,648623.5
1714640400,2941.62,2948.62,2934.25,2946.19,402909.4
1714644000,2946.19,2968.0,2937.2,2965.0,802929.5
1714647600,2965.01,3002.4,2964.48,2995.41,2154591.2
1714651200,2995.41,3013.76,2980.19,2982.12,1292350.1
1714654800,2982.13,2988.92,2956.22,2965.91,1100103.4
1714658400,2965.91,2998.5,2951.21,2992.19,1299081.9
1714662000,2992.26,3001.68,2984.21,2990.45,685644.2
1714665600,2990.45,2995.4,2976.19,2981.62,547720.8
1714669200,2981.62,3000.0,2975.44,2992.94,356195.5
1714672800,2992.94,3007.38,2970.53,2991.84,658752.5
1714676400,2991.85,3001.57,2980.32,3000.54,250129.2
1714680000,3000.51,3003.09,2968.5,2986.84,632884.1
1714683600,2986.85,3017.65,2985.17,2996.4,479987.8
1714687200,2996.4,3015.52,2988.87,2997.26,369277.9
1714690800,2997.25,2998.85,2984.1,2986.32,215110.2
1714694400,2986.32,2995.38,2978.0,2984.15,290597.2
1714698000,2984.14,3016.86,2981.47,3007.63,669488.9
1714701600,3007.64,3037.88,3003.15,3012.4,946923.5
1714705200,3012.4,3024.15,3005.66,3009.88,323903.6
1714708800,3009.72,3016.75,2996.08,3003.61,333950.1
1714712400,3003.61,3005.98,2995.03,2997.58,265375.0
1714716000,2997.57,2999.2,2981.08,2981.61,584294.5
1714719600,2981.6,2991.67,2957.59,2968.49,914755.5
1714723200,2968.5,2984.38,2963.55,2972.08,440636.8
1714726800,2972.1,2991.66,2970.03,2983.22,404901.3
1714730400,2983.22,2986.13,2957.82,2971.27,594978.0
1714734000,2971.26,2985.46,2963.06,2979.6,428665.7
1714737600,2979.6,3047.87,2968.7,3035.01,2331406.2
1714741200,3035.0,3065.0,3030.49,3061.3,2169022.8
1714744800,3061.31,3074.5,3043.91,3055.05,983929.5
1714748400,3055.05,3086.0,3048.57,3075.59,832084.6
1714752000,3075.6,3088.38,3063.0,3067.27,686402.3
1714755600,3067.26,3083.88,3062.09,3079.75,358220.2
1714759200,3079.74,3083.33,3066.61,3069.2,230953.7
1714762800,3069.16,3075.0,3062.4,3072.71,190412.7
1714766400,3072.7,3127.7,3068.91,3113.69,1116503.1
1714770000,3113.68,3116.71,3094.46,3110.59,330223.2
1714773600,3110.59,3116.9,3104.02,3106.45,279386.3
1714777200,3106.36,3120.65,3099.11,3103.0,261546.1
1714780800,3103.01,3126.5,3098.3,3117.51,432772.4
1714784400,3117.5,3132.03,3105.01,3105.29,513923.5
1714788000,3105.28,3106.93,3092.43,3100.55,396011.0
1714791600,3100.55,3114.4,3099.15,3112.34,250958.0
1714795200,3112.35,3123.69,3105.0,3117.28,374307.6
1714798800,3117.31,3122.9,3107.01,3118.35,222067.4
1714802400,3118.35,3118.97,3103.45,3106.31,215319.1
1714806000,3106.31,3109.15,3095.58,3096.39,239327.0
1714809600,3096.4,3111.52,3095.46,3108.35,220895.1
1714813200,3108.34,3113.41,3102.0,3107.1,152268.0
1714816800,3107.09,3170.2,3101.76,3166.48,1194080.9
1714820400,3166.48,3168.51,3120.2,3131.0,1065858.1
1714824000,3131.0,3153.45,3125.0,3150.99,473799.9
1714827600,3151.07,3159.92,3116.19,3129.76,863542.6
1714831200,3129.75,3135.55,3119.03,3130.01,285313.4
1714834800,3130.01,3130.81,3114.31,3126.59,279514.7
1714838400,3126.66,3129.66,3115.11,3128.55,326716.7
1714842000,3128.56,3137.05,3114.01,3122.23,271137.4
1714845600,3122.24,3132.42,3118.65,3125.02,132588.3
1714849200,3125.03,3140.88,3119.41,3137.1,173038.5
1714852800,3137.11,3147.35,3127.26,3127.45,248200.6
1714856400,3127.45,3130.86,3102.63,3121.85,295022.7
1714860000,3121.86,3124.36,3106.03,3107.25,136744.8
1714863600,3107.25,3120.66,3106.32,3117.34,123924.4
1714867200,3117.34,3127.0,3084.23,3108.23,746338.1
1714870800,3108.23,3114.2,3071.2,3090.46,976349.8
1714874400,3090.46,3096.36,3080.81,3081.45,225062.5
1714878000,3081.45,3087.95,3074.19,3086.88,278413.9
1714881600,3086.82,3095.0,3085.48,3089.19,197153.7
1714885200,3088.93,3098.73,3080.65,3085.72,192427.2
1714888800,3085.74,3096.38,3081.6,3092.31,145687.0
1714892400,3092.31,3116.0,3090.0,3105.73,523581.6
1714896000,3105.74,3173.93,3103.45,3156.56,1585197.4
1714899600,3156.56,3157.99,3130.6,3144.06,668595.3
1714903200,3144.07,3153.31,3129.14,3135.01,372274.8
1714906800,3135.0,3142.0,3128.02,3138.6,285167.5
1714910400,3138.61,3141.5,3129.89,3138.0,183894.3
1714914000,3138.0,3156.55,3126.3,3147.99,785693.2
1714917600,3148.0,3155.12,3127.6,3153.23,690161.7
1714921200,3153.23,3167.9,3142.46,3159.91,737185.8
1714924800,3159.9,3166.48,3142.73,3148.8,469256.0
1714928400,3148.79,3161.99,3143.81,3147.71,196676.7
1714932000,3147.71,3148.19,3130.5,3139.63,331020.5
1714935600,3139.64,3146.16,3133.33,3142.99,126389.9
1714939200,3142.99,3146.0,3133.74,3137.8,165537.3
1714942800,3137.79,3138.0,3120.05,3136.36,214102.2
1714946400,3136.36,3137.08,3125.93,3131.86,126364.1
1714950000,3131.85,3146.87,3130.25,3136.39,248410.2
1714953600,3136.38,3158.79,3136.37,3148.31,297459.2
1714957200,3148.32,3166.2,3136.9,3144.07,531523.7
1714960800,3144.06,3154.08,3132.1,3133.19,334285.4
1714964400,3133.19,3140.08,3123.55,3135.2,438708.2
1714968000,3135.19,3148.67,3127.99,3148.67,293050.5
1714971600,3148.67,3179.01,3141.51,3178.97,876225.8
1714975200,3178.97,3192.99,3172.0,3175.98,945928.9
1714978800,3175.93,3184.72,3168.5,3180.48,458659.9
1714982400,3180.49,3222.59,3175.58,3198.05,1699404.6
1714986000,3198.04,3207.63,3193.05,3202.91,402551.0
1714989600,3202.91,3204.91,3130.03,3145.76,2062342.7
1714993200,3145.76,3165.0,3140.01,3149.96,735184.1
1714996800,3149.96,3155.43,3085.56,3103.56,1943652.6
1715000400,3103.56,3121.95,3095.42,3117.74,988270.8
1715004000,3117.74,3125.97,3073.44,3077.53,1291897.5
1715007600,3077.5,3094.76,3055.35,3090.18,1533225.2
1715011200,3090.18,3096.87,3070.0,3073.0,674516.8
1715014800,3073.0,3090.37,3060.1,3071.0,658984.7
1715018400,3071.08,3085.9,3061.6,3076.7,420227.5
1715022000,3076.63,3077.25,3045.6,3070.59,654395.9
1715025600,3070.59,3081.75,3061.99,3077.2,309657.4
1715029200,3077.2,3089.99,3076.78,3085.44,221598.0
1715032800,3085.43,3086.85,3078.07,3081.44,128750.6
1715036400,3081.45,3081.45,3060.59,3062.53,345009.1
1715040000,3062.53,3083.94,3048.17,3072.44,631683.3
1715043600,3072.44,3097.8,3068.76,3094.75,440153.4
1715047200,3094.76,3096.35,3082.5,3086.65,225824.6
1715050800,3086.68,3088.48,3020.28,3049.19,1359756.3
1715054400,3049.2,3067.99,3044.16,3065.79,402887.1
1715058000,3065.79,3082.77,3055.21,3069.98,501655.9
1715061600,3069.98,3076.55,3058.0,3069.81,321345.9
1715065200,3069.82,3082.92,3063.83,3077.34,386325.6
1715068800,3077.34,3125.88,3074.01,3119.8,1566127.2
1715072400,3119.83,3130.5,3108.19,3113.2,587262.2
1715076000,3113.2,3115.1,3088.92,3100.36,810046.3
1715079600,3100.47,3105.58,3059.18,3063.7,934112.7
1715083200,3063.71,3084.25,3063.45,3076.25,503145.5
1715086800,3076.25,3082.18,3047.74,3060.88,824527.8
1715090400,3060.87,3093.09,3045.0,3092.18,972537.8
1715094000,3092.18,3107.8,3066.89,3071.22,1085343.4
1715097600,3071.22,3079.46,3060.48,3071.37,390659.0
1715101200,3071.37,3071.99,3055.03,3059.24,369098.8
1715104800,3058.91,3060.0,3026.63,3048.0,774055.5
1715108400,3048.06,3055.66,3044.53,3050.09,214284.7
1715112000,3050.09,3059.49,3033.36,3049.24,386544.1
1715115600,3049.23,3062.49,3036.01,3051.63,267014.3
1715119200,3051.64,3053.32,3028.06,3037.42,416663.8
1715122800,3037.41,3038.74,3000.0,3006.05,1244370.7
1715126400,3006.05,3023.94,2994.11,3020.54,834564.8
1715130000,3020.53,3030.81,3015.22,3024.54,397362.8
1715133600,3024.54,3034.99,3024.53,3026.2,328209.2
1715137200,3026.21,3038.99,3018.48,3032.63,374881.7
1715140800,3032.63,3036.96,3000.55,3012.98,668216.4
1715144400,3012.98,3028.99,3005.0,3025.5,394143.9
1715148000,3025.5,3030.66,2994.48,3016.29,920839.5
1715151600,3016.28,3023.0,2990.01,2996.04,727965.5
1715155200,2996.04,3010.0,2982.63,3001.69,894770.0
1715158800,3001.74,3006.75,2978.05,2998.86,888292.7
1715162400,2998.87,3011.92,2996.29,3004.46,533177.0
1715166000,3004.46,3006.97,2981.45,2990.63,549341.9
1715169600,2990.84,3008.06,2985.25,3002.42,623699.3
1715173200,3002.42,3033.33,2987.98,3028.25,1308606.9
1715176800,3028.26,3032.71,3008.55,3020.61,764272.3
1715180400,3020.62,3023.5,2986.01,3007.28,1247751.9
1715184000,3007.28,3017.31,2992.29,3016.48,479591.3
1715187600,3016.48,3024.33,3005.17,3011.68,294877.0
1715191200,3011.68,3022.73,3008.7,3009.84,209809.2
1715194800,3009.84,3015.61,2986.16,2999.61,437409.7
1715198400,2999.72,3004.25,2934.04,2951.53,1461352.5
1715202000,2951.6,2984.63,2942.17,2971.93,566956.4
1715205600,2971.94,2975.0,2953.75,2969.3,382871.5
1715209200,2969.3,2977.89,2960.98,2974.24,330014.4
1715212800,2974.24,2990.64,2972.37,2988.01,329378.9
1715216400,2988.02,2999.86,2987.56,2997.42,306932.5
1715220000,2997.43,3006.95,2992.85,2999.24,315443.2
1715223600,2999.25,3003.84,2987.73,2997.8,351661.3
1715227200,2997.8,3004.9,2991.88,2993.21,281290.3
1715230800,2993.21,3016.0,2992.53,3004.12,476852.0
1715234400,3004.13,3013.86,2997.26,3001.41,279523.2
1715238000,3001.42,3002.94,2975.95,2983.58,686096.1
1715241600,2983.59,2992.56,2975.0,2985.39,404583.3
1715245200,2985.39,2987.83,2963.0,2983.44,704326.6
1715248800,2983.44,2984.89,2953.46,2956.09,606864.6
1715252400,2956.09,2986.8,2951.19,2977.87,776101.3
1715256000,2977.88,2999.8,2975.6,2989.08,591552.8
1715259600,2989.08,2991.21,2955.73,2974.11,925254.5
1715263200,2974.11,2989.98,2968.06,2987.22,660245.0
1715266800,2987.22,3020.0,2981.07,3006.06,1074618.9
1715270400,3006.07,3026.49,2992.42,2994.67,889159.9
1715274000,2994.67,3012.59,2988.54,3004.16,429621.4
1715277600,3004.16,3017.38,3001.46,3017.38,215367.0
1715281200,3017.37,3023.98,3013.0,3021.58,234693.5
1715284800,3021.58,3029.8,3015.36,3021.66,180614.3
1715288400,3021.61,3029.87,3015.47,3020.36,194274.7
1715292000,3020.36,3060.67,3016.67,3054.7,789134.3
1715295600,3054.7,3055.8,3028.11,3036.0,510139.7
1715299200,3036.01,3037.34,3021.45,3025.99,268473.8
1715302800,3025.99,3043.0,3018.0,3036.76,473680.5
1715306400,3036.76,3037.26,3025.0,3031.11,171301.0
1715310000,3031.1,3031.41,3023.2,3029.49,192425.2
1715313600,3029.49,3034.76,3025.33,3032.16,159286.0
1715317200,3032.16,3034.66,3022.02,3029.99,218377.4
1715320800,3029.99,3049.97,3027.77,3046.74,406151.0
1715324400,3046.83,3054.26,3039.38,3041.76,480735.8
1715328000,3041.76,3045.0,3029.05,3037.74,368139.7
1715331600,3037.74,3038.47,3028.5,3033.69,238108.6
1715335200,3033.7,3035.69,3023.9,3030.85,213141.9
1715338800,3030.84,3039.79,3022.45,3038.2,273905.5
1715342400,3038.2,3044.14,3023.0,3028.23,457491.2
1715346000,3028.23,3031.66,3016.66,3021.28,466886.7
1715349600,3021.28,3025.38,2922.14,2934.85,4368109.9
1715353200,2934.86,2945.95,2906.14,2918.19,1916449.0
1715356800,2918.19,2935.0,2884.59,2921.76,2168602.8
1715360400,2921.46,2921.65,2874.91,2892.42,1425295.2
1715364000,2892.41,2909.0,2885.0,2907.35,530089.3
1715367600,2907.28,2917.0,2897.09,2901.37,252321.7
1715371200,2901.38,2912.68,2888.32,2893.16,327844.2
1715374800,2893.16,2907.0,2887.28,2906.99,203164.6
1715378400,2907.0,2910.99,2896.91,2905.78,252267.2
1715382000,2905.77,2916.95,2905.77,2910.73,259479.8
1715385600,2910.74,2921.0,2908.14,2915.01,399045.6
1715389200,2915.01,2938.24,2914.15,2920.07,671697.3
1715392800,2920.08,2925.89,2912.35,2919.79,258410.6
1715396400,2919.78,2920.79,2904.81,2911.63,273939.9
1715400000,2911.64,2916.91,2906.1,2913.35,167646.6
1715403600,2913.34,2923.74,2913.34,2919.39,199340.2
1715407200,2919.39,2928.55,2916.0,2920.99,202086.6
1715410800,2920.99,2924.99,2914.5,2921.99,160236.6
1715414400,2922.0,2925.68,2910.0,2911.62,325544.4
1715418000,2911.63,2912.65,2895.12,2911.75,528453.5
1715421600,2911.63,2911.76,2900.06,2907.1,214077.3
1715425200,2907.1,2910.47,2885.01,2903.44,659684.7
1715428800,2903.45,2910.36,2897.42,2900.56,228925.1
1715432400,2900.57,2916.9,2895.8,2913.69,432509.8
1715436000,2913.7,2915.5,2900.51,2902.23,215969.8
1715439600,2902.22,2946.78,2902.22,2926.19,1363685.4
1715443200,2926.2,2932.0,2917.61,2924.88,337067.6
1715446800,2924.88,2932.73,2918.28,2930.89,210449.9
1715450400,2930.66,2941.36,2923.51,2933.2,261670.9
1715454000,2933.2,2934.52,2925.49,2930.63,110580.3
1715457600,2930.62,2931.23,2912.15,2922.74,254356.4
1715461200,2922.74,2923.26,2915.56,2918.75,71281.1
1715464800,2918.74,2922.24,2915.58,2916.75,116026.3
1715468400,2916.75,2920.0,2906.49,2912.4,219597.1
1715472000,2912.41,2925.93,2911.39,2921.39,190078.7
1715475600,2921.39,2925.39,2912.55,2913.01,108966.2
1715479200,2913.01,2924.97,2909.35,2920.18,164199.1
1715482800,2920.18,2924.0,2916.55,2921.05,106611.3
1715486400,2921.05,2933.36,2920.87,2929.01,235679.1
1715490000,2929.01,2929.72,2923.26,2926.36,98087.1
1715493600,2926.36,2927.9,2916.93,2919.88,138724.3
1715497200,2919.88,2922.85,2901.03,2908.44,544284.3
1715500800,2908.48,2918.93,2902.86,2916.2,298681.2
1715504400,2916.19,2918.5,2910.0,2916.09,166770.2
1715508000,2916.09,2944.56,2914.0,2930.45,813982.0
1715511600,2930.44,2934.21,2924.47,2928.0,165960.3
1715515200,2928.0,2934.47,2925.34,2929.46,182182.3
1715518800,2929.77,2938.02,2927.37,2936.0,213876.8
1715522400,2936.0,2939.8,2927.0,2929.89,304325.0
1715526000,2929.89,2944.48,2926.3,2937.83,349209.8
1715529600,2937.84,2955.43,2928.7,2929.4,824517.6
1715533200,2929.41,2942.99,2920.23,2941.28,481701.1
1715536800,2941.28,2941.99,2927.5,2929.0,117985.7
1715540400,2929.0,2931.26,2921.45,2930.16,200629.0
1715544000,2930.15,2930.85,2923.45,2923.93,62921.9
1715547600,2923.93,2935.02,2912.51,2929.56,249024.8
1715551200,2929.56,2934.65,2926.26,2931.93,101206.9
1715554800,2931.93,2936.73,2928.5,2929.28,109014.0
1715558400,2929.29,2943.73,2929.28,2933.02,252357.6
1715562000,2933.02,2935.68,2905.15,2917.28,895571.4
1715565600,2917.26,2923.0,2871.29,2884.82,2059791.5
1715569200,2884.97,2890.99,2863.7,2889.99,1182922.8
1715572800,2890.0,2890.0,2878.44,2885.8,343493.2
1715576400,2885.99,2895.0,2870.0,2875.99,489892.8
1715580000,2875.99,2923.5,2873.06,2919.64,1076203.9
1715583600,2919.65,2959.35,2915.59,2953.94,1650675.2
1715587200,2953.95,2988.97,2953.94,2973.0,1931108.9
1715590800,2973.01,2996.99,2973.01,2985.6,767257.4
1715594400,2985.61,2987.55,2948.5,2963.62,985981.6
1715598000,2963.62,2969.9,2954.32,2966.02,357117.4
1715601600,2966.03,2973.66,2954.1,2965.51,509852.7
1715605200,2965.74,2986.0,2961.62,2965.49,716504.2
1715608800,2965.49,2974.7,2950.01,2952.93,584974.6
1715612400,2952.94,2974.67,2950.95,2961.69,534141.4
1715616000,2961.69,2977.99,2955.14,2977.14,723394.7
1715619600,2977.14,2978.8,2934.33,2941.16,959923.9
1715623200,2941.17,2945.58,2928.1,2944.36,434199.3
1715626800,2944.37,2958.54,2944.09,2957.27,310482.0
1715630400,2957.25,2960.91,2951.17,2955.01,134368.9
1715634000,2955.01,2956.99,2944.4,2951.17,109274.5
1715637600,2951.18,2954.6,2938.63,2940.48,215410.9
1715641200,2940.48,2953.61,2940.36,2950.9,152560.4
1715644800,2950.88,2958.93,2937.13,2946.37,456476.8
1715648400,2946.36,2961.52,2938.18,2946.08,484526.8
1715652000,2946.08,2956.69,2938.31,2949.94,376905.7
1715655600,2949.94,2957.31,2937.58,2941.17,384088.1
1715659200,2941.17,2948.08,2930.99,2937.51,333627.7
1715662800,2937.51,2949.7,2936.0,2943.32,251703.9
1715666400,2943.32,2943.32,2882.39,2916.09,2207616.2
1715670000,2916.1,2920.74,2913.0,2919.71,340087.5
1715673600,2919.72,2920.1,2905.02,2914.33,446751.2
1715677200,2914.33,2919.11,2906.06,2912.38,202703.2
1715680800,2912.37,2914.88,2896.41,2904.0,415045.3
1715684400,2904.0,2913.0,2903.3,2907.92,199492.5
1715688000,2907.92,2920.6,2885.39,2894.8,1373196.4
1715691600,2894.81,2913.0,2889.09,2896.82,744795.8
1715695200,2897.08,2924.99,2870.0,2895.04,2809389.8
1715698800,2895.05,2916.62,2887.36,2898.95,738867.1
1715702400,2898.95,2901.1,2884.32,2893.49,457024.1
1715706000,2893.5,2895.92,2860.12,2876.74,1004282.7
1715709600,2876.73,2890.8,2871.4,2887.87,377600.0
1715713200,2887.87,2898.37,2886.84,2894.2,218573.0
1715716800,2894.21,2901.5,2888.65,2893.22,174426.4
1715720400,2893.23,2904.21,2887.75,2896.01,180514.2
1715724000,2896.0,2899.28,2888.01,2890.26,110808.6
1715727600,2890.26,2891.49,2878.84,2882.52,190989.9
1715731200,2882.52,2895.51,2864.02,2870.04,442023.0
1715734800,2870.04,2888.0,2869.07,2886.34,312510.6
1715738400,2886.33,2894.01,2884.1,2888.76,247744.2
1715742000,2888.76,2903.89,2888.76,2903.34,386809.5
1715745600,2903.35,2905.45,2898.33,2904.58,201977.3
1715749200,2904.57,2915.52,2900.5,2907.0,429721.0
1715752800,2907.0,2910.88,2900.67,2906.33,190347.0
1715756400,2906.33,2921.47,2902.36,2916.01,486294.3
1715760000,2916.0,2918.63,2903.14,2905.31,288773.3
1715763600,2905.3,2934.54,2894.02,2920.64,1059542.3
1715767200,2920.64,2924.57,2906.16,2908.14,687802.0
1715770800,2908.14,2909.77,2887.01,2899.4,618427.7
1715774400,2899.4,2961.15,2893.63,2947.0,2912428.6
1715778000,2946.99,2982.71,2935.0,2950.49,2199553.4
1715781600,2950.48,2975.8,2944.57,2975.45,847151.3
1715785200,2975.46,2993.56,2968.15,2976.91,1165136.9
1715788800,2976.67,2990.19,2969.03,2974.32,618737.9
1715792400,2974.32,2990.61,2973.16,2983.68,357617.6
1715796000,2983.69,3009.46,2982.71,3004.0,818732.9
1715799600,3004.0,3026.93,2991.13,3024.65,811089.3
1715803200,3024.65,3029.96,3011.24,3021.84,428171.2
1715806800,3021.84,3024.0,3011.94,3013.56,167027.8
1715810400,3013.56,3023.26,3010.2,3013.82,213995.0
1715814000,3013.81,3040.92,3013.0,3031.72,681792.8
1715817600,3031.72,3040.84,3017.02,3021.16,865399.0
1715821200,3021.16,3023.83,3008.0,3015.28,405869.4
1715824800,3015.28,3017.44,2996.13,3004.39,387531.8
1715828400,3004.4,3019.74,2999.12,3014.76,628858.0
1715832000,3014.76,3015.54,3005.16,3008.77,214369.7
1715835600,3008.77,3011.5,3005.18,3007.15,160214.3
1715839200,3007.15,3020.0,3004.49,3016.18,289496.3
1715842800,3016.18,3021.72,3013.25,3016.68,353974.1
1715846400,3016.84,3028.41,3006.0,3010.01,470648.4
1715850000,3010.0,3011.18,3000.06,3010.43,411474.7
1715853600,3010.43,3011.0,2986.43,2999.21,731962.2
1715857200,2999.21,3010.91,2993.33,3007.46,417645.2
1715860800,3007.45,3010.0,2973.14,2980.27,1421575.5
1715864400,2980.4,2988.73,2966.51,2984.0,856775.2
1715868000,2984.0,2988.58,2938.96,2942.85,1616230.1
1715871600,2942.84,2963.0,2930.61,2957.89,1017287.3
1715875200,2957.89,2962.11,2943.13,2947.57,745858.6
1715878800,2947.57,2953.42,2925.1,2947.78,1061916.8
1715882400,2947.78,2955.0,2946.65,2949.14,317881.9
1715886000,2949.14,2956.32,2943.6,2944.91,226715.6
1715889600,2944.91,2946.3,2933.33,2937.18,321904.5
1715893200,2937.18,2941.81,2926.7,2940.58,340404.9
1715896800,2940.58,2940.68,2921.9,2939.55,311414.6
1715900400,2939.54,2946.7,2931.8,2945.04,219466.0
1715904000,2945.04,2954.0,2941.21,2953.0,266370.7
1715907600,2953.0,2953.44,2933.2,2946.07,357345.5
1715911200,2946.06,2956.88,2940.7,2950.63,323869.1
1715914800,2950.64,2956.81,2948.45,2950.26,210956.6
1715918400,2950.27,2957.71,2945.2,2946.17,191904.8
1715922000,2946.18,2950.88,2941.0,2947.41,209842.1
1715925600,2947.41,2968.36,2940.2,2960.27,594686.6
1715929200,2960.27,3032.67,2960.17,3025.02,3234008.8
1715932800,3025.03,3059.0,3018.02,3028.36,1657848.2
1715936400,3028.36,3036.53,3023.53,3028.11,456857.5
1715940000,3028.12,3040.85,3017.06,3037.48,924308.2
1715943600,3037.48,3038.6,3023.58,3031.1,435055.9
1715947200,3031.09,3084.66,3020.42,3079.33,1741739.3
1715950800,3079.37,3089.19,3053.07,3059.58,1363120.3
1715954400,3059.59,3094.9,3057.37,3092.23,1008129.2
1715958000,3092.23,3118.99,3076.03,3111.62,1768316.5
1715961600,3111.63,3120.0,3093.95,3096.42,678503.9
1715965200,3096.42,3103.76,3083.34,3086.01,647477.9
1715968800,3086.02,3090.4,3067.3,3087.66,672815.7
1715972400,3087.65,3090.0,3079.16,3085.37,183555.4
1715976000,3085.37,3092.49,3080.8,3088.96,131524.2
1715979600,3088.96,3094.25,3085.56,3086.3,112946.3
1715983200,3086.26,3095.6,3085.58,3091.1,132623.6
1715986800,3091.1,3095.01,3088.08,3092.23,141795.3
1715990400,3092.24,3099.81,3086.29,3097.0,253336.1
1715994000,3097.0,3109.95,3083.55,3108.14,379117.9
1715997600,3108.11,3109.92,3091.95,3099.1,352062.9
1716001200,3099.11,3127.0,3098.69,3114.39,821983.9
1716004800,3114.42,3119.48,3099.17,3102.31,364489.1
1716008400,3102.28,3102.95,3092.49,3097.51,431910.2
1716012000,3097.51,3100.64,3090.57,3098.94,211505.1
1716015600,3098.94,3110.47,3096.0,3101.51,362347.3
1716019200,3101.5,3121.37,3099.94,3116.94,502468.8
1716022800,3116.94,3129.77,3111.52,3126.99,467711.9
1716026400,3127.0,3144.69,3121.01,3137.14,903169.6
1716030000,3137.15,3147.42,3132.5,3134.24,451975.5
1716033600,3134.24,3135.6,3116.13,3117.99,561387.2
1716037200,3118.0,3122.77,3106.14,3108.8,599841.4
1716040800,3108.81,3115.8,3095.06,3105.96,643230.1
1716044400,3105.96,3115.77,3101.8,3111.39,287387.6
1716048000,3111.4,3121.74,3106.11,3111.4,333556.4
1716051600,3111.41,3119.11,3110.17,3114.87,141692.6
1716055200,3114.87,3118.0,3110.04,3112.91,79390.7
1716058800,3112.92,3121.62,3111.02,3120.11,78475.0
1716062400,3120.11,3127.21,3114.05,3120.0,182135.8
1716066000,3120.01,3122.34,3106.13,3116.44,126606.1
1716069600,3116.43,3126.62,3114.05,3118.06,92304.4
1716073200,3118.06,3124.77,3115.73,3123.26,83664.3
1716076800,3123.27,3125.6,3112.5,3113.49,118986.0
1716080400,3113.5,3120.8,3113.06,3118.32,87135.8
1716084000,3118.32,3137.68,3117.61,3133.1,449485.1
1716087600,3133.16,3134.4,3125.98,3129.38,223915.8
1716091200,3129.38,3131.0,3113.52,3123.62,355690.2
1716094800,3123.62,3125.0,3117.65,3119.59,105179.4
1716098400,3119.59,3119.59,3103.2,3110.58,391776.8
1716102000,3110.58,3119.51,3104.2,3116.1,382250.3
1716105600,3116.1,3117.47,3104.16,3108.21,236562.5
1716109200,3108.21,3111.86,3098.31,3110.89,418081.8
1716112800,3110.89,3126.36,3101.24,3106.02,657188.9
1716116400,3106.01,3107.99,3080.02,3103.1,1192637.8
1716120000,3103.23,3103.59,3075.05,3078.04,857520.3
1716123600,3078.04,3091.74,3068.31,3085.59,756155.3
1716127200,3085.59,3088.25,3075.0,3079.75,269431.0
1716130800,3079.75,3079.91,3062.22,3077.53,496566.7
1716134400,3077.53,3080.99,3058.01,3063.13,822646.1
1716138000,3063.13,3077.0,3059.84,3073.43,348593.3
1716141600,3073.43,3078.17,3068.8,3072.99,139270.1
1716145200,3072.99,3084.82,3059.44,3065.36,515113.7
1716148800,3065.36,3082.9,3062.71,3075.18,277024.7
1716152400,3075.0,3079.86,3052.3,3070.03,322883.2
1716156000,3070.03,3080.0,3068.0,3077.45,235217.5
1716159600,3077.43,3078.1,3068.02,3071.4,169776.8
1716163200,3071.39,3086.3,3061.1,3080.56,473268.3
1716166800,3080.55,3085.0,3048.0,3079.53,984789.6
1716170400,3079.53,3094.1,3077.02,3092.79,702343.9
1716174000,3092.79,3102.22,3086.33,3087.5,430411.1
1716177600,3087.49,3127.27,3085.58,3123.87,1059012.3
1716181200,3123.86,3140.73,3123.26,3125.1,941216.9
1716184800,3125.1,3125.93,3064.36,3073.96,1538592.9
1716188400,3073.96,3098.58,3068.67,3091.53,748420.5
1716192000,3091.53,3107.49,3091.53,3098.49,516552.3
1716195600,3098.47,3109.0,3095.33,3097.19,301256.9
1716199200,3097.2,3114.86,3093.18,3104.82,550269.5
1716202800,3104.81,3110.68,3086.2,3094.53,463555.5
1716206400,3094.54,3098.0,3074.45,3085.59,652347.2
1716210000,3085.59,3100.62,3076.55,3095.15,612848.0
1716213600,3095.15,3096.0,3076.17,3091.0,454344.9
1716217200,3090.99,3121.67,3086.54,3118.15,969643.8
1716220800,3118.15,3148.38,3110.51,3135.57,1596954.5
1716224400,3135.58,3152.88,3126.04,3143.76,1014305.7
1716228000,3143.76,3154.98,3135.79,3148.32,564931.0
1716231600,3148.32,3459.0,3141.25,3439.08,9253258.6
1716235200,3439.08,3597.9,3420.99,3500.78,4940468.2
1716238800,3500.78,3650.0,3485.95,3649.77,3315987.2
1716242400,3649.5,3688.74,3607.97,3613.43,2579820.5
1716246000,3613.43,3697.68,3612.3,3662.68,1954398.0
1716249600,3662.67,3723.6,3662.67,3689.02,2531285.7
1716253200,3689.01,3695.0,3640.06,3686.92,1930394.6
1716256800,3686.93,3689.99,3655.0,3674.56,944235.3
1716260400,3674.57,3709.92,3673.76,3695.96,703125.8
1716264000,3695.97,3699.99,3658.0,3660.51,680005.2
1716267600,3660.3,3661.96,3626.92,3648.4,1428474.6
1716271200,3648.4,3687.99,3646.03,3670.64,1018572.5
1716274800,3670.65,3675.68,3651.64,3661.97,632369.8
1716278400,3661.97,3665.0,3650.27,3660.59,431188.7
1716282000,3660.58,3687.2,3659.0,3681.83,632828.2
1716285600,3681.84,3733.9,3675.65,3715.91,2074391.7
1716289200,3715.92,3827.54,3710.15,3777.52,4376517.9
1716292800,3777.52,3814.56,3745.8,3793.55,2858163.8
1716296400,3793.55,3838.09,3757.52,3768.44,2966744.6
1716300000,3768.44,3832.0,3765.0,3775.21,2557931.2
1716303600,3775.21,3806.49,3767.38,3778.06,1513579.6
1716307200,3778.06,3845.0,3767.39,3774.95,2425915.9
1716310800,3774.95,3780.76,3725.93,3751.2,2526279.2
1716314400,3751.2,3762.0,3722.67,3734.22,843695.8
1716318000,3734.11,3741.81,3678.76,3713.92,1354837.2
1716321600,3713.92,3752.3,3711.0,3748.7,692830.2
1716325200,3748.7,3762.81,3735.11,3750.12,379712.1
1716328800,3750.12,3822.58,3750.12,3814.66,1236507.6
1716332400,3814.67,3818.0,3785.73,3790.27,557443.9
1716336000,3790.28,3804.98,3775.51,3783.06,543808.6
1716339600,3783.05,3790.0,3776.0,3789.79,421655.8
1716343200,3789.79,3809.0,3775.45,3793.84,678524.5
1716346800,3793.84,3815.0,3784.14,3794.18,703133.1
1716350400,3794.18,3795.97,3721.88,3751.21,1728666.6
1716354000,3751.22,3767.82,3739.01,3760.31,663040.5
1716357600,3760.3,3775.0,3755.37,3766.55,458258.6
1716361200,3766.56,3770.86,3735.04,3748.16,757271.5
1716364800,3748.17,3782.0,3735.7,3768.13,789103.4
1716368400,3768.12,3769.4,3730.06,3734.39,939132.1
1716372000,3734.39,3751.0,3726.0,3741.52,566145.9
1716375600,3741.52,3752.0,3690.17,3691.6,1282267.7
1716379200,3691.6,3724.7,3653.33,3668.57,2664563.2
1716382800,3668.57,3704.77,3667.77,3696.38,1361633.8
1716386400,3696.38,3756.83,3679.26,3743.86,2573540.4
1716390000,3743.86,3773.46,3721.0,3761.36,1508038.4
1716393600,3761.36,3780.92,3743.73,3761.54,961792.5
1716397200,3761.64,3798.29,3728.37,3739.82,1414996.5
1716400800,3739.81,3745.0,3700.25,3733.61,1156243.9
1716404400,3733.73,3748.41,3721.67,3737.5,558400.4
1716408000,3737.58,3772.82,3730.82,3749.55,801835.1
1716411600,3749.56,3783.0,3723.44,3774.81,839354.5
1716415200,3774.8,3780.0,3737.05,3746.4,581975.2
1716418800,3746.4,3749.35,3734.87,3738.13,277848.1
1716422400,3738.14,3772.77,3738.14,3761.04,465667.7
1716426000,3761.03,3774.95,3735.89,3761.18,572130.6
1716429600,3761.19,3777.54,3758.5,3770.0,477110.3
1716433200,3770.0,3791.2,3756.99,3782.42,622253.5
1716436800,3782.43,3796.66,3765.71,3790.93,605875.3
1716440400,3790.93,3790.93,3762.86,3768.63,589713.0
1716444000,3768.63,3800.0,3760.24,3790.05,873759.8
1716447600,3790.05,3834.93,3779.21,3813.8,1535326.7
1716451200,3813.54,3814.99,3791.44,3811.81,744857.4
1716454800,3811.81,3847.85,3803.03,3808.37,1505479.0
1716458400,3808.37,3849.0,3801.55,3827.74,1269876.5
1716462000,3827.75,3926.39,3827.06,3918.18,2842798.2
1716465600,3918.18,3950.0,3786.0,3865.5,4277845.7
1716469200,3865.49,3903.13,3730.01,3781.99,6123956.0
1716472800,3782.0,3827.77,3753.15,3764.67,2544497.6
1716476400,3764.68,3842.0,3759.76,3813.74,1774565.7
1716480000,3813.75,3822.42,3770.0,3797.21,1174960.0
1716483600,3797.16,3828.98,3780.36,3785.42,819170.8
1716487200,3785.58,3796.95,3700.0,3777.69,3575394.7
1716490800,3777.69,3824.91,3751.0,3790.91,1405663.5
1716494400,3790.99,3791.18,3522.0,3756.68,6595091.0
1716498000,3756.69,3907.19,3725.02,3842.2,7563257.6
1716501600,3842.81,3847.2,3792.99,3809.99,917887.7
1716505200,3810.0,3813.32,3751.0,3783.29,971836.8
1716508800,3783.29,3831.94,3742.34,3814.02,1071999.3
1716512400,3814.02,3826.9,3795.13,3810.37,568945.0
1716516000,3810.38,3829.8,3794.02,3822.42,453951.0
1716519600,3822.42,3825.81,3799.03,3803.92,389553.6
1716523200,3803.92,3816.62,3795.24,3804.2,415069.0
1716526800,3803.97,3811.0,3725.1,3729.37,1479747.8
1716530400,3729.37,3742.0,3670.02,3673.37,2051902.6
1716534000,3673.37,3691.91,3650.32,3678.73,1723889.1
1716537600,3678.73,3681.86,3626.15,3674.28,1363845.5
1716541200,3674.42,3692.93,3644.27,3685.3,675310.5
1716544800,3685.3,3713.67,3681.36,3699.41,845207.2
1716548400,3699.41,3719.0,3693.0,3712.78,519561.6
1716552000,3712.78,3725.0,3698.86,3714.36,593233.9
1716555600,3714.37,3726.94,3678.0,3684.1,919301.1
1716559200,3684.1,3733.0,3670.0,3709.12,1308538.1
1716562800,3709.1,3732.99,3686.52,3693.89,888788.9
1716566400,3693.88,3701.6,3655.55,3665.53,1053202.1
1716570000,3665.35,3712.88,3664.53,3711.17,724729.1
1716573600,3711.17,3759.55,3708.07,3732.6,1093053.6
1716577200,3732.6,3748.61,3720.5,3743.49,485104.4
1716580800,3743.49,3755.24,3730.25,3731.97,308048.5
1716584400,3731.98,3747.02,3722.42,3735.74,218123.2
1716588000,3735.75,3742.37,3730.45,3737.33,149174.6
1716591600,3737.32,3739.75,3722.6,3728.01,176399.9
1716595200,3728.0,3728.87,3708.03,3712.01,247655.9
1716598800,3712.02,3728.59,3710.01,3717.2,194188.6
1716602400,3717.2,3737.63,3715.0,3733.0,230338.6
1716606000,3733.0,3747.59,3725.1,3744.59,345301.7
1716609600,3744.59,3779.99,3744.58,3768.58,720653.4
1716613200,3768.57,3771.35,3750.5,3753.2,295230.7
1716616800,3752.92,3759.58,3743.05,3748.51,248859.2
1716620400,3748.51,3760.0,3745.0,3746.78,207122.5
1716624000,3746.79,3755.0,3740.36,3743.12,273064.4
1716627600,3743.13,3761.24,3736.0,3759.71,326106.4
1716631200,3759.7,3774.01,3751.0,3767.0,324078.9
1716634800,3767.01,3775.91,3736.13,3739.43,496384.3
1716638400,3739.43,3743.39,3720.01,3738.01,596168.6
1716642000,3738.01,3747.93,3725.27,3734.86,320188.5
1716645600,3734.85,3754.99,3730.07,3748.0,329740.7
1716649200,3748.06,3758.58,3741.0,3744.34,294468.7
1716652800,3744.33,3756.75,3741.19,3748.78,175957.5
1716656400,3748.79,3752.41,3737.0,3741.48,137585.6
1716660000,3741.48,3761.21,3740.07,3760.55,182742.9
1716663600,3760.55,3767.4,3753.97,3758.31,166801.2
1716667200,3758.3,3761.15,3744.14,3745.33,106730.1
1716670800,3745.32,3748.8,3740.0,3746.37,91388.7
1716674400,3746.37,3746.83,3730.86,3738.09,141776.9
1716678000,3738.08,3752.61,3738.08,3750.62,130998.7
1716681600,3750.46,3751.35,3742.16,3745.61,87983.3
1716685200,3745.6,3761.24,3745.53,3758.23,217925.8
1716688800,3758.24,3759.9,3731.01,3737.77,391012.7
1716692400,3737.51,3772.65,3735.0,3771.61,515971.5
1716696000,3771.61,3771.61,3744.0,3748.04,356599.1
1716699600,3748.04,3762.34,3741.3,3760.2,208717.2
1716703200,3760.21,3762.64,3752.05,3760.0,158176.1
1716706800,3760.0,3795.41,3758.7,3785.34,760326.5
1716710400,3785.24,3815.0,3776.1,3794.76,965056.6
1716714000,3794.75,3817.85,3788.0,3799.77,636045.0
1716717600,3799.78,3811.8,3790.12,3805.0,384359.1
1716721200,3805.0,3826.0,3803.13,3813.51,666877.5
1716724800,3813.5,3813.79,3798.08,3803.83,275402.3
1716728400,3803.84,3811.45,3791.59,3809.38,366694.6
1716732000,3809.38,3869.35,3803.98,3863.11,1163600.6
1716735600,3863.12,3877.9,3825.0,3832.68,1609544.0
1716739200,3832.69,3884.9,3830.84,3863.45,964019.2
1716742800,3863.45,3865.8,3841.0,3844.25,325648.2
1716746400,3844.25,3850.3,3831.15,3847.0,303251.2
1716750000,3846.99,3879.22,3846.99,3879.03,383966.3
1716753600,3879.03,3879.67,3857.26,3860.78,161455.6
1716757200,3860.78,3860.78,3825.41,3853.11,341773.8
1716760800,3852.99,3854.7,3836.0,3838.16,189335.3
1716764400,3838.17,3841.42,3816.83,3826.38,442136.0
1716768000,3826.39,3857.83,3823.0,3842.39,392008.8
1716771600,3842.38,3892.08,3837.12,3884.03,674768.8
1716775200,3884.02,3940.0,3878.68,3914.34,1476638.0
1716778800,3914.33,3936.92,3906.01,3919.22,650911.6
1716782400,3919.27,3935.29,3907.97,3919.68,484244.9
1716786000,3919.5,3923.7,3887.0,3904.92,714221.7
1716789600,3904.93,3918.0,3891.01,3894.01,440228.7
1716793200,3894.02,3922.0,3892.47,3913.6,421434.7
1716796800,3913.6,3957.97,3905.48,3911.26,1312325.7
1716800400,3911.26,3923.49,3901.01,3910.38,530370.6
1716804000,3910.37,3910.38,3883.11,3905.8,665630.1
1716807600,3905.97,3916.0,3885.01,3900.6,446422.7
1716811200,3900.61,3916.99,3891.21,3912.82,404858.6
1716814800,3912.83,3940.0,3909.0,3930.75,995371.9
1716818400,3930.76,3954.93,3918.73,3943.34,1169619.9
1716822000,3943.34,3978.63,3927.68,3964.72,1514038.3
1716825600,3964.71,3975.0,3942.58,3946.73,656719.6
1716829200,3946.72,3951.95,3924.13,3938.27,447350.9
1716832800,3938.27,3943.24,3924.36,3927.55,244403.6
1716836400,3927.55,3931.71,3852.73,3873.58,1204190.8
1716840000,3873.58,3898.0,3860.88,3893.51,687690.6
1716843600,3893.51,3906.44,3878.06,3890.9,245859.5
1716847200,3890.9,3902.59,3884.63,3888.26,216468.3
1716850800,3888.25,3899.99,3883.02,3894.55,196856.0
1716854400,3894.56,3895.99,3864.01,3878.42,522268.4
1716858000,3878.42,3914.7,3837.33,3849.01,1266422.6
1716861600,3849.01,3874.23,3835.33,3863.68,903311.0
1716865200,3863.55,3867.19,3828.07,3850.62,880156.9
1716868800,3850.62,3855.41,3822.18,3838.16,866084.5
1716872400,3838.17,3861.54,3832.46,3861.53,403066.6
1716876000,3861.53,3866.76,3847.5,3858.84,425170.4
1716879600,3858.85,3861.67,3844.27,3848.68,344816.8
1716883200,3848.68,3881.93,3838.56,3877.28,717790.7
1716886800,3877.29,3894.93,3868.23,3881.23,628710.9
1716890400,3881.23,3932.0,3878.51,3899.98,1338232.4
1716894000,3899.98,3914.94,3890.93,3904.44,456651.3
1716897600,3904.43,3912.92,3891.08,3893.58,426449.8
1716901200,3893.59,3912.89,3852.2,3861.61,1707669.4
1716904800,3861.62,3886.46,3841.71,3857.25,1353967.9
1716908400,3857.25,3871.93,3830.08,3861.12,1156105.5
1716912000,3861.13,3869.65,3820.97,3827.51,973458.4
1716915600,3827.51,3847.64,3820.51,3826.0,460592.9
1716919200,3826.01,3842.01,3775.0,3801.22,1446078.4
1716922800,3801.22,3849.93,3796.93,3841.65,752428.4
1716926400,3841.66,3851.8,3823.36,3833.47,380271.1
1716930000,3833.47,3854.74,3827.59,3843.86,190738.9
1716933600,3843.85,3864.96,3843.12,3863.21,311866.6
1716937200,3863.21,3872.95,3841.49,3844.66,319200.0
1716940800,3844.66,3856.36,3842.29,3849.41,244533.1
1716944400,3849.41,3855.63,3835.41,3844.84,331896.5
1716948000,3844.85,3863.88,3836.5,3848.99,423900.6
1716951600,3849.0,3863.24,3845.0,3852.14,487939.8
1716955200,3852.13,3891.94,3848.0,3872.5,813489.0
1716958800,3872.5,3881.91,3862.0,3868.16,320327.6
1716962400,3868.15,3872.0,3855.99,3858.3,333679.0
1716966000,3858.31,3859.64,3821.66,3822.86,824163.1
1716969600,3822.86,3828.36,3782.01,3802.34,1455053.7
1716973200,3802.33,3817.22,3792.38,3806.76,594402.5
1716976800,3806.74,3825.91,3805.2,3825.27,579823.5
1716980400,3825.16,3829.41,3808.18,3811.53,484808.3
1716984000,3811.53,3829.5,3794.0,3816.35,763202.3
1716987600,3816.35,3841.17,3780.04,3799.35,1843042.2
1716991200,3799.35,3804.63,3760.62,3778.87,1043341.0
1716994800,3778.86,3801.0,3751.65,3761.07,1350388.3
1716998400,3761.07,3771.59,3744.0,3765.17,850898.1
1717002000,3765.1,3782.95,3751.67,3766.81,557075.3
1717005600,3766.82,3770.75,3745.9,3758.89,296796.0
1717009200,3758.99,3773.4,3748.53,3750.06,267396.6
1717012800,3750.06,3761.36,3745.0,3754.35,292608.2
1717016400,3754.3,3793.86,3749.58,3778.0,518176.4
1717020000,3778.0,3790.92,3766.61,3779.94,366505.2
1717023600,3779.94,3789.29,3763.0,3767.81,341697.7
1717027200,3767.8,3784.08,3752.88,3759.03,390423.5
1717030800,3759.03,3779.38,3751.34,3776.68,390586.8
1717034400,3776.68,3792.83,3775.22,3779.5,559356.7
1717038000,3779.5,3798.88,3776.97,3791.89,351212.7
1717041600,3791.96,3803.27,3780.8,3783.81,465744.5
1717045200,3783.8,3787.27,3771.02,3785.05,330065.1
1717048800,3785.05,3786.59,3734.13,3742.34,1135684.1
1717052400,3742.33,3757.54,3714.27,3721.13,1165141.8
1717056000,3721.12,3738.63,3703.16,3736.2,1176695.2
1717059600,3736.19,3738.7,3717.69,3735.47,475603.8
1717063200,3735.48,3744.87,3715.88,3742.49,555213.2
1717066800,3742.49,3757.97,3734.09,3737.55,536799.2
1717070400,3737.55,3774.72,3734.1,3764.88,1120350.7
1717074000,3764.88,3796.73,3760.31,3788.31,986282.0
1717077600,3788.32,3798.84,3761.29,3767.58,926209.6
1717081200,3767.57,3787.44,3755.83,3776.7,576405.5
1717084800,3776.69,3789.82,3770.01,3788.68,368631.4
1717088400,3788.69,3826.0,3779.53,3811.55,1064263.0
1717092000,3811.55,3820.0,3794.54,3815.59,450007.7
1717095600,3815.59,3816.55,3752.05,3762.32,910542.8
1717099200,3762.01,3762.45,3720.0,3738.7,934349.2
1717102800,3738.69,3757.07,3735.0,3752.23,174639.4
1717106400,3752.23,3754.88,3744.61,3747.98,179140.1
1717110000,3747.98,3752.98,3745.05,3748.41,176153.9
1717113600,3748.41,3753.83,3743.56,3753.54,206744.4
1717117200,3753.53,3767.5,3741.07,3749.81,479694.8
1717120800,3749.8,3771.81,3747.3,3753.43,321913.2
1717124400,3753.42,3767.0,3753.42,3760.69,185590.7
1717128000,3760.69,3767.19,3756.65,3762.85,163319.7
1717131600,3762.63,3763.99,3735.1,3746.96,407582.4
1717135200,3746.95,3751.48,3736.2,3739.99,240302.3
1717138800,3739.98,3749.9,3725.03,3729.84,509181.8
1717142400,3729.83,3744.57,3727.73,3735.21,372241.0
1717146000,3735.21,3748.4,3730.37,3747.2,324346.2
1717149600,3747.19,3785.78,3747.19,3784.85,1083699.7
1717153200,3784.85,3814.29,3779.93,3802.99,921313.7
1717156800,3802.99,3853.0,3801.53,3825.29,1712357.8
1717160400,3825.29,3833.2,3781.0,3786.38,1308595.8
1717164000,3786.35,3798.51,3757.3,3773.33,1608600.5
1717167600,3773.33,3777.14,3743.62,3745.56,768617.7
1717171200,3745.56,3758.94,3722.65,3754.68,1315128.2
1717174800,3754.68,3772.34,3750.86,3767.96,549178.9
1717178400,3767.95,3788.98,3763.82,3786.05,507812.1
1717182000,3786.17,3795.5,3776.94,3786.33,379007.7
1717185600,3786.51,3801.97,3778.0,3794.99,294270.0
1717189200,3794.99,3795.95,3780.55,3785.99,169468.0
1717192800,3786.0,3791.0,3767.0,3770.61,265152.5
1717196400,3770.62,3774.5,3741.56,3762.68,657217.0
1717200000,3762.67,3769.3,3752.78,3764.99,221782.9
1717203600,3765.0,3778.54,3758.28,3766.67,394442.3
1717207200,3766.66,3779.95,3766.0,3777.67,197560.0
1717210800,3777.66,3782.75,3774.56,3778.92,266440.2
1717214400,3778.93,3786.0,3770.7,3784.12,269635.5
1717218000,3784.13,3794.12,3777.57,3789.27,342560.1
1717221600,3789.27,3791.73,3782.62,3789.25,195387.1
1717225200,3789.26,3791.34,3768.44,3772.76,296723.1
1717228800,3772.76,3803.0,3772.03,3800.15,602829.0
1717232400,3800.14,3811.53,3788.0,3793.36,621621.9
1717236000,3793.35,3797.09,3784.01,3786.88,146196.1
1717239600,3786.89,3794.98,3782.57,3788.46,154548.0
1717243200,3788.45,3808.02,3787.1,3795.03,289328.1
1717246800,3795.02,3810.63,3794.78,3801.87,307051.3
1717250400,3801.88,3814.65,3796.66,3809.76,394242.8
1717254000,3809.76,3812.88,3798.05,3798.8,286616.6
1717257600,3798.79,3807.98,3793.82,3799.61,391508.7
1717261200,3799.61,3810.61,3790.04,3807.75,306865.7
1717264800,3807.75,3811.26,3798.21,3803.07,102440.4
1717268400,3803.07,3807.58,3797.51,3804.37,100146.0
1717272000,3804.37,3807.32,3800.16,3806.94,81877.8
1717275600,3806.95,3824.5,3804.0,3815.34,261157.4
1717279200,3815.34,3834.33,3815.34,3821.2,274356.5
1717282800,3821.19,3823.16,3812.81,3815.61,157063.7
1717286400,3815.62,3837.0,3813.74,3835.0,318455.4
1717290000,3835.0,3838.4,3821.43,3823.89,309043.6
1717293600,3823.88,3826.91,3797.51,3807.19,685877.9
1717297200,3807.18,3811.55,3803.08,3807.36,322135.5
1717300800,3807.37,3821.32,3805.0,3820.88,260604.4
1717304400,3820.88,3823.75,3805.88,3806.01,245019.9
1717308000,3806.01,3815.12,3805.2,3814.94,194191.9
1717311600,3814.94,3815.0,3791.65,3793.57,382680.6
1717315200,3793.56,3802.15,3780.64,3793.59,495426.4
1717318800,3793.93,3797.27,3773.15,3781.16,565280.9
1717322400,3781.17,3784.12,3771.03,3782.56,422346.3
1717326000,3782.55,3810.71,3777.41,3805.01,657411.7
1717329600,3805.01,3810.87,3786.02,3788.49,407423.9
1717333200,3788.39,3802.0,3776.51,3796.49,434017.0
1717336800,3796.48,3810.8,3790.07,3807.15,422786.1
1717340400,3807.14,3808.77,3792.41,3800.03,194893.6
1717344000,3800.04,3804.84,3788.24,3792.52,189369.7
1717347600,3792.51,3792.52,3772.98,3773.06,359073.3
1717351200,3773.06,3774.74,3751.07,3771.4,677499.7
1717354800,3771.4,3784.19,3760.21,3782.51,240427.2
1717358400,3782.51,3788.44,3768.15,3788.43,228247.3
1717362000,3788.44,3795.0,3782.96,3784.01,162566.3
1717365600,3784.0,3798.05,3776.53,3782.98,192807.6
1717369200,3783.0,3789.6,3781.53,3782.02,164440.4
1717372800,3782.03,3784.53,3762.56,3775.43,372580.5
1717376400,3775.43,3808.26,3774.0,3804.63,628119.4
1717380000,3804.63,3824.17,3804.63,3808.75,685774.3
1717383600,3808.93,3810.65,3792.26,3800.77,310157.2
1717387200,3800.78,3823.44,3795.67,3817.69,335549.5
1717390800,3817.69,3832.51,3812.39,3815.3,398735.9
1717394400,3815.29,3843.47,3811.2,3826.14,773247.1
1717398000,3826.14,3831.64,3812.46,3818.0,522622.9
1717401600,3818.01,3839.81,3815.0,3825.0,513105.4
1717405200,3825.01,3826.76,3813.33,3816.13,380947.7
1717408800,3816.13,3820.27,3808.32,3810.21,275720.8
1717412400,3810.21,3819.67,3805.24,3810.05,286792.7
1717416000,3810.06,3843.98,3809.67,3841.8,713554.0
1717419600,3841.8,3852.5,3823.51,3823.8,984191.1
1717423200,3823.81,3834.78,3757.32,3770.08,2307494.9
1717426800,3770.07,3796.86,3765.41,3796.58,875945.4
1717430400,3796.59,3798.5,3760.01,3770.78,829590.5
1717434000,3770.79,3784.12,3760.0,3781.65,328764.6
1717437600,3781.65,3791.28,3777.04,3779.9,255473.1
1717441200,3779.89,3782.03,3768.21,3774.11,189471.9
1717444800,3774.5,3787.17,3771.42,3772.32,223678.0
1717448400,3772.32,3779.13,3760.1,3773.89,221392.1
1717452000,3773.88,3780.0,3760.15,3779.4,297541.1
1717455600,3779.39,3782.14,3761.29,3767.36,247710.6
1717459200,3767.36,3770.59,3725.0,3760.98,1022618.8
1717462800,3760.97,3780.96,3752.33,3775.58,408036.9
1717466400,3775.59,3784.0,3769.1,3773.0,322949.5
1717470000,3772.99,3786.34,3771.95,3774.71,388051.7
1717473600,3774.72,3778.9,3764.05,3765.29,301472.1
1717477200,3765.29,3775.31,3759.12,3763.58,200958.7
1717480800,3763.57,3770.78,3752.85,3764.41,365325.2
1717484400,3764.41,3780.38,3763.78,3776.0,245388.4
1717488000,3776.01,3784.67,3760.58,3762.0,435473.9
1717491600,3762.0,3765.23,3742.0,3750.4,581628.4
1717495200,3750.4,3772.0,3749.0,3766.81,348881.3
1717498800,3766.81,3769.99,3758.2,3766.0,215698.8
1717502400,3766.0,3770.0,3754.02,3764.65,454946.8
1717506000,3764.58,3787.62,3764.34,3775.9,985975.9
1717509600,3775.9,3796.6,3767.66,3778.05,1045826.0
1717513200,3778.15,3818.78,3771.24,3810.33,1066607.3
1717516800,3810.34,3828.42,3803.2,3819.69,997024.1
1717520400,3819.69,3833.64,3805.09,3814.31,593163.0
1717524000,3814.32,3827.4,3812.76,3812.76,209119.2
1717527600,3812.76,3813.16,3776.62,3800.79,537885.3
1717531200,3800.79,3813.61,3793.2,3807.1,178856.1
1717534800,3807.1,3823.47,3804.01,3813.37,123673.1
1717538400,3813.36,3822.93,3808.53,3815.11,198649.6
1717542000,3815.2,3816.67,3808.34,3810.64,217992.0
1717545600,3810.64,3829.83,3809.3,3820.2,269298.2
1717549200,3820.2,3842.0,3813.89,3824.12,629499.1
1717552800,3824.13,3825.0,3800.43,3805.29,522205.0
1717556400,3805.29,3812.62,3802.5,3812.22,226117.4
1717560000,3812.21,3813.93,3805.01,3810.64,229547.6
1717563600,3810.64,3812.0,3778.24,3789.89,916538.0
1717567200,3789.89,3816.49,3785.24,3816.07,608282.5
1717570800,3816.07,3822.0,3805.21,3809.8,510442.6
1717574400,3809.8,3812.3,3800.41,3803.73,293100.7
1717578000,3803.73,3807.37,3790.66,3798.25,267178.6
1717581600,3798.26,3802.81,3788.88,3796.29,245020.9
1717585200,3796.28,3809.92,3791.18,3805.53,388350.0
1717588800,3805.54,3825.59,3803.03,3821.09,700355.8
1717592400,3821.1,3822.46,3792.77,3800.23,558194.8
1717596000,3800.57,3804.44,3782.18,3796.15,704442.5
1717599600,3796.18,3821.13,3793.12,3814.48,567258.6
1717603200,3814.48,3822.2,3796.84,3802.32,385906.5
1717606800,3802.32,3850.0,3800.07,3841.99,780796.2
1717610400,3841.99,3872.15,3838.76,3845.4,1041992.4
1717614000,3845.4,3877.99,3833.74,3876.72,567561.9
1717617600,3876.72,3888.0,3862.49,3863.58,497683.8
1717621200,3863.58,3864.4,3845.07,3847.93,209040.2
1717624800,3847.94,3854.17,3842.2,3851.25,200512.4
1717628400,3851.24,3870.41,3848.87,3866.25,381865.4
1717632000,3866.24,3868.13,3857.08,3859.43,225713.9
1717635600,3859.44,3870.08,3853.44,3861.26,247700.3
1717639200,3861.27,3879.87,3859.97,3868.85,312789.7
1717642800,3868.85,3873.66,3861.2,3862.29,228255.4
1717646400,3862.29,3865.8,3855.33,3862.97,213540.3
1717650000,3862.97,3865.5,3845.0,3848.55,387585.1
1717653600,3848.54,3855.0,3841.71,3847.54,320051.2
1717657200,3847.54,3855.99,3842.44,3852.59,298944.3
1717660800,3852.58,3853.98,3843.0,3846.9,210432.7
1717664400,3846.89,3854.93,3846.32,3851.51,196614.3
1717668000,3851.51,3852.98,3847.02,3851.43,132157.1
1717671600,3851.42,3857.86,3845.86,3850.89,263833.2
1717675200,3850.89,3868.63,3841.52,3846.39,616397.9
1717678800,3846.29,3853.0,3822.2,3835.73,950110.1
1717682400,3835.73,3847.79,3827.55,3845.0,415165.0
1717686000,3844.99,3847.72,3838.39,3844.91,307765.5
1717689600,3844.9,3856.03,3823.05,3831.08,738091.4
1717693200,3831.08,3837.3,3815.0,3833.45,470632.8
1717696800,3833.44,3839.65,3826.42,3833.8,145179.6
1717700400,3833.79,3833.79,3786.51,3790.89,929939.0
1717704000,3790.88,3802.21,3758.48,3800.23,1261146.6
1717707600,3800.23,3804.72,3793.72,3801.96,168177.1
1717711200,3801.96,3814.39,3799.73,3812.42,200377.2
1717714800,3812.42,3816.0,3808.43,3813.75,202441.3
1717718400,3813.76,3814.29,3806.52,3809.28,213327.7
1717722000,3809.28,3811.15,3800.0,3806.32,206906.5
1717725600,3806.32,3808.81,3791.98,3801.69,256927.8
1717729200,3801.69,3809.48,3794.17,3807.47,241274.1
1717732800,3807.47,3820.14,3806.74,3816.0,338822.4
1717736400,3815.99,3827.43,3814.49,3818.71,286018.5
1717740000,3818.72,3821.57,3813.03,3817.23,154622.1
1717743600,3817.23,3825.0,3814.79,3816.77,152370.8
1717747200,3816.77,3817.74,3809.06,3811.88,158387.3
1717750800,3811.88,3814.87,3807.57,3812.8,127487.0
1717754400,3812.79,3814.0,3801.51,3811.02,209729.8
1717758000,3811.02,3840.98,3808.46,3835.63,622699.4
1717761600,3835.63,3842.48,3771.95,3808.0,2621370.8
1717765200,3808.01,3821.16,3795.38,3814.81,550680.5
1717768800,3814.81,3830.02,3809.0,3822.69,409653.5
1717772400,3822.68,3822.69,3791.59,3800.61,534700.9
1717776000,3800.6,3808.74,3778.87,3785.12,490103.5
1717779600,3785.12,3785.47,3723.09,3723.72,1478943.4
1717783200,3723.72,3730.12,3565.41,3679.18,5396820.8
1717786800,3679.17,3704.98,3656.85,3686.91,820602.9
1717790400,3686.91,3695.01,3670.0,3692.11,447743.5
1717794000,3692.11,3699.99,3685.97,3694.05,176662.9
1717797600,3694.05,3700.87,3685.77,3695.51,204008.9
1717801200,3695.5,3695.68,3679.02,3679.14,167385.7
1717804800,3679.13,3691.57,3674.35,3686.91,197071.3
1717808400,3686.91,3693.0,3680.0,3691.56,202945.8
1717812000,3691.57,3691.57,3685.9,3688.45,90378.0
1717815600,3688.45,3691.02,3685.46,3690.17,110794.1
1717819200,3690.16,3690.6,3680.76,3681.94,126103.9
1717822800,3681.94,3685.54,3677.55,3680.51,143194.1
1717826400,3680.52,3688.24,3679.76,3685.77,92786.2
1717830000,3685.78,3709.87,3685.77,3709.01,463906.8
1717833600,3709.01,3709.62,3692.54,3695.82,249599.3
1717837200,3695.82,3699.06,3692.0,3693.34,131161.0
1717840800,3693.34,3696.31,3681.86,3694.83,332414.5
1717844400,3694.83,3697.68,3678.0,3682.95,320832.5
1717848000,3682.95,3688.87,3677.31,3682.73,201524.0
1717851600,3682.72,3688.32,3660.0,3687.72,598188.8
1717855200,3687.71,3696.66,3682.25,3695.91,349734.6
1717858800,3695.9,3697.75,3686.6,3687.54,233687.0
1717862400,3687.54,3692.16,3678.47,3682.57,231046.1
1717866000,3682.57,3688.0,3671.04,3687.93,151237.5
1717869600,3687.93,3694.87,3686.7,3688.62,122656.4
1717873200,3688.65,3693.69,3680.76,3682.22,94712.2
1717876800,3682.21,3684.6,3670.01,3674.21,129065.4
1717880400,3674.04,3680.91,3670.65,3676.57,104401.6
1717884000,3676.57,3680.33,3670.55,3677.37,88667.6
1717887600,3677.36,3684.71,3672.14,3681.72,132708.0
1717891200,3681.71,3684.66,3679.0,3682.03,78805.1
1717894800,3682.03,3685.9,3680.28,3683.05,71653.4
1717898400,3683.06,3683.06,3666.86,3669.35,275752.0
1717902000,3669.35,3675.8,3669.35,3675.01,160489.4
1717905600,3675.0,3680.18,3670.06,3676.18,150262.9
1717909200,3676.18,3685.69,3671.76,3680.92,188661.4
1717912800,3680.92,3689.57,3680.92,3686.05,180803.9
1717916400,3686.05,3691.02,3684.4,3685.66,170129.6
1717920000,3685.66,3688.0,3682.56,3686.61,92028.3
1717923600,3686.6,3691.43,3686.6,3689.69,99320.7
1717927200,3689.7,3692.72,3685.47,3686.77,97207.4
1717930800,3686.77,3694.0,3685.75,3693.49,92291.8
1717934400,3693.49,3713.31,3689.01,3704.5,501836.0
1717938000,3704.5,3707.86,3681.0,3687.81,506350.9
1717941600,3687.81,3694.98,3682.83,3692.79,262551.5
1717945200,3692.79,3695.0,3688.5,3690.61,134859.3
1717948800,3690.6,3701.9,3689.06,3697.91,169257.5
1717952400,3697.92,3702.5,3693.0,3699.93,148409.2
1717956000,3699.98,3708.65,3698.05,3704.89,146004.6
1717959600,3704.89,3709.4,3697.51,3700.97,101562.6
1717963200,3700.97,3704.69,3695.0,3699.76,113257.4
1717966800,3699.75,3727.0,3695.5,3715.28,310773.3
1717970400,3715.28,3718.37,3706.03,3708.06,144909.3
1717974000,3708.06,3709.11,3702.97,3706.43,64836.6
1717977600,3706.44,3707.26,3687.1,3693.91,254990.8
1717981200,3693.9,3696.19,3685.69,3692.1,147676.2
1717984800,3692.1,3697.25,3689.62,3690.64,158945.4
1717988400,3690.64,3691.98,3680.5,3684.56,160063.3
1717992000,3684.57,3692.37,3680.15,3690.73,250281.8
1717995600,3690.72,3691.09,3682.11,3684.54,107902.0
1717999200,3684.54,3684.96,3670.74,3672.64,316465.6
1718002800,3672.64,3677.53,3644.03,3648.88,777898.1
1718006400,3648.87,3673.97,3647.34,3670.79,457867.6
1718010000,3670.79,3675.0,3658.59,3673.0,282507.0
1718013600,3673.0,3681.93,3670.18,3677.78,204349.4
1718017200,3677.78,3681.8,3671.16,3676.13,224896.8
1718020800,3676.14,3682.86,3668.93,3675.7,181693.8
1718024400,3675.71,3680.48,3665.48,3673.74,316123.4
1718028000,3673.74,3681.45,3663.33,3681.45,358040.7
1718031600,3681.45,3714.6,3677.33,3701.94,834793.6
1718035200,3701.95,3705.95,3683.73,3698.56,394649.3
1718038800,3698.57,3699.63,3687.0,3696.54,131016.4
1718042400,3696.54,3701.64,3676.53,3688.5,231471.6
1718046000,3688.5,3689.29,3664.07,3669.3,319092.5
1718049600,3669.29,3675.19,3650.59,3671.95,429919.8
1718053200,3671.94,3677.47,3665.85,3674.01,70937.6
1718056800,3674.01,3675.0,3666.65,3675.0,94705.0
1718060400,3675.0,3677.41,3660.01,3668.77,237452.6
1718064000,3668.77,3673.54,3660.05,3663.4,247269.3
1718067600,3663.4,3671.0,3603.07,3627.02,1175681.1
1718071200,3627.02,3643.81,3566.37,3603.46,2249611.7
1718074800,3603.45,3614.01,3590.38,3596.34,561313.5
1718078400,3596.33,3596.33,3533.01,3566.38,2191434.4
1718082000,3566.38,3568.43,3542.79,3562.02,530760.4
1718085600,3562.01,3570.27,3491.6,3540.8,1189656.8
1718089200,3540.81,3548.04,3523.03,3534.0,738448.1
1718092800,3534.0,3543.78,3503.6,3534.81,1124313.5
1718096400,3534.81,3541.63,3505.75,3515.01,739783.1
1718100000,3515.02,3549.0,3506.0,3529.87,746759.2
1718103600,3529.86,3542.69,3522.09,3530.4,358420.8
1718107200,3530.4,3546.84,3524.41,3534.1,396287.0
1718110800,3534.11,3545.99,3508.01,3521.44,824692.9
1718114400,3521.44,3536.83,3512.15,3513.88,469448.1
1718118000,3513.87,3529.8,3426.53,3446.84,3657503.7
1718121600,3446.83,3481.76,3442.49,3452.0,1232652.1
1718125200,3452.0,3483.22,3431.4,3471.87,871047.6
1718128800,3471.87,3496.75,3465.05,3488.96,613490.1
1718132400,3488.95,3502.0,3478.3,3497.0,394816.5
1718136000,3496.99,3497.57,3483.36,3487.22,211914.8
1718139600,3487.23,3502.0,3485.18,3501.37,104223.8
1718143200,3501.38,3509.62,3497.0,3500.38,168814.4
1718146800,3500.38,3509.8,3492.09,3497.06,160684.0
1718150400,3497.06,3505.72,3488.88,3492.84,210946.6
1718154000,3492.84,3495.61,3461.18,3481.98,558183.2
1718157600,3481.98,3507.49,3475.36,3498.09,511025.2
1718161200,3498.08,3514.57,3495.23,3509.9,309642.3
1718164800,3509.91,3532.64,3509.05,3521.72,670603.7
1718168400,3521.86,3522.0,3507.5,3509.22,239627.8
1718172000,3509.23,3522.0,3508.19,3516.35,189529.9
1718175600,3516.36,3528.32,3514.98,3526.94,243556.0
1718179200,3526.95,3531.88,3519.73,3520.19,211067.2
1718182800,3520.19,3543.13,3517.15,3538.27,352649.5
1718186400,3538.24,3563.6,3536.35,3544.2,898714.1
1718190000,3544.2,3549.42,3529.81,3531.57,291103.7
1718193600,3531.72,3642.0,3531.15,3637.66,3420633.0
1718197200,3637.66,3657.7,3603.47,3615.01,1566314.5
1718200800,3615.01,3641.88,3614.33,3635.02,715752.0
1718204400,3635.01,3646.95,3611.0,3618.29,636746.9
1718208000,3618.48,3623.42,3588.01,3616.48,756068.9
1718211600,3616.48,3626.29,3606.55,3623.39,319314.5
1718215200,3623.2,3624.55,3552.58,3567.64,2743561.9
1718218800,3567.64,3596.14,3513.32,3529.38,1942969.0
1718222400,3529.22,3563.0,3522.0,3556.47,737569.7
1718226000,3556.48,3575.66,3555.98,3566.36,280156.0
1718229600,3566.35,3573.17,3561.65,3571.76,97145.2
1718233200,3571.76,3571.76,3559.38,3560.65,157499.9
1718236800,3560.65,3562.4,3545.43,3558.36,281034.7
1718240400,3558.35,3560.47,3538.09,3540.06,201283.7
1718244000,3540.06,3544.69,3504.17,3512.78,863197.0
1718247600,3512.78,3516.42,3477.01,3503.69,1141875.1
1718251200,3503.69,3518.03,3495.55,3495.6,435412.9
1718254800,3495.6,3515.42,3495.6,3510.32,225795.3
1718258400,3510.33,3511.59,3480.0,3492.99,453971.2
1718262000,3492.99,3507.68,3485.07,3507.67,264243.4
1718265600,3507.67,3512.0,3502.36,3503.6,206308.0
1718269200,3503.6,3504.21,3472.81,3490.94,682254.6
1718272800,3490.99,3512.27,3473.62,3503.49,520821.4
1718276400,3503.48,3508.29,3493.85,3497.48,337417.3
1718280000,3497.49,3538.42,3478.68,3494.43,1484206.9
1718283600,3494.43,3522.73,3485.28,3499.48,871922.1
1718287200,3499.47,3527.83,3473.8,3506.91,1852683.8
1718290800,3506.81,3510.02,3432.63,3443.11,2092809.2
1718294400,3443.11,3471.66,3427.63,3470.78,1087377.0
1718298000,3470.79,3478.77,3450.44,3469.86,440493.7
1718301600,3469.85,3479.94,3462.06,3475.5,235738.6
1718305200,3475.23,3492.57,3471.18,3481.99,274134.5
1718308800,3481.99,3491.78,3466.67,3478.71,232692.0
1718312400,3478.71,3486.2,3462.47,3486.2,224319.1
1718316000,3486.19,3486.33,3473.39,3481.63,173432.5
1718319600,3481.64,3481.64,3461.32,3469.97,234331.2
1718323200,3469.97,3479.7,3461.74,3473.78,281155.8
1718326800,3473.79,3489.0,3458.26,3487.75,435424.2
1718330400,3487.76,3509.7,3480.67,3505.81,500959.4
1718334000,3505.82,3510.61,3489.27,3491.05,346782.7
1718337600,3491.1,3500.76,3491.1,3497.24,186026.5
1718341200,3497.23,3529.33,3496.86,3521.8,659244.9
1718344800,3521.81,3533.24,3510.05,3517.9,497257.5
1718348400,3517.89,3525.05,3513.52,3515.67,356244.1
1718352000,3515.67,3530.0,3513.25,3521.79,334716.9
1718355600,3521.8,3523.0,3512.32,3513.08,272506.1
1718359200,3513.09,3517.86,3507.42,3512.51,290417.5
1718362800,3512.5,3522.02,3505.8,3515.87,286153.8
1718366400,3515.87,3525.78,3508.2,3513.02,320433.4
1718370000,3513.03,3520.89,3507.01,3508.32,443035.4
1718373600,3508.31,3510.99,3466.59,3489.45,1301679.4
1718377200,3489.46,3498.55,3461.02,3461.77,808191.1
1718380800,3461.77,3467.73,3384.26,3402.74,3248039.2
1718384400,3402.5,3412.0,3378.25,3389.51,1073610.0
1718388000,3389.51,3394.77,3362.02,3387.54,877195.5
1718391600,3387.54,3408.8,3374.21,3405.82,587297.2
1718395200,3405.83,3427.56,3404.05,3413.43,420153.1
1718398800,3413.46,3530.0,3411.11,3504.21,1544300.3
1718402400,3504.15,3504.98,3461.76,3484.21,813251.5
1718406000,3484.22,3491.34,3470.92,3481.28,294762.2
1718409600,3481.28,3501.12,3478.25,3492.3,375815.5
1718413200,3492.3,3502.99,3476.89,3477.63,374983.8
1718416800,3477.7,3489.33,3472.22,3485.08,216053.7
1718420400,3485.09,3505.0,3485.08,3503.89,286458.0
1718424000,3503.9,3516.86,3497.54,3508.86,602707.6
1718427600,3508.85,3529.13,3507.0,3526.24,494488.8
1718431200,3526.25,3557.83,3526.24,3539.59,1179845.7
1718434800,3539.59,3548.9,3525.86,3529.0,646620.9
1718438400,3528.98,3539.4,3526.1,3534.05,281114.5
1718442000,3534.06,3539.97,3518.28,3531.51,522319.9
1718445600,3531.51,3538.57,3527.13,3537.88,189419.6
1718449200,3537.87,3542.99,3533.0,3538.4,190174.2
1718452800,3538.41,3566.0,3537.01,3563.96,758391.1
1718456400,3563.96,3570.84,3548.35,3568.41,593733.2
1718460000,3568.42,3568.92,3549.6,3557.02,378235.6
1718463600,3557.02,3594.29,3555.15,3565.48,1141779.2
1718467200,3565.48,3570.83,3554.6,3556.61,492983.3
1718470800,3556.61,3576.37,3551.04,3571.69,437748.5
1718474400,3571.69,3571.74,3557.42,3562.38,236842.5
1718478000,3562.38,3565.6,3552.71,3559.19,200846.7
1718481600,3559.2,3559.2,3536.6,3554.37,459995.5
1718485200,3554.38,3568.51,3554.37,3560.99,133220.8
1718488800,3560.99,3571.35,3557.01,3570.9,145711.7
1718492400,3570.9,3575.79,3565.45,3569.09,156574.3
1718496000,3569.1,3570.01,3556.45,3558.45,204500.3
1718499600,3558.45,3568.46,3553.19,3568.35,217807.4
1718503200,3568.35,3574.29,3561.01,3561.53,230419.2
1718506800,3561.54,3564.51,3548.2,3554.71,275652.1
1718510400,3554.71,3559.16,3540.63,3554.01,337503.0
1718514000,3554.01,3569.33,3553.02,3567.95,271820.3
1718517600,3567.95,3575.0,3562.47,3570.35,239634.3
1718521200,3570.35,3573.78,3560.77,3561.96,183600.9
1718524800,3561.97,3563.71,3547.3,3553.94,310246.2
1718528400,3553.94,3559.38,3547.7,3554.23,220611.2
1718532000,3554.23,3570.0,3549.31,3569.18,320256.4
1718535600,3569.18,3570.39,3554.0,3555.48,194226.3
1718539200,3555.48,3564.86,3553.01,3564.54,138649.3
1718542800,3564.55,3594.0,3563.57,3592.68,897362.2
1718546400,3592.69,3612.49,3577.66,3579.5,1048680.5
1718550000,3579.5,3595.1,3577.75,3591.29,289614.8
1718553600,3591.3,3604.34,3587.56,3595.14,444070.9
1718557200,3595.14,3608.88,3586.11,3591.49,372952.3
1718560800,3591.48,3600.06,3586.62,3597.55,137066.9
1718564400,3597.57,3604.06,3588.58,3598.89,146921.6
1718568000,3598.88,3606.53,3593.51,3601.66,157615.7
1718571600,3601.67,3601.79,3589.08,3596.46,122600.0
1718575200,3596.46,3656.0,3596.46,3628.89,1455065.4
1718578800,3628.89,3635.0,3614.3,3624.01,307426.5
1718582400,3624.01,3638.0,3614.42,3617.77,432688.2
1718586000,3617.76,3627.48,3602.6,3611.1,627434.7
1718589600,3611.1,3611.1,3580.88,3595.6,802722.0
1718593200,3595.62,3597.94,3576.17,3582.6,431018.4
1718596800,3582.6,3590.64,3575.49,3590.22,350521.1
1718600400,3590.21,3596.73,3567.25,3574.47,468996.8
1718604000,3574.46,3577.66,3547.0,3552.58,920900.8
1718607600,3552.58,3571.37,3538.0,3553.53,801540.8
1718611200,3553.52,3561.5,3533.74,3544.76,616386.8
1718614800,3544.76,3550.96,3510.58,3513.0,1035186.1
1718618400,3513.0,3524.58,3491.0,3519.39,1517723.4
1718622000,3519.39,3534.0,3517.12,3527.59,491614.4
1718625600,3527.58,3530.78,3516.58,3523.13,400237.3
1718629200,3523.12,3541.05,3483.6,3495.35,1200732.7
1718632800,3495.36,3546.92,3494.37,3525.69,1207591.2
1718636400,3525.7,3540.94,3487.56,3497.04,1164982.3
1718640000,3497.03,3534.92,3465.75,3525.82,2003415.8
1718643600,3525.83,3556.19,3517.96,3554.3,1002102.1
1718647200,3554.3,3578.94,3547.0,3561.12,1083247.7
1718650800,3561.12,3562.84,3542.9,3553.61,410726.8
1718654400,3553.62,3556.2,3507.66,3514.41,808421.2
1718658000,3514.46,3531.6,3500.02,3524.59,345598.4
1718661600,3524.59,3533.33,3514.36,3524.18,193741.0
1718665200,3524.18,3526.6,3503.0,3511.11,292570.6
1718668800,3511.11,3517.08,3450.5,3473.23,1309452.3
1718672400,3473.22,3481.94,3346.0,3408.81,3674181.0
1718676000,3408.8,3444.96,3382.51,3429.83,1346703.2
1718679600,3429.83,3442.0,3421.37,3441.87,370044.0
1718683200,3441.87,3456.92,3429.16,3445.59,561865.1
1718686800,3445.59,3463.5,3442.92,3444.54,424121.8
1718690400,3444.55,3453.98,3432.37,3437.13,440637.9
1718694000,3437.14,3456.73,3437.14,3443.84,312275.6
1718697600,3443.85,3451.42,3440.0,3448.42,210494.4
1718701200,3448.41,3448.42,3428.19,3431.6,424583.2
1718704800,3431.59,3439.0,3413.04,3426.33,647133.0
1718708400,3426.3,3429.0,3392.0,3414.93,1198634.0
1718712000,3414.94,3420.25,3383.23,3408.0,1184172.5
1718715600,3408.0,3411.44,3377.04,3393.02,1527566.1
1718719200,3393.02,3441.55,3370.94,3401.66,2158394.8
1718722800,3401.66,3429.68,3393.15,3423.66,1019969.6
1718726400,3424.32,3429.11,3402.01,3422.91,759587.9
1718730000,3423.0,3436.82,3402.21,3409.1,733755.5
1718733600,3409.36,3422.0,3391.17,3402.1,550438.1
1718737200,3402.11,3426.0,3385.53,3423.24,748922.6
1718740800,3423.25,3469.44,3412.46,3461.87,1028416.8
1718744400,3461.87,3488.98,3452.61,3472.7,869346.4
1718748000,3472.71,3487.54,3465.41,3480.11,290750.3
1718751600,3480.11,3487.24,3473.17,3483.11,218724.2
1718755200,3483.11,3497.59,3465.38,3493.31,572871.2
1718758800,3493.3,3546.96,3492.06,3517.53,1796773.1
1718762400,3517.79,3545.0,3516.83,3538.84,569945.5
1718766000,3538.84,3573.0,3528.16,3565.24,1054444.8
1718769600,3565.25,3585.0,3558.8,3560.19,829582.5
1718773200,3560.19,3568.0,3548.88,3550.21,461959.1
1718776800,3550.22,3562.88,3549.3,3561.42,221360.3
1718780400,3561.43,3565.84,3533.7,3544.88,755044.8
1718784000,3544.87,3549.35,3528.01,3531.8,573927.1
1718787600,3531.81,3540.66,3524.11,3534.59,430631.2
1718791200,3534.58,3563.07,3530.88,3560.54,658705.8
1718794800,3560.54,3564.97,3518.0,3537.16,906164.5
1718798400,3537.16,3549.76,3532.25,3546.64,364322.2
1718802000,3546.64,3550.87,3534.31,3540.0,318690.0
1718805600,3540.01,3541.24,3512.98,3520.4,873232.8
1718809200,3520.4,3533.67,3516.29,3529.39,352344.8
1718812800,3529.39,3554.98,3523.16,3547.19,660070.1
1718816400,3547.18,3588.0,3544.64,3561.37,1367120.9
1718820000,3561.37,3575.6,3552.74,3554.06,455154.9
1718823600,3554.06,3556.67,3532.07,3546.6,462211.4
1718827200,3546.6,3562.9,3532.29,3553.3,471347.1
1718830800,3553.31,3577.32,3549.79,3570.22,324304.8
1718834400,3570.23,3573.99,3556.03,3556.69,208167.8
1718838000,3556.7,3568.76,3551.4,3560.0,238847.0
1718841600,3560.01,3569.99,3550.11,3563.32,304755.6
1718845200,3563.25,3594.94,3550.5,3559.07,973470.5
1718848800,3558.92,3559.22,3533.0,3551.95,632650.8
1718852400,3551.95,3557.7,3544.05,3553.65,188103.7
1718856000,3553.64,3573.89,3544.5,3570.58,425949.0
1718859600,3570.58,3584.68,3566.42,3580.73,595625.0
1718863200,3580.73,3592.22,3574.19,3579.54,752673.8
1718866800,3579.43,3616.49,3579.4,3607.27,1214865.1
1718870400,3607.28,3611.0,3581.52,3586.68,734966.8
1718874000,3586.69,3591.06,3572.19,3580.3,415436.1
1718877600,3580.3,3609.98,3574.73,3604.59,708785.0
1718881200,3604.6,3626.0,3596.38,3599.01,1147548.9
1718884800,3599.0,3611.5,3583.0,3589.75,795088.4
1718888400,3589.74,3592.64,3525.0,3532.27,2240442.5
1718892000,3532.27,3534.69,3491.55,3521.77,1732786.9
1718895600,3521.76,3532.59,3506.33,3506.51,762946.6
1718899200,3506.5,3523.86,3486.5,3516.4,1107002.8
1718902800,3516.39,3524.83,3508.1,3522.96,326189.1
1718906400,3522.97,3542.12,3520.66,3526.58,502755.2
1718910000,3526.57,3540.0,3513.23,3536.4,322647.3
1718913600,3536.4,3538.95,3521.48,3526.12,155615.4
1718917200,3526.15,3530.5,3515.78,3516.63,122052.2
1718920800,3516.63,3522.83,3514.5,3519.37,129613.4
1718924400,3519.37,3523.52,3510.71,3512.83,275590.2
1718928000,3512.84,3517.85,3491.48,3500.06,631431.9
1718931600,3500.06,3529.72,3495.7,3527.97,451464.4
1718935200,3527.96,3536.6,3506.49,3509.1,538430.3
1718938800,3509.02,3514.22,3495.67,3501.87,425651.7
1718942400,3501.87,3518.3,3493.89,3518.3,344681.6
1718946000,3518.3,3522.85,3505.46,3519.12,312847.2
1718949600,3519.06,3520.76,3506.4,3512.74,262501.0
1718953200,3512.74,3519.97,3467.0,3474.7,1193652.6
1718956800,3474.7,3489.48,3446.5,3459.49,1360570.3
1718960400,3459.49,3532.89,3454.14,3514.54,1837614.6
1718964000,3514.55,3522.71,3490.04,3496.39,662998.8
1718967600,3496.4,3510.0,3491.53,3503.34,431602.7
1718971200,3503.34,3512.83,3471.16,3495.71,838561.6
1718974800,3495.85,3498.39,3455.0,3476.96,1176719.4
1718978400,3476.96,3519.84,3464.04,3514.25,1198280.5
1718982000,3514.25,3519.61,3475.11,3492.61,896057.3
1718985600,3492.83,3496.39,3475.0,3488.59,524232.3
1718989200,3488.59,3507.08,3470.95,3478.78,661609.8
1718992800,3478.78,3527.0,3476.26,3523.53,532016.9
1718996400,3523.54,3537.67,3510.61,3535.28,564217.7
1719000000,3535.28,3547.56,3516.48,3521.93,477366.1
1719003600,3521.94,3525.49,3498.58,3517.19,314935.9
1719007200,3517.19,3528.41,3514.57,3523.37,183307.6
1719010800,3523.36,3527.18,3516.27,3518.42,118656.1
1719014400,3518.42,3521.66,3494.49,3501.42,398206.5
1719018000,3501.42,3508.5,3496.91,3502.9,189725.7
1719021600,3502.86,3511.74,3501.3,3505.06,283877.7
1719025200,3505.07,3512.41,3503.99,3506.73,152920.5
1719028800,3506.73,3510.12,3499.48,3509.01,157846.8
1719032400,3509.0,3509.59,3500.16,3509.59,176576.4
1719036000,3509.58,3510.0,3502.29,3503.44,137317.0
1719039600,3503.42,3504.6,3487.59,3494.54,450905.2
1719043200,3494.54,3495.26,3476.07,3484.57,519127.5
1719046800,3484.56,3496.38,3482.21,3493.3,291972.9
1719050400,3493.3,3499.53,3490.11,3497.64,178601.9
1719054000,3497.65,3497.96,3491.21,3493.4,95685.8
1719057600,3493.4,3495.0,3488.01,3489.04,176738.8
1719061200,3489.03,3501.88,3487.2,3501.18,267693.0
1719064800,3501.19,3511.46,3497.15,3503.27,364077.3
1719068400,3503.27,3505.2,3498.36,3505.2,179635.5
1719072000,3505.2,3506.48,3497.34,3504.56,190701.0
1719075600,3504.53,3508.45,3496.81,3498.0,160780.8
1719079200,3498.0,3501.7,3492.03,3493.67,110364.8
1719082800,3493.67,3497.4,3485.55,3491.71,254139.3
1719086400,3491.7,3497.65,3485.62,3496.55,123786.1
1719090000,3496.56,3508.99,3495.61,3506.03,151322.9
1719093600,3506.04,3507.6,3500.54,3502.43,88002.1
1719097200,3502.44,3505.51,3492.61,3495.44,137535.6
1719100800,3495.43,3511.99,3494.8,3507.89,259394.1
1719104400,3507.9,3511.49,3501.63,3507.98,139987.7
1719108000,3507.98,3514.66,3504.16,3514.1,135730.3
1719111600,3514.1,3518.88,3509.18,3518.88,270875.8
1719115200,3518.87,3521.66,3511.15,3513.89,240273.7
1719118800,3514.15,3518.0,3507.48,3509.31,225191.2
1719122400,3509.31,3512.33,3506.54,3507.19,75426.5
1719126000,3507.17,3514.2,3506.66,3512.33,105883.5
1719129600,3512.34,3513.06,3503.1,3506.87,139547.4
1719133200,3506.87,3508.23,3499.32,3502.96,224083.8
1719136800,3502.96,3503.0,3491.87,3494.07,264196.1
1719140400,3494.06,3499.23,3487.5,3499.0,236254.6
1719144000,3499.0,3504.3,3496.73,3500.87,120998.2
1719147600,3500.99,3504.99,3494.62,3499.11,266423.9
1719151200,3499.1,3500.04,3480.23,3485.5,556492.3
1719154800,3485.49,3490.95,3472.06,3475.64,702251.8
1719158400,3475.64,3483.56,3461.0,3464.0,597695.0
1719162000,3464.0,3480.8,3462.4,3473.76,251115.4
1719165600,3473.71,3479.0,3472.66,3478.45,86520.7
1719169200,3478.46,3482.0,3475.73,3480.47,113576.8
1719172800,3480.47,3480.93,3399.0,3435.7,1278568.3
1719176400,3435.71,3440.48,3405.0,3435.73,589554.3
1719180000,3435.73,3435.73,3413.0,3425.72,369764.0
1719183600,3425.72,3429.93,3417.44,3420.89,346559.6
1719187200,3420.89,3436.68,3409.07,3424.76,645515.7
1719190800,3424.77,3428.26,3407.01,3424.65,496824.4
1719194400,3424.64,3429.33,3386.64,3404.69,802454.4
1719198000,3404.8,3421.44,3403.0,3403.26,472120.8
1719201600,3403.27,3414.61,3383.0,3407.95,851545.8
1719205200,3407.95,3410.5,3353.32,3371.99,1806340.0
1719208800,3371.99,3385.31,3365.01,3374.81,673055.4
1719212400,3374.81,3384.99,3362.63,3369.32,607768.0
1719216000,3369.32,3394.7,3355.38,3384.6,1033512.3
1719219600,3384.6,3390.44,3210.04,3308.4,4875065.3
1719223200,3308.29,3325.0,3304.12,3317.94,964822.5
1719226800,3317.93,3332.8,3305.55,3320.74,838674.1
1719230400,3320.74,3336.7,3312.0,3319.38,704697.3
1719234000,3319.38,3329.99,3292.3,3324.93,1046161.0
1719237600,3324.94,3333.0,3293.5,3308.57,938462.9
1719241200,3308.58,3314.28,3261.88,3281.31,1488297.1
1719244800,3281.31,3293.23,3242.07,3260.38,1934075.7
1719248400,3260.39,3303.69,3245.74,3294.25,1661450.8
1719252000,3294.49,3312.5,3261.5,3303.73,1098333.0
1719255600,3303.73,3315.7,3278.6,3294.6,864284.7
1719259200,3294.29,3332.0,3252.58,3311.93,1776611.1
1719262800,3311.93,3354.2,3307.0,3351.41,869454.9
1719266400,3351.41,3352.59,3331.25,3332.0,343377.6
1719270000,3332.01,3362.94,3329.32,3352.0,662492.0
1719273600,3351.99,3360.17,3341.87,3346.52,350711.8
1719277200,3346.52,3349.94,3336.33,3348.86,337634.3
1719280800,3348.86,3354.0,3338.6,3344.93,401572.1
1719284400,3344.86,3386.38,3342.02,3371.22,1223173.1
1719288000,3371.22,3393.73,3371.21,3390.21,572716.0
1719291600,3390.21,3394.58,3368.1,3375.01,634482.4
1719295200,3375.01,3379.18,3367.0,3370.6,345755.8
1719298800,3370.51,3379.0,3357.02,3360.8,452002.4
1719302400,3360.82,3366.35,3345.77,3354.29,468395.3
1719306000,3354.4,3394.38,3353.55,3382.87,722557.0
1719309600,3382.87,3385.47,3364.53,3377.29,487817.7
1719313200,3377.28,3386.69,3370.78,3375.51,319556.9
1719316800,3375.5,3379.76,3363.12,3365.58,349457.1
1719320400,3365.58,3381.73,3356.74,3367.15,497604.2
1719324000,3367.16,3413.69,3362.57,3402.59,1422744.6
1719327600,3402.75,3425.27,3395.31,3418.88,1040166.5
1719331200,3418.89,3424.0,3381.28,3383.01,693955.6
1719334800,3383.0,3406.02,3381.3,3389.2,445633.7
1719338400,3389.2,3424.31,3384.61,3417.2,797240.3
1719342000,3417.21,3429.93,3406.69,3415.48,426144.8
1719345600,3415.48,3418.49,3409.61,3410.54,145660.2
1719349200,3410.53,3410.91,3399.12,3400.92,154509.0
1719352800,3400.92,3415.56,3398.72,3402.63,202509.6
1719356400,3402.63,3405.44,3388.24,3394.5,258777.1
1719360000,3394.51,3397.68,3384.28,3388.19,247001.1
1719363600,3388.2,3422.84,3386.0,3415.55,457248.5
1719367200,3415.55,3427.3,3402.0,3404.61,428217.2
1719370800,3404.6,3408.87,3388.0,3395.31,326188.7
1719374400,3395.31,3398.4,3386.0,3387.46,347766.4
1719378000,3387.45,3395.46,3376.0,3388.38,454451.4
1719381600,3388.38,3395.0,3386.18,3389.11,182887.1
1719385200,3389.12,3406.63,3383.92,3401.69,443919.7
1719388800,3401.69,3402.71,3380.07,3384.29,406124.5
1719392400,3384.29,3386.91,3371.1,3379.43,442530.7
1719396000,3379.43,3382.41,3366.03,3374.8,377598.9
1719399600,3374.81,3384.29,3374.57,3381.64,231212.1
1719403200,3381.64,3387.0,3370.04,3372.19,241491.0
1719406800,3372.07,3391.4,3367.05,3388.82,426873.5
1719410400,3388.91,3396.78,3371.0,3378.01,602763.6
1719414000,3378.01,3380.0,3346.56,3362.0,1019889.2
1719417600,3361.99,3365.87,3346.85,3352.92,410984.5
1719421200,3352.91,3372.9,3325.54,3372.0,1329793.5
1719424800,3372.0,3372.4,3354.39,3364.34,293069.3
1719428400,3364.34,3410.87,3356.96,3408.16,1153444.2
1719432000,3408.16,3418.0,3375.47,3391.79,761895.0
1719435600,3391.8,3394.56,3380.79,3389.85,165042.2
1719439200,3389.85,3393.47,3377.14,3380.4,267582.0
1719442800,3380.39,3381.69,3367.34,3371.76,234065.6
1719446400,3371.77,3375.6,3361.66,3372.72,215105.5
1719450000,3372.71,3382.5,3365.83,3380.14,209640.0
1719453600,3380.13,3388.2,3367.78,3387.2,343975.4
1719457200,3387.2,3392.93,3379.53,3383.68,251813.3
1719460800,3383.68,3389.51,3381.12,3385.8,182434.9
1719464400,3385.8,3388.25,3369.0,3369.22,279223.8
1719468000,3369.23,3377.58,3366.02,3373.75,286325.1
1719471600,3373.76,3380.7,3368.25,3375.18,324555.0
1719475200,3375.19,3379.47,3369.18,3377.45,183664.5
1719478800,3377.46,3404.93,3374.71,3398.99,597304.9
1719482400,3399.0,3413.72,3394.0,3394.02,662604.0
1719486000,3394.01,3409.34,3391.62,3403.03,253560.9
1719489600,3403.03,3445.65,3402.66,3435.6,1893543.2
1719493200,3435.6,3469.06,3432.51,3461.4,1862471.3
1719496800,3461.4,3477.93,3446.23,3448.53,984635.8
1719500400,3448.52,3455.99,3442.19,3452.38,534418.8
1719504000,3452.38,3456.78,3438.1,3451.24,401913.1
1719507600,3451.23,3463.89,3449.83,3461.42,280839.8
1719511200,3461.42,3467.81,3450.54,3454.9,238264.9
1719514800,3454.9,3457.49,3445.39,3449.7,211912.2
1719518400,3449.65,3453.32,3440.8,3443.8,225199.2
1719522000,3443.81,3450.24,3441.25,3448.96,112051.7
1719525600,3448.95,3455.8,3446.0,3451.73,120343.8
1719529200,3451.73,3453.51,3446.03,3450.76,88049.1
1719532800,3450.75,3454.85,3436.0,3439.84,281088.7
1719536400,3439.83,3489.27,3436.4,3483.95,1116769.4
1719540000,3483.95,3485.4,3444.47,3449.41,910346.8
1719543600,3449.42,3466.0,3445.96,3459.68,540194.5
1719547200,3459.68,3460.74,3444.5,3458.59,287913.9
1719550800,3458.58,3458.59,3446.0,3448.38,245151.4
1719554400,3448.38,3455.8,3446.0,3455.4,156212.6
1719558000,3455.39,3455.39,3427.02,3431.97,643438.2
1719561600,3431.96,3439.62,3420.01,3439.02,551813.7
1719565200,3439.01,3444.17,3432.76,3441.59,247592.2
1719568800,3441.58,3448.68,3438.43,3446.23,227964.4
1719572400,3446.22,3462.96,3442.35,3452.45,404623.4
1719576000,3452.46,3472.72,3438.12,3440.4,1119378.2
1719579600,3440.4,3476.2,3431.04,3446.02,1077085.5
1719583200,3446.03,3459.62,3403.66,3413.82,1783556.5
1719586800,3413.82,3420.44,3404.61,3413.61,592336.5
1719590400,3413.61,3417.36,3373.0,3397.89,1662286.4
1719594000,3397.9,3406.16,3380.0,3385.78,564410.8
1719597600,3385.78,3391.09,3379.0,3385.35,244606.3
1719601200,3385.39,3387.21,3366.6,3380.55,638554.3
1719604800,3380.54,3394.9,3378.45,3391.51,310188.7
1719608400,3391.51,3391.55,3373.12,3383.39,156015.7
1719612000,3383.4,3385.16,3368.55,3374.4,233182.7
1719615600,3374.41,3384.0,3371.41,3380.39,152099.0
1719619200,3380.39,3391.42,3380.19,3389.88,282219.8
1719622800,3389.88,3399.51,3387.3,3395.81,226203.9
1719626400,3395.8,3399.49,3383.66,3389.15,194585.9
1719630000,3389.15,3391.19,3383.58,3386.15,215480.2
1719633600,3386.15,3391.29,3383.6,3388.67,200411.9
1719637200,3388.68,3390.38,3381.21,3385.34,126301.6
1719640800,3385.34,3388.97,3383.3,3387.84,115677.9
1719644400,3387.84,3409.0,3387.84,3399.25,548096.6
1719648000,3399.25,3400.98,3387.44,3392.53,276379.2
1719651600,3392.56,3394.92,3387.31,3394.77,119327.9
1719655200,3394.77,3401.81,3393.67,3397.0,132446.9
1719658800,3397.0,3405.8,3393.71,3399.85,184079.1
1719662400,3399.85,3402.95,3389.31,3392.12,172292.7
1719666000,3392.12,3401.14,3390.25,3392.99,161313.5
1719669600,3393.0,3396.02,3382.74,3388.24,285412.6
1719673200,3388.23,3395.79,3383.33,3394.56,187424.3
1719676800,3394.55,3396.71,3381.99,3386.56,202507.8
1719680400,3386.57,3391.0,3381.2,3389.3,111765.5
1719684000,3389.3,3391.18,3383.54,3390.31,122451.5
1719687600,3390.3,3393.73,3376.2,3387.42,181592.3
1719691200,3387.42,3390.03,3380.01,3384.74,153220.0
1719694800,3384.73,3388.78,3378.19,3388.66,103755.0
1719698400,3388.65,3389.0,3371.31,3377.28,175764.8
1719702000,3377.27,3383.78,3376.0,3379.24,81116.8
1719705600,3379.24,3390.0,3376.19,3386.21,195251.9
1719709200,3386.16,3388.0,3373.44,3376.99,256530.5
1719712800,3377.0,3378.0,3353.01,3363.5,740164.0
1719716400,3363.5,3374.41,3360.02,3371.88,425596.0
1719720000,3371.88,3373.48,3362.79,3363.53,184272.1
1719723600,3363.53,3368.47,3358.67,3367.69,191090.1
1719727200,3367.72,3377.63,3362.52,3377.62,198480.6
1719730800,3377.62,3401.0,3376.52,3393.69,993014.8
1719734400,3393.7,3399.0,3389.33,3394.44,283070.0
1719738000,3394.43,3399.0,3388.3,3389.88,228914.7
1719741600,3389.88,3392.69,3385.47,3388.26,192215.4
1719745200,3388.26,3395.86,3387.4,3389.0,136367.3
1719748800,3389.0,3395.93,3378.27,3386.03,357919.5
1719752400,3386.03,3399.74,3386.03,3396.8,282741.9
1719756000,3396.8,3404.65,3391.3,3393.0,374994.6
1719759600,3393.0,3401.99,3392.89,3399.92,188239.8
1719763200,3399.92,3402.62,3390.85,3392.64,155267.9
1719766800,3392.65,3421.59,3392.65,3414.0,669507.8
1719770400,3414.0,3427.95,3408.16,3424.71,322316.0
1719774000,3424.7,3433.93,3418.0,3427.95,288248.0
1719777600,3427.86,3435.0,3419.88,3419.95,250058.2
1719781200,3419.95,3422.57,3408.65,3412.98,226107.7
1719784800,3412.99,3462.0,3412.99,3450.48,697448.1
1719788400,3450.48,3457.0,3437.06,3438.0,360085.9
1719792000,3438.0,3445.84,3432.08,3443.17,350551.7
1719795600,3443.17,3519.85,3440.68,3518.5,1938629.9
1719799200,3518.5,3524.12,3493.8,3502.38,962404.8
1719802800,3502.39,3508.0,3493.88,3498.09,536868.6
1719806400,3498.09,3499.4,3484.56,3486.24,414799.9
1719810000,3486.24,3494.2,3484.4,3490.58,377715.6
1719813600,3490.58,3493.75,3484.08,3488.32,244164.3
1719817200,3488.31,3494.21,3485.61,3490.37,212291.1
1719820800,3490.44,3495.0,3472.88,3483.69,702689.5
1719824400,3483.7,3488.85,3476.04,3482.22,320455.6
1719828000,3482.22,3484.1,3466.27,3469.54,398892.8
1719831600,3469.54,3471.11,3457.77,3460.0,477207.2
1719835200,3459.99,3477.89,3458.94,3472.92,498557.4
1719838800,3472.92,3481.81,3451.66,3460.6,864979.8
1719842400,3460.61,3472.0,3454.0,3468.8,660011.2
1719846000,3468.8,3478.42,3464.66,3474.33,422319.2
1719849600,3474.32,3476.44,3463.56,3467.76,347242.8
1719853200,3467.76,3494.23,3462.71,3491.75,463828.0
1719856800,3491.75,3499.76,3471.41,3482.0,678072.1
1719860400,3481.91,3486.23,3467.03,3470.99,297376.7
1719864000,3470.99,3476.0,3465.14,3466.38,133177.1
1719867600,3466.24,3468.41,3452.28,3459.31,204554.4
1719871200,3459.31,3461.76,3422.0,3443.21,962818.3
1719874800,3443.22,3447.26,3436.17,3442.52,330365.6
1719878400,3442.53,3446.8,3434.0,3444.11,296922.6
1719882000,3444.11,3450.59,3441.37,3448.62,212431.4
1719885600,3448.61,3456.92,3446.21,3450.93,198709.0
1719889200,3450.92,3465.15,3450.23,3457.33,362285.2
1719892800,3457.34,3464.49,3452.94,3454.01,251371.1
1719896400,3454.01,3461.19,3454.0,3459.44,126503.5
1719900000,3459.44,3459.7,3446.86,3448.94,438500.7
1719903600,3448.94,3448.94,3434.34,3439.0,660764.5
1719907200,3439.0,3447.6,3431.43,3442.0,568852.5
1719910800,3442.01,3452.73,3440.64,3446.83,262642.1
1719914400,3446.83,3454.3,3441.53,3451.99,181319.5
1719918000,3451.98,3455.65,3447.01,3453.44,172885.1
1719921600,3453.44,3459.5,3447.5,3451.35,237954.9
1719925200,3451.35,3463.31,3431.2,3437.76,697427.0
1719928800,3437.76,3442.83,3401.43,3410.66,1956295.4
1719932400,3410.66,3421.0,3407.6,3416.56,389412.5
1719936000,3416.55,3418.97,3409.44,3416.33,253110.4
1719939600,3416.33,3425.0,3414.06,3424.97,197441.5
1719943200,3424.97,3434.38,3424.84,3430.53,308773.8
1719946800,3430.53,3432.77,3411.52,3416.24,273774.7
1719950400,3416.28,3423.79,3414.18,3421.08,127429.5
1719954000,3421.08,3429.46,3418.0,3421.44,110291.0
1719957600,3421.45,3427.08,3419.1,3425.06,129421.1
1719961200,3425.06,3429.0,3421.24,3421.58,123674.2
1719964800,3421.63,3432.89,3420.73,3424.65,198605.8
1719968400,3424.64,3426.75,3381.01,3394.48,1185774.7
1719972000,3394.57,3395.5,3371.6,3382.65,889330.1
1719975600,3382.64,3383.68,3330.03,3360.94,1898825.0
1719979200,3360.93,3363.82,3353.0,3361.88,399421.8
1719982800,3361.88,3368.96,3359.14,3368.96,311296.0
1719986400,3368.96,3373.0,3366.2,3371.13,312939.8
1719990000,3371.13,3371.13,3352.5,3352.51,418618.0
1719993600,3352.5,3358.22,3333.33,3339.7,810612.6
1719997200,3339.7,3352.91,3335.89,3342.06,456131.9
1720000800,3342.05,3343.23,3280.07,3314.5,2361531.9
1720004400,3314.49,3315.0,3292.2,3308.01,737420.0
1720008000,3308.0,3308.74,3275.06,3290.4,1199383.7
1720011600,3290.4,3321.14,3281.66,3318.13,1094240.3
1720015200,3318.13,3326.18,3306.0,3306.83,865392.4
1720018800,3306.83,3318.39,3293.25,3304.54,676234.3
1720022400,3304.37,3322.5,3297.6,3315.72,477349.0
1720026000,3315.75,3317.62,3291.23,3303.39,411951.3
1720029600,3303.4,3310.0,3293.71,3308.13,307888.8
1720033200,3308.13,3310.95,3251.0,3267.22,1902632.0
1720036800,3267.02,3284.28,3250.33,3259.39,604266.3
1720040400,3259.39,3308.12,3252.37,3298.55,514832.4
1720044000,3298.55,3304.55,3293.49,3302.1,238487.8
1720047600,3302.11,3304.64,3294.78,3295.58,133348.2
1720051200,3295.59,3313.78,3295.59,3307.2,463312.5
1720054800,3307.2,3307.73,3202.0,3210.42,3065497.3
1720058400,3210.42,3233.37,3150.39,3228.13,2335715.4
1720062000,3228.13,3244.21,3223.0,3242.91,830666.4
1720065600,3242.92,3246.69,3226.5,3236.1,495159.2
1720069200,3236.1,3237.0,3223.22,3225.0,243448.6
1720072800,3225.0,3226.94,3192.0,3204.5,1145207.0
1720076400,3204.5,3208.79,3168.78,3182.32,1210112.6
1720080000,3182.33,3196.89,3138.69,3168.94,1896131.4
1720083600,3168.85,3173.76,3125.17,3163.11,1948714.7
1720087200,3163.01,3170.89,3132.16,3170.55,994542.1
1720090800,3170.56,3179.3,3154.0,3160.0,599961.6
1720094400,3159.99,3162.15,3125.81,3133.23,1512065.0
1720098000,3133.23,3148.57,3087.54,3126.93,3513416.7
1720101600,3126.93,3131.8,3091.88,3123.37,1545148.4
1720105200,3123.36,3149.43,3108.0,3138.47,1101027.7
1720108800,3138.47,3144.94,3113.16,3140.43,883915.8
1720112400,3140.43,3146.0,3134.16,3143.39,298822.7
1720116000,3143.4,3146.89,3125.49,3130.47,380310.5
1720119600,3130.48,3152.5,3128.06,3133.5,419778.8
1720123200,3133.51,3144.47,3128.0,3144.46,187869.1
1720126800,3144.46,3169.96,3139.46,3163.0,302053.6
1720130400,3162.99,3169.82,3126.14,3128.92,582798.5
1720134000,3128.93,3130.02,3050.13,3060.31,2143016.6
1720137600,3060.32,3109.95,3038.89,3105.14,2419481.1
1720141200,3105.14,3109.45,3061.76,3095.5,920118.0
1720144800,3095.5,3095.5,2877.61,2925.96,4077156.3
1720148400,2925.9,2955.17,2868.0,2921.03,4621368.6
1720152000,2920.92,2928.53,2803.48,2866.33,4267947.3
1720155600,2866.32,2905.0,2852.82,2901.2,1809681.1
1720159200,2901.2,2902.1,2843.03,2861.87,1855961.5
1720162800,2861.85,2883.99,2847.28,2881.68,1039946.7
1720166400,2881.68,2885.96,2848.87,2852.0,1027880.3
1720170000,2851.99,2888.8,2822.58,2883.76,1957437.6
1720173600,2883.75,2931.9,2873.15,2915.73,1974058.9
1720177200,2915.74,2957.1,2913.64,2947.49,1505175.8
1720180800,2947.5,2996.48,2921.11,2935.69,2850811.6
1720184400,2935.68,2979.49,2923.01,2971.28,1555146.5
1720188000,2971.28,2975.0,2936.0,2956.02,1038814.7
1720191600,2956.02,3006.3,2948.51,2991.79,1661832.7
1720195200,2991.8,3002.69,2960.93,2967.53,1061959.0
1720198800,2967.54,2997.65,2961.67,2990.98,703386.9
1720202400,2990.98,2996.55,2958.02,2993.36,802930.6
1720206000,2993.36,2997.04,2980.15,2988.58,411978.9
1720209600,2988.49,2989.07,2963.62,2974.53,317327.3
1720213200,2974.54,2988.88,2970.0,2978.04,175468.2
1720216800,2978.01,2989.39,2966.59,2977.81,216320.5
1720220400,2977.81,2993.62,2976.0,2981.37,276474.1
1720224000,2981.53,3027.76,2970.15,2987.46,1084780.9
1720227600,2987.45,2989.43,2961.0,2962.7,661924.7
1720231200,2962.7,2986.74,2954.22,2980.26,637360.7
1720234800,2980.25,2984.66,2970.54,2980.69,217909.2
1720238400,2980.69,2982.54,2962.01,2963.0,302114.1
1720242000,2963.01,2978.94,2962.27,2971.87,257746.9
1720245600,2971.88,2998.67,2970.21,2991.53,476480.9
1720249200,2991.52,3016.22,2989.14,3004.18,786293.8
1720252800,3004.19,3015.3,2997.55,3002.27,424384.2
1720256400,3002.27,3006.75,2985.4,3004.44,441141.3
1720260000,3004.48,3014.3,2998.4,3008.69,287401.4
1720263600,3008.69,3012.8,3003.34,3005.76,191727.7
1720267200,3005.77,3009.8,2988.67,3001.81,327610.5
1720270800,3002.03,3020.0,2995.08,3007.81,421431.0
1720274400,3007.81,3016.68,2995.7,3011.9,372749.4
1720278000,3011.82,3031.0,3007.34,3019.95,661410.8
1720281600,3019.94,3067.85,3015.16,3051.48,1372058.1
1720285200,3051.6,3056.49,3040.44,3050.79,365317.5
1720288800,3050.79,3059.68,3046.01,3054.87,205653.7
1720292400,3054.82,3064.95,3048.66,3058.3,215975.4
1720296000,3058.3,3077.0,3056.33,3063.2,387580.1
1720299600,3063.2,3082.74,3056.99,3057.0,323682.0
1720303200,3057.0,3067.21,3056.83,3064.45,132928.0
1720306800,3064.45,3079.59,3061.63,3067.05,321609.1
1720310400,3067.06,3069.23,3046.62,3048.27,306268.9
1720314000,3048.26,3059.8,3039.0,3053.23,443367.9
1720317600,3053.16,3073.51,3052.48,3067.53,352798.9
1720321200,3067.53,3067.89,3042.01,3051.38,497640.9
1720324800,3051.38,3051.38,3027.09,3030.4,532795.7
1720328400,3030.41,3037.2,3016.06,3030.93,440460.3
1720332000,3030.92,3039.87,3028.66,3029.0,262976.9
1720335600,3029.0,3032.66,2993.16,3004.39,845810.2
1720339200,3004.39,3014.65,3004.22,3012.82,316127.4
1720342800,3012.82,3019.72,3006.8,3014.73,258981.0
1720346400,3014.74,3032.57,3008.59,3014.99,462854.7
1720350000,3014.61,3020.33,3009.07,3015.25,176697.9
1720353600,3015.25,3024.9,2996.55,3010.0,412492.0
1720357200,3010.0,3010.29,2967.02,2973.44,1333581.6
1720360800,2973.42,2974.6,2955.07,2962.52,805207.1
1720364400,2962.52,2978.97,2960.06,2971.25,571999.2
1720368000,2971.25,2993.0,2964.0,2991.44,466868.0
1720371600,2991.42,3000.3,2976.53,2995.36,498075.0
1720375200,2995.36,3010.31,2986.03,2988.88,620560.1
1720378800,2988.88,2990.63,2982.0,2985.56,113986.7
1720382400,2985.56,3000.98,2979.22,2998.82,195909.8
1720386000,2998.81,2999.79,2926.7,2959.79,1033016.1
1720389600,2959.41,2969.7,2937.59,2938.01,473545.6
1720393200,2938.01,2949.44,2922.0,2931.69,794778.5
1720396800,2931.68,2952.65,2883.88,2887.24,1858052.3
1720400400,2887.22,2889.66,2822.06,2857.2,2888077.5
1720404000,2857.21,2896.24,2840.11,2890.1,1412232.4
1720407600,2890.09,2897.36,2866.13,2879.42,693132.9
1720411200,2879.43,2918.0,2875.04,2914.46,719991.2
1720414800,2914.45,2921.83,2902.25,2916.74,583754.5
1720418400,2916.74,2933.33,2902.55,2912.85,757880.6
1720422000,2912.86,2928.47,2901.97,2927.16,590549.2
1720425600,2927.16,3067.84,2922.16,3058.0,3938265.0
1720429200,3057.99,3098.73,3043.31,3051.68,1789386.5
1720432800,3051.67,3071.07,3005.88,3014.09,1120802.8
1720436400,3014.09,3065.49,3009.5,3053.99,1129831.5
1720440000,3054.11,3063.95,3038.24,3049.49,682484.9
1720443600,3049.34,3061.54,3019.11,3038.55,1188152.4
1720447200,3038.54,3047.94,2890.01,2982.23,5035775.5
1720450800,2982.01,3036.72,2966.0,2969.29,2138908.0
1720454400,2969.11,2993.35,2944.08,2972.17,1089925.4
1720458000,2972.17,2989.58,2952.7,2984.33,649317.1
1720461600,2984.34,3001.97,2973.98,2991.73,468556.5
1720465200,2991.74,3009.7,2982.7,3004.35,347887.9
1720468800,3004.53,3016.42,2992.19,2997.54,389746.3
1720472400,2997.74,3029.91,2983.74,3025.62,464057.5
1720476000,3025.61,3047.78,3020.26,3024.39,404378.0
1720479600,3024.38,3033.92,3015.05,3018.7,246439.5
1720483200,3018.69,3036.27,3003.71,3024.35,517955.5
1720486800,3024.2,3077.0,3016.68,3029.35,1453557.5
1720490400,3029.35,3074.99,3013.39,3074.44,857900.8
1720494000,3074.4,3074.68,3043.58,3064.01,952431.2
1720497600,3064.02,3086.2,3057.6,3070.5,627434.9
1720501200,3070.43,3074.41,3053.3,3067.43,495503.9
1720504800,3067.4,3090.8,3061.33,3074.53,745893.7
1720508400,3074.53,3080.01,3057.99,3061.81,746095.1
1720512000,3061.8,3116.14,3054.19,3083.99,1425435.6
1720515600,3083.99,3100.64,3080.31,3087.6,500578.2
1720519200,3087.6,3098.97,3073.12,3081.6,457379.2
1720522800,3081.6,3092.87,3063.33,3083.04,487577.9
1720526400,3083.05,3087.66,3068.18,3071.15,390927.2
1720530000,3071.24,3079.55,3047.78,3069.37,915765.6
1720533600,3069.36,3109.75,3040.07,3045.68,2361953.2
1720537200,3045.68,3069.5,3036.06,3067.66,929857.7
1720540800,3067.66,3089.8,3061.0,3076.15,686016.4
1720544400,3076.1,3079.8,3046.02,3052.19,484650.8
1720548000,3052.18,3082.18,3046.56,3060.21,701592.2
1720551600,3060.14,3070.6,3054.33,3069.04,232996.5
1720555200,3069.04,3079.0,3064.0,3072.21,319389.8
1720558800,3072.26,3073.33,3057.1,3061.01,118180.8
1720562400,3061.01,3077.44,3047.0,3060.0,511190.0
1720566000,3060.0,3070.89,3056.5,3066.61,163530.9
1720569600,3066.67,3067.47,3026.79,3033.51,670095.8
1720573200,3033.5,3070.07,3023.92,3059.64,676504.8
1720576800,3059.64,3073.8,3050.1,3071.54,541189.5
1720580400,3071.55,3083.33,3068.47,3080.16,337731.1
1720584000,3080.04,3131.5,3080.04,3119.06,1756171.6
1720587600,3119.06,3123.61,3097.04,3102.84,733104.2
1720591200,3102.83,3114.18,3094.33,3110.55,329902.6
1720594800,3110.54,3112.56,3088.0,3097.39,427209.4
1720598400,3097.38,3100.8,3078.64,3088.0,535133.8
1720602000,3088.01,3091.41,3078.3,3088.45,358396.3
1720605600,3088.58,3110.0,3081.9,3102.8,632334.3
1720609200,3102.67,3106.5,3088.45,3102.45,389578.6
1720612800,3102.46,3114.32,3077.13,3110.65,1013135.0
1720616400,3110.65,3122.21,3091.3,3106.75,1155733.2
1720620000,3106.8,3121.0,3092.95,3101.17,927514.5
1720623600,3101.16,3130.0,3089.54,3122.8,959711.9
1720627200,3122.8,3152.59,3114.27,3120.23,1519148.2
1720630800,3120.23,3123.49,3096.67,3103.4,618524.2
1720634400,3103.4,3110.85,3093.6,3101.9,256440.7
1720638000,3101.8,3110.55,3090.0,3107.35,236108.4
1720641600,3107.46,3114.76,3091.06,3096.0,412724.1
1720645200,3096.0,3103.91,3080.07,3095.76,290001.7
1720648800,3095.76,3108.4,3095.07,3100.87,206288.6
1720652400,3100.86,3107.94,3096.86,3101.06,140240.2
1720656000,3101.05,3103.98,3085.5,3101.54,272266.3
1720659600,3101.54,3131.57,3089.1,3121.99,609548.5
1720663200,3121.99,3125.22,3096.06,3104.56,477778.7
1720666800,3104.56,3107.81,3053.61,3077.05,1273204.7
1720670400,3077.0,3088.51,3074.0,3084.22,260939.6
1720674000,3084.22,3101.41,3082.0,3098.23,374036.0
1720677600,3098.23,3111.17,3093.64,3105.89,512253.0
1720681200,3105.89,3124.0,3103.18,3118.0,567003.3
1720684800,3118.29,3130.85,3114.37,3122.79,534558.5
1720688400,3122.8,3146.85,3119.66,3143.13,956945.5
1720692000,3143.14,3157.3,3136.08,3145.0,693968.2
1720695600,3144.99,3156.6,3132.2,3146.87,524268.2
1720699200,3146.86,3216.66,3121.2,3192.09,3383102.8
1720702800,3192.09,3192.6,3156.96,3180.78,1160895.9
1720706400,3180.78,3185.0,3128.0,3149.18,1411346.6
1720710000,3149.19,3157.7,3103.64,3118.61,1010592.4
1720713600,3118.61,3137.99,3097.44,3125.49,800451.4
1720717200,3125.49,3140.93,3119.71,3130.72,342910.9
1720720800,3130.71,3148.99,3129.1,3138.07,413992.8
1720724400,3138.0,3139.4,3106.11,3107.4,412614.3
1720728000,3107.25,3117.37,3090.04,3116.52,579723.1
1720731600,3116.53,3122.82,3101.41,3110.19,223038.6
1720735200,3110.3,3111.39,3094.25,3103.32,284194.0
1720738800,3103.32,3105.7,3086.0,3099.8,328177.9
1720742400,3099.92,3118.28,3090.41,3093.95,412057.4
1720746000,3093.95,3106.69,3055.14,3089.01,1120254.3
1720749600,3089.0,3110.4,3085.49,3107.36,494069.1
1720753200,3107.35,3108.73,3081.67,3086.1,375304.7
1720756800,3086.1,3090.82,3065.0,3084.0,544047.6
1720760400,3084.01,3088.43,3075.49,3082.53,208940.8
1720764000,3082.53,3099.04,3081.26,3092.06,356685.1
1720767600,3092.06,3098.62,3057.0,3071.72,835770.6
1720771200,3071.73,3085.5,3067.24,3081.29,625361.1
1720774800,3081.29,3081.99,3048.06,3059.26,700205.9
1720778400,3059.25,3072.67,3046.02,3070.99,663946.6
1720782000,3071.0,3074.76,3064.05,3070.18,285962.3
1720785600,3070.25,3081.96,3057.16,3075.61,692315.7
1720789200,3075.6,3125.98,3073.86,3119.08,1437017.8
1720792800,3119.08,3128.85,3110.24,3118.77,899724.1
1720796400,3118.77,3142.0,3115.62,3131.11,903449.5
1720800000,3131.11,3147.91,3115.96,3139.2,777624.6
1720803600,3139.21,3158.0,3132.31,3143.55,633101.4
1720807200,3143.8,3154.3,3132.29,3142.06,355269.4
1720810800,3142.01,3144.26,3113.5,3116.47,495674.3
1720814400,3116.48,3120.72,3090.0,3109.38,677030.3
1720818000,3109.39,3124.99,3108.06,3119.27,268024.1
1720821600,3119.15,3132.73,3116.62,3127.6,185572.0
1720825200,3127.61,3136.0,3124.93,3134.3,131025.1
1720828800,3134.31,3139.49,3126.27,3132.82,221232.4
1720832400,3132.83,3140.87,3129.14,3129.99,168713.6
1720836000,3130.0,3130.0,3122.3,3128.09,188137.2
1720839600,3128.1,3131.06,3120.0,3120.59,147776.3
1720843200,3120.59,3120.69,3113.2,3115.71,248909.8
1720846800,3115.72,3138.81,3113.2,3133.51,535510.3
1720850400,3133.51,3142.98,3130.0,3135.0,279984.2
1720854000,3135.0,3141.81,3134.28,3139.99,163258.8
1720857600,3139.99,3140.66,3128.54,3129.18,220587.5
1720861200,3129.19,3172.92,3128.64,3165.98,1259935.6
1720864800,3165.99,3170.0,3148.58,3158.2,534640.1
1720868400,3158.2,3160.97,3151.56,3157.29,165463.7
1720872000,3157.29,3165.36,3152.4,3157.72,222778.0
1720875600,3157.71,3159.22,3146.05,3154.45,242382.7
1720879200,3154.3,3154.85,3138.24,3154.2,414759.3
1720882800,3154.2,3160.73,3149.73,3155.01,178270.3
1720886400,3155.0,3162.82,3149.25,3152.01,222295.5
1720890000,3152.01,3156.5,3146.39,3156.5,83197.8
1720893600,3156.49,3160.92,3147.67,3152.87,133189.2
1720897200,3152.74,3165.92,3152.21,3163.49,107827.4
1720900800,3163.49,3168.99,3158.74,3162.0,120769.6
1720904400,3162.01,3164.96,3159.87,3164.95,60478.6
1720908000,3164.94,3198.0,3143.0,3191.79,975056.4
1720911600,3191.9,3202.63,3171.12,3175.96,680448.2
1720915200,3175.96,3193.71,3172.5,3186.95,328140.5
1720918800,3186.96,3188.01,3173.0,3186.6,276503.8
1720922400,3186.59,3188.39,3163.09,3172.66,302045.6
1720926000,3172.66,3180.34,3169.14,3172.38,162137.3
1720929600,3172.38,3201.0,3171.36,3192.88,534204.3
1720933200,3192.89,3206.66,3184.56,3201.53,634614.3
1720936800,3201.53,3204.91,3186.69,3191.0,273887.5
1720940400,3190.99,3203.0,3186.92,3195.88,306835.7
1720944000,3195.89,3221.0,3195.89,3210.5,702575.9
1720947600,3210.3,3227.77,3206.0,3213.1,578284.6
1720951200,3213.11,3218.08,3197.62,3198.59,414793.9
1720954800,3198.6,3207.14,3197.7,3203.06,205914.8
1720958400,3203.06,3204.51,3188.25,3190.18,358529.9
1720962000,3190.18,3195.7,3183.29,3184.6,269879.8
1720965600,3184.51,3204.94,3173.05,3192.03,653202.7
1720969200,3192.1,3197.16,3181.59,3190.7,293212.9
1720972800,3190.7,3198.0,3186.11,3196.31,248603.8
1720976400,3196.4,3197.13,3183.35,3190.6,193247.8
1720980000,3190.6,3192.48,3183.52,3186.91,82890.0
1720983600,3186.9,3191.8,3186.11,3190.8,60654.9
1720987200,3190.79,3207.88,3189.98,3199.83,265872.4
1720990800,3199.83,3259.0,3195.24,3255.51,914300.2
1720994400,3255.51,3266.67,3240.43,3245.71,608213.6
1720998000,3245.67,3269.0,3238.37,3245.15,570771.2
1721001600,3245.15,3289.35,3233.0,3278.6,1096258.1
1721005200,3278.6,3302.0,3268.5,3273.3,1085589.2
1721008800,3273.3,3339.99,3267.87,3331.7,1752444.9
1721012400,3331.69,3343.0,3317.0,3328.98,723176.0
1721016000,3328.97,3338.64,3320.64,3336.55,478545.6
1721019600,3336.56,3347.64,3328.83,3335.4,537080.7
1721023200,3335.39,3364.73,3331.48,3349.28,868530.0
1721026800,3349.28,3369.93,3342.67,3356.38,699475.0
1721030400,3356.29,3373.46,3345.01,3353.37,651955.8
1721034000,3353.37,3364.13,3340.26,3348.26,612898.5
1721037600,3348.26,3351.59,3331.31,3335.99,432223.5
1721041200,3336.0,3345.93,3327.46,3340.27,523464.0
1721044800,3340.26,3354.06,3333.4,3344.37,452226.7
1721048400,3344.37,3362.29,3337.1,3357.28,555659.0
1721052000,3357.28,3376.4,3344.51,3372.19,757989.8
1721055600,3372.01,3395.77,3361.66,3368.01,996965.8
1721059200,3368.01,3405.96,3358.02,3389.89,970499.3
1721062800,3389.88,3402.72,3375.16,3383.13,738422.1
1721066400,3383.14,3413.83,3376.0,3397.03,610316.1
1721070000,3397.03,3433.9,3379.6,3406.64,1525717.7
1721073600,3406.86,3447.26,3404.31,3432.96,897827.9
1721077200,3432.95,3437.99,3417.62,3421.05,326297.0
1721080800,3421.04,3497.29,3421.0,3474.04,1436237.2
1721084400,3474.03,3493.58,3465.15,3483.72,645493.6
1721088000,3483.72,3500.0,3462.57,3470.62,852668.4
1721091600,3470.62,3486.5,3462.05,3479.23,448254.4
1721095200,3479.23,3481.26,3453.71,3465.74,593966.8
1721098800,3465.71,3474.64,3458.5,3470.2,288342.5
1721102400,3470.2,3479.6,3454.65,3460.32,406905.7
1721106000,3460.32,3466.54,3402.58,3415.77,1679772.0
1721109600,3415.77,3434.78,3383.66,3399.42,1309836.0
1721113200,3399.42,3415.0,3370.27,3377.33,1371619.6
1721116800,3377.16,3391.4,3345.76,3375.0,1241873.0
1721120400,3375.0,3400.49,3366.49,3394.64,847057.8
1721124000,3394.63,3426.0,3388.35,3409.45,797352.3
1721127600,3409.45,3424.8,3396.78,3419.57,613516.9
1721131200,3419.56,3434.0,3396.24,3403.49,876595.8
1721134800,3403.49,3423.0,3392.42,3396.18,644974.8
1721138400,3396.13,3417.0,3375.09,3413.99,1117082.1
1721142000,3413.98,3486.25,3413.2,3477.29,1865958.0
1721145600,3477.3,3496.56,3441.78,3466.63,1728652.9
1721149200,3466.62,3471.5,3449.02,3459.96,479120.2
1721152800,3459.95,3470.91,3449.44,3463.48,451585.2
1721156400,3463.49,3486.04,3454.12,3475.13,605747.1
1721160000,3475.12,3475.92,3435.01,3438.35,365158.9
1721163600,3438.36,3445.96,3425.26,3436.2,325508.5
1721167200,3436.22,3440.0,3413.77,3428.76,501042.1
1721170800,3428.76,3460.0,3427.12,3444.24,551736.0
1721174400,3444.23,3471.24,3442.0,3465.53,387825.1
1721178000,3465.53,3518.43,3465.25,3482.57,1252584.4
1721181600,3482.57,3494.0,3472.63,3478.72,502111.5
1721185200,3478.71,3489.25,3464.34,3480.66,494581.3
1721188800,3480.66,3496.78,3472.14,3496.78,309721.6
1721192400,3496.78,3515.0,3490.21,3498.44,896566.9
1721196000,3498.44,3508.46,3482.4,3491.55,749560.8
1721199600,3491.55,3496.43,3480.02,3487.07,565161.0
1721203200,3487.07,3501.78,3462.9,3481.24,915527.8
1721206800,3481.25,3499.86,3479.6,3492.6,451629.3
1721210400,3492.6,3492.89,3480.0,3481.01,247293.7
1721214000,3481.01,3482.47,3443.43,3450.45,1153012.3
1721217600,3450.45,3464.62,3445.33,3455.72,468080.9
1721221200,3455.72,3476.53,3438.33,3468.15,919361.1
1721224800,3468.14,3473.86,3446.5,3457.32,671258.6
1721228400,3457.32,3468.0,3432.14,3437.53,622094.4
1721232000,3437.53,3439.75,3376.0,3402.15,2189039.0
1721235600,3402.15,3419.34,3388.22,3408.72,676303.2
1721239200,3408.72,3421.95,3406.04,3418.2,277917.4
1721242800,3418.21,3428.7,3413.12,3417.4,250806.6
1721246400,3417.39,3428.63,3412.63,3416.47,267812.3
1721250000,3416.47,3419.5,3387.62,3412.65,516274.6
1721253600,3412.66,3416.05,3390.0,3395.89,336922.7
1721257200,3395.89,3407.05,3385.38,3387.8,299305.5
1721260800,3387.8,3417.78,3383.61,3411.23,555052.1
1721264400,3411.23,3427.26,3408.82,3422.89,373992.7
1721268000,3422.89,3441.99,3394.02,3424.81,913893.3
1721271600,3424.81,3433.97,3419.2,3431.87,474082.8
1721275200,3431.88,3433.25,3415.33,3418.33,318641.3
1721278800,3418.33,3433.95,3409.13,3423.54,471585.6
1721282400,3423.54,3454.94,3420.2,3448.01,604691.1
1721286000,3448.01,3450.41,3432.44,3433.32,428702.5
1721289600,3433.32,3460.0,3431.39,3459.18,489311.9
1721293200,3459.18,3460.92,3447.38,3451.53,425333.2
1721296800,3451.54,3451.54,3434.26,3444.22,346291.5
1721300400,3444.22,3460.12,3437.26,3458.95,288344.2
1721304000,3458.96,3475.8,3453.54,3472.06,754406.8
1721307600,3472.06,3489.68,3458.62,3467.59,951625.2
1721311200,3467.59,3477.81,3421.0,3432.21,1233276.0
1721314800,3432.2,3432.22,3384.27,3389.68,1655169.0
1721318400,3389.52,3421.94,3366.97,3420.99,1197043.7
1721322000,3421.0,3424.62,3398.62,3399.95,479831.5
1721325600,3399.95,3409.53,3388.34,3406.21,407401.5
1721329200,3405.99,3413.43,3385.69,3406.08,301389.6
1721332800,3406.18,3416.4,3397.2,3415.08,206349.4
1721336400,3415.03,3423.21,3412.61,3422.09,143648.9
1721340000,3422.09,3437.0,3420.47,3433.6,356122.3
1721343600,3433.59,3437.44,3425.14,3426.74,185939.8
1721347200,3426.75,3429.05,3402.11,3404.56,434925.3
1721350800,3404.57,3416.6,3383.14,3415.14,704705.0
1721354400,3415.14,3419.69,3401.02,3407.04,386065.0
1721358000,3407.04,3433.18,3404.57,3429.99,689079.5
1721361600,3429.99,3435.36,3421.21,3421.37,345399.0
1721365200,3421.38,3429.03,3416.67,3424.28,214833.4
1721368800,3424.24,3451.4,3423.11,3439.99,571396.6
1721372400,3440.0,3441.22,3386.67,3392.33,1421426.3
1721376000,3392.33,3402.17,3376.68,3395.69,1015745.0
1721379600,3395.68,3411.62,3384.0,3388.04,493164.5
1721383200,3388.0,3411.2,3381.63,3400.87,497384.7
1721386800,3400.87,3407.15,3394.03,3404.39,249557.4
1721390400,3404.39,3418.9,3398.2,3414.57,327832.2
1721394000,3414.51,3446.44,3396.58,3437.28,1386602.8
1721397600,3437.29,3473.87,3430.87,3467.76,1631479.3
1721401200,3467.76,3475.17,3439.33,3465.15,963144.8
1721404800,3465.14,3502.24,3464.59,3491.2,1560567.8
1721408400,3491.2,3515.44,3484.45,3500.54,922133.1
1721412000,3500.55,3510.9,3491.79,3503.0,281738.9
1721415600,3503.01,3542.25,3503.01,3522.96,1314554.2
1721419200,3523.23,3524.37,3492.0,3504.27,756216.7
1721422800,3504.27,3526.91,3503.77,3512.19,234497.9
1721426400,3512.19,3519.99,3504.09,3508.99,199100.1
1721430000,3508.99,3516.44,3499.75,3504.38,174422.0
1721433600,3504.39,3509.59,3481.08,3485.65,399343.0
1721437200,3485.66,3497.83,3479.57,3484.9,193371.8
1721440800,3484.9,3496.84,3481.0,3493.84,191981.0
1721444400,3493.85,3503.24,3493.48,3495.3,174291.6
1721448000,3495.29,3509.19,3492.32,3508.4,273385.4
1721451600,3508.39,3508.4,3496.16,3501.77,139165.0
1721455200,3501.77,3505.56,3500.64,3501.27,95685.5
1721458800,3501.27,3503.99,3486.97,3487.9,293596.3
1721462400,3487.9,3494.39,3480.0,3486.31,369081.5
1721466000,3486.3,3495.88,3482.11,3484.31,232675.8
1721469600,3484.31,3491.96,3480.6,3488.85,212962.9
1721473200,3488.86,3492.57,3481.0,3485.8,218861.2
1721476800,3485.81,3497.23,3484.72,3491.99,195561.0
1721480400,3491.98,3499.0,3481.3,3490.44,366609.9
1721484000,3490.43,3508.31,3488.73,3497.28,308684.9
1721487600,3497.28,3507.68,3494.24,3503.46,245099.3
1721491200,3503.46,3513.83,3490.3,3498.22,342372.2
1721494800,3498.21,3540.89,3492.1,3527.65,1243992.1
1721498400,3527.66,3538.52,3516.74,3531.01,391058.3
1721502000,3531.01,3537.0,3508.5,3514.99,332647.8
1721505600,3514.99,3526.94,3514.98,3522.57,105275.2
1721509200,3522.57,3523.43,3500.59,3515.31,241200.4
1721512800,3515.31,3523.22,3508.0,3514.42,161025.9
1721516400,3514.43,3522.08,3513.28,3517.6,104941.6
1721520000,3517.6,3529.51,3504.1,3508.36,245113.0
1721523600,3508.36,3523.42,3507.16,3515.98,183641.9
1721527200,3515.99,3523.26,3514.01,3514.1,110084.3
1721530800,3514.11,3521.37,3510.52,3510.7,119454.6
1721534400,3510.7,3513.98,3504.0,3505.41,158615.3
1721538000,3505.41,3506.96,3493.57,3501.71,235834.0
1721541600,3501.71,3504.64,3483.33,3487.7,392660.9
1721545200,3487.7,3490.69,3477.2,3485.72,384861.0
1721548800,3485.71,3493.4,3484.25,3488.68,155880.6
1721552400,3488.68,3504.29,3487.2,3500.94,281128.6
1721556000,3500.94,3507.71,3494.11,3494.24,153644.0
1721559600,3494.24,3499.0,3490.19,3499.0,106764.5
1721563200,3498.99,3504.35,3495.22,3500.43,125394.8
1721566800,3500.43,3502.87,3481.2,3490.78,377237.2
1721570400,3490.78,3518.0,3483.02,3511.3,585498.6
1721574000,3511.3,3517.44,3495.02,3499.8,341918.7
1721577600,3499.81,3521.85,3487.2,3518.47,581868.2
1721581200,3518.46,3526.99,3450.0,3468.47,1413905.7
1721584800,3468.67,3486.19,3410.23,3463.8,2222122.9
1721588400,3463.88,3500.7,3458.38,3491.35,695594.6
1721592000,3491.36,3525.41,3483.16,3498.7,814768.0
1721595600,3498.69,3520.52,3490.12,3520.1,513640.3
1721599200,3520.5,3549.41,3518.56,3533.7,639451.5
1721602800,3533.71,3546.82,3521.61,3536.22,430282.9
1721606400,3536.39,3564.0,3529.04,3543.99,858854.1
1721610000,3544.0,3546.17,3523.33,3528.4,642776.1
1721613600,3528.4,3541.0,3520.61,3535.28,345255.5
1721617200,3535.28,3537.21,3516.2,3517.97,337527.4
1721620800,3517.96,3525.57,3512.3,3517.03,411346.7
1721624400,3517.02,3518.02,3485.0,3496.29,628046.6
1721628000,3496.29,3502.0,3458.67,3476.68,927279.1
1721631600,3476.68,3484.37,3463.95,3478.46,430150.4
1721635200,3478.46,3488.0,3470.11,3475.53,330115.5
1721638800,3475.54,3493.33,3468.74,3493.33,378436.4
1721642400,3493.32,3499.72,3488.3,3492.91,246715.8
1721646000,3492.91,3504.0,3486.29,3500.56,186781.4
1721649600,3500.56,3507.89,3492.2,3499.39,276327.4
1721653200,3499.39,3506.31,3463.2,3467.76,1021331.2
1721656800,3467.5,3478.35,3443.42,3449.59,1029203.4
1721660400,3449.58,3466.29,3435.52,3456.92,571079.0
1721664000,3456.92,3472.69,3445.05,3453.8,436898.6
1721667600,3453.8,3472.3,3450.12,3471.04,227797.3
1721671200,3471.04,3480.69,3464.35,3473.99,301395.5
1721674800,3473.99,3499.39,3469.17,3498.87,323918.3
1721678400,3498.99,3500.76,3478.51,3490.58,401205.3
1721682000,3490.59,3491.22,3446.67,3462.3,433478.1
1721685600,3462.31,3463.05,3435.26,3448.69,532494.3
1721689200,3448.69,3450.86,3422.02,3439.77,611552.2
1721692800,3439.77,3481.26,3435.64,3469.2,580473.6
1721696400,3469.2,3491.74,3460.1,3480.92,707450.5
1721700000,3481.17,3491.01,3468.99,3487.31,553066.3
1721703600,3487.32,3489.45,3472.24,3475.66,181286.4
1721707200,3475.66,3484.49,3446.8,3455.34,623347.9
1721710800,3455.34,3459.5,3425.0,3442.37,957187.3
1721714400,3442.37,3462.0,3432.62,3445.71,647608.0
1721718000,3445.7,3457.63,3440.05,3454.99,403184.5
1721721600,3455.0,3533.69,3452.18,3521.9,2061930.8
1721725200,3521.91,3542.0,3510.49,3522.37,1207780.5
1721728800,3522.36,3530.0,3505.51,3506.23,842872.2
1721732400,3506.23,3522.0,3480.15,3515.68,1341952.6
1721736000,3515.67,3518.48,3486.01,3506.11,831361.2
1721739600,3506.12,3514.36,3429.43,3439.95,3242259.1
1721743200,3440.18,3497.4,3437.64,3488.78,2108740.0
1721746800,3488.78,3488.78,3436.3,3454.46,1653171.5
1721750400,3454.22,3469.76,3402.87,3403.62,1782506.2
1721754000,3403.63,3430.92,3389.47,3428.72,1488330.9
1721757600,3428.65,3453.78,3419.0,3446.9,739851.7
1721761200,3446.9,3497.02,3445.42,3457.39,1537636.3
1721764800,3457.4,3491.12,3455.28,3482.19,650927.3
1721768400,3482.19,3491.15,3467.09,3467.09,229235.0
1721772000,3467.09,3498.61,3457.19,3483.23,598156.2
1721775600,3483.38,3503.29,3464.9,3482.61,995927.2
1721779200,3482.61,3489.02,3465.11,3465.15,360799.3
1721782800,3465.15,3479.44,3437.0,3444.76,685230.2
1721786400,3444.77,3452.0,3427.09,3450.01,567138.0
1721790000,3450.0,3459.72,3440.42,3448.24,315179.5
1721793600,3448.24,3449.54,3433.0,3440.7,432599.2
1721797200,3440.7,3445.68,3430.0,3442.01,264041.7
1721800800,3442.02,3451.39,3437.32,3440.69,248117.8
1721804400,3440.76,3452.76,3437.59,3447.15,220672.6
1721808000,3447.19,3462.6,3442.57,3460.59,562164.6
1721811600,3460.6,3462.39,3453.01,3459.92,201346.9
1721815200,3459.92,3472.91,3457.69,3470.29,408417.9
1721818800,3470.29,3472.9,3458.69,3460.0,263066.8
1721822400,3460.01,3466.76,3444.02,3448.52,456675.3
1721826000,3448.53,3472.77,3438.47,3441.4,821702.6
1721829600,3441.39,3459.75,3430.42,3436.28,949123.4
1721833200,3436.27,3437.82,3408.44,3415.87,1000428.9
1721836800,3415.87,3427.0,3403.33,3421.52,650531.3
1721840400,3421.42,3433.49,3418.0,3418.0,324570.1
1721844000,3418.0,3425.06,3371.22,3384.26,1310198.5
1721847600,3384.26,3402.74,3355.23,3363.21,866054.6
1721851200,3363.21,3377.07,3361.2,3376.73,345101.8
1721854800,3376.73,3376.9,3288.0,3336.53,1855754.0
1721858400,3336.53,3339.12,3313.6,3329.61,565299.2
1721862000,3329.61,3339.2,3311.99,3336.01,492018.7
1721865600,3336.0,3342.85,3321.1,3325.4,357755.1
1721869200,3325.39,3325.39,3180.64,3215.34,5084537.7
1721872800,3215.07,3215.07,3152.43,3183.91,2029823.9
1721876400,3183.91,3185.0,3155.1,3168.1,909763.3
1721880000,3168.1,3190.0,3127.79,3183.3,1342654.8
1721883600,3183.3,3194.52,3175.0,3183.01,598370.9
1721887200,3183.01,3185.61,3162.52,3170.8,593796.3
1721890800,3170.8,3183.74,3160.0,3172.17,594843.1
1721894400,3172.17,3180.0,3152.55,3176.94,809349.5
1721898000,3176.94,3187.99,3170.37,3176.14,411223.2
1721901600,3176.17,3176.79,3155.58,3169.81,556951.2
1721905200,3169.82,3180.0,3169.2,3172.28,415231.3
1721908800,3172.27,3184.24,3140.58,3152.13,1321405.2
1721912400,3152.13,3168.66,3130.6,3155.22,1383315.7
1721916000,3155.22,3177.95,3102.72,3171.49,2473599.7
1721919600,3171.49,3174.76,3131.75,3141.93,1268553.2
1721923200,3141.93,3172.4,3133.0,3154.66,981933.0
1721926800,3154.66,3170.88,3151.58,3165.66,432399.4
1721930400,3165.67,3170.95,3100.01,3115.16,1207961.5
1721934000,3115.15,3140.0,3100.91,3123.4,1005110.4
1721937600,3123.21,3157.0,3087.0,3154.56,1283413.1
1721941200,3154.71,3200.79,3149.66,3177.34,1294377.6
1721944800,3177.35,3187.13,3162.21,3165.3,682912.2
1721948400,3165.31,3180.13,3163.27,3175.0,312012.9
1721952000,3175.0,3197.98,3170.42,3192.74,761673.7
1721955600,3192.69,3208.8,3175.25,3185.3,826274.5
1721959200,3185.31,3254.0,3185.31,3245.01,1757031.6
1721962800,3245.01,3260.81,3233.57,3237.14,1147094.5
1721966400,3237.23,3255.5,3233.6,3254.8,707503.4
1721970000,3254.79,3271.63,3244.52,3269.74,708586.8
1721973600,3269.75,3275.6,3261.0,3266.66,761580.0
1721977200,3266.67,3276.67,3247.03,3251.08,788305.3
1721980800,3251.07,3259.8,3249.69,3253.85,427490.1
1721984400,3253.86,3264.22,3250.73,3251.1,417913.3
1721988000,3251.1,3254.61,3238.0,3246.27,645979.9
1721991600,3246.28,3248.85,3235.0,3247.09,440105.0
1721995200,3247.09,3256.5,3230.65,3242.24,558400.2
1721998800,3242.31,3255.34,3231.0,3250.32,1009442.8
1722002400,3250.35,3271.84,3220.81,3240.9,1690122.2
1722006000,3240.9,3265.67,3238.81,3255.31,822768.3
1722009600,3255.31,3263.69,3243.63,3246.45,439234.9
1722013200,3246.46,3255.32,3242.5,3247.41,245267.0
1722016800,3247.4,3262.92,3246.4,3260.08,375613.2
1722020400,3260.07,3286.68,3258.19,3274.73,608443.0
1722024000,3274.81,3275.42,3251.23,3254.92,376330.1
1722027600,3254.93,3274.19,3252.24,3265.14,268983.3
1722031200,3265.16,3286.86,3262.63,3279.48,239845.1
1722034800,3279.51,3285.83,3273.79,3274.4,161019.2
1722038400,3274.41,3275.2,3258.04,3259.7,316910.7
1722042000,3259.7,3262.27,3243.18,3246.61,409991.6
1722045600,3246.6,3261.17,3243.1,3258.61,295357.2
1722049200,3258.61,3261.09,3242.29,3245.2,296321.6
1722052800,3244.92,3257.5,3244.09,3254.0,142869.9
1722056400,3254.0,3260.41,3252.3,3254.76,148783.2
1722060000,3254.75,3271.0,3253.81,3270.41,219571.7
1722063600,3270.4,3277.91,3263.03,3272.22,382552.0
1722067200,3272.22,3283.61,3263.08,3268.54,480384.4
1722070800,3268.56,3280.0,3264.36,3276.6,202123.2
1722074400,3276.59,3279.99,3270.0,3271.97,199939.9
1722078000,3271.97,3279.55,3264.0,3278.7,250250.8
1722081600,3278.7,3298.49,3278.21,3288.17,605621.0
1722085200,3288.17,3328.1,3287.84,3317.87,1266865.3
1722088800,3317.87,3324.79,3292.29,3311.6,672276.5
1722092400,3311.61,3315.97,3270.01,3281.82,1047780.6
1722096000,3281.82,3292.64,3269.58,3272.64,689436.3
1722099600,3272.65,3274.47,3256.48,3261.02,676933.8
1722103200,3261.01,3275.01,3245.0,3249.88,506648.3
1722106800,3249.88,3263.27,3230.64,3261.43,939302.6
1722110400,3261.43,3262.66,3190.02,3242.66,2307449.8
1722114000,3242.72,3295.46,3234.0,3284.76,1042073.7
1722117600,3284.76,3290.0,3275.0,3275.38,291677.6
1722121200,3275.38,3276.22,3246.67,3249.47,443828.0
1722124800,3249.46,3253.42,3226.06,3247.1,485593.6
1722128400,3247.1,3256.73,3241.61,3247.51,181234.7
1722132000,3247.51,3252.17,3241.62,3252.11,142464.5
1722135600,3252.11,3252.22,3238.0,3238.4,183137.1
1722139200,3238.4,3244.78,3216.0,3218.14,472434.9
1722142800,3218.15,3221.64,3198.0,3219.0,614611.6
1722146400,3219.0,3232.0,3216.88,3222.25,304956.6
1722150000,3222.25,3227.99,3214.7,3227.99,188934.4
1722153600,3227.99,3229.0,3216.0,3228.86,172358.6
1722157200,3228.87,3238.4,3226.51,3234.99,244343.6
1722160800,3235.0,3255.78,3233.0,3248.2,468090.1
1722164400,3248.21,3266.97,3248.14,3256.89,474710.4
1722168000,3256.9,3276.67,3254.43,3271.83,367053.3
1722171600,3271.82,3280.73,3265.02,3274.99,317778.8
1722175200,3275.0,3276.22,3259.0,3265.31,392579.5
1722178800,3265.3,3272.95,3260.6,3269.06,192421.9
1722182400,3269.06,3275.49,3263.72,3266.01,174097.4
1722186000,3266.01,3273.44,3262.15,3272.03,113822.4
1722189600,3272.03,3284.87,3266.99,3275.42,360728.3
1722193200,3275.41,3278.07,3268.48,3271.74,114050.0
1722196800,3271.74,3273.82,3259.27,3259.41,129266.9
1722200400,3259.41,3267.6,3250.0,3263.83,202227.9
1722204000,3263.83,3269.58,3252.01,3260.25,193430.5
1722207600,3260.37,3273.95,3258.47,3270.28,166801.8
1722211200,3270.28,3307.47,3267.02,3287.0,850937.3
1722214800,3287.0,3295.07,3271.59,3277.55,376233.4
1722218400,3277.56,3332.95,3277.12,3331.98,1075861.9
1722222000,3331.98,3357.9,3329.25,3349.47,1177892.6
1722225600,3349.47,3366.99,3340.7,3344.76,678436.1
1722229200,3344.77,3375.0,3343.28,3369.0,522037.3
1722232800,3369.0,3390.73,3366.0,3373.91,1037068.0
1722236400,3373.92,3380.14,3364.0,3368.01,544542.1
1722240000,3368.01,3380.44,3362.26,3374.2,445069.7
1722243600,3374.2,3398.0,3373.83,3395.8,576434.4
1722247200,3395.81,3397.51,3383.34,3384.81,400331.9
1722250800,3384.8,3389.56,3374.49,3376.0,346151.7
1722254400,3376.0,3387.67,3370.01,3375.03,517317.3
1722258000,3375.04,3382.0,3345.02,3348.61,1133135.2
1722261600,3348.66,3351.5,3314.51,3325.89,1662240.6
1722265200,3325.75,3333.92,3289.98,3308.0,1679865.0
1722268800,3308.01,3310.7,3256.44,3271.05,1933559.8
1722272400,3271.29,3322.46,3264.38,3313.44,1664752.7
1722276000,3313.44,3323.99,3302.39,3314.0,538270.7
1722279600,3313.99,3316.6,3304.08,3311.69,319261.7
1722283200,3311.78,3329.31,3309.67,3321.93,357872.0
1722286800,3321.94,3350.0,3313.03,3346.99,473882.7
1722290400,3346.99,3353.54,3328.01,3329.55,397446.6
1722294000,3329.56,3336.99,3313.3,3318.37,518859.8
1722297600,3318.38,3331.22,3281.73,3329.1,1101841.8
1722301200,3329.1,3338.59,3295.15,3301.03,665560.4
1722304800,3301.03,3315.5,3284.12,3311.75,579469.8
1722308400,3311.74,3324.29,3310.43,3320.57,311719.7
1722312000,3320.57,3321.05,3307.27,3318.29,203404.4
1722315600,3318.28,3319.82,3298.06,3311.04,440613.0
1722319200,3311.04,3330.0,3308.59,3328.14,336156.3
1722322800,3328.15,3354.67,3328.14,3341.28,793374.9
1722326400,3341.27,3357.23,3335.31,3337.11,481494.8
1722330000,3337.0,3345.86,3329.22,3336.29,311959.8
1722333600,3336.29,3343.79,3327.5,3336.67,342534.5
1722337200,3336.66,3342.0,3331.0,3335.0,218341.3
1722340800,3335.0,3365.71,3322.0,3354.25,839958.6
1722344400,3354.26,3366.67,3328.6,3330.38,686587.8
1722348000,3330.38,3334.39,3295.06,3301.66,1107191.4
1722351600,3301.66,3326.0,3292.1,3321.54,697887.6
1722355200,3321.54,3328.38,3307.36,3309.55,392693.8
1722358800,3309.55,3311.11,3286.0,3295.02,611449.1
1722362400,3295.03,3298.69,3275.0,3284.62,561016.3
1722366000,3284.61,3288.88,3260.11,3272.89,649112.8
1722369600,3272.89,3284.7,3233.37,3282.05,1101347.5
1722373200,3282.06,3285.72,3262.98,3281.06,207535.9
1722376800,3281.08,3285.39,3267.7,3279.39,289153.8
1722380400,3279.38,3284.28,3273.15,3279.59,192221.5
1722384000,3279.58,3286.66,3262.39,3283.4,361894.0
1722387600,3283.4,3288.99,3267.47,3284.06,370360.8
1722391200,3284.06,3305.62,3281.01,3291.53,534544.9
1722394800,3291.52,3301.59,3287.76,3294.12,242147.4
1722398400,3294.11,3295.57,3263.0,3278.39,583521.3
1722402000,3278.39,3308.22,3264.05,3301.8,605686.9
1722405600,3301.8,3326.41,3298.28,3324.67,696362.4
1722409200,3324.67,3332.93,3316.0,3317.46,569030.0
1722412800,3317.46,3327.92,3310.01,3318.88,348544.2
1722416400,3318.89,3325.57,3312.15,3318.76,259814.4
1722420000,3318.77,3321.02,3306.96,3310.61,360379.2
1722423600,3310.6,3324.22,3308.72,3323.44,318422.2
1722427200,3323.45,3330.83,3315.0,3316.41,479869.2
1722430800,3316.41,3351.0,3315.59,3331.87,1161336.6
1722434400,3331.88,3341.0,3307.57,3321.0,1016120.5
1722438000,3321.01,3321.93,3297.18,3303.0,713759.2
1722441600,3303.0,3317.11,3283.6,3291.0,728180.4
1722445200,3291.01,3327.66,3285.66,3315.99,560911.4
1722448800,3316.0,3325.0,3287.5,3317.97,1083024.4
1722452400,3318.0,3322.87,3245.0,3266.53,1411668.2
1722456000,3266.54,3271.98,3216.69,3222.74,1658245.9
1722459600,3222.74,3243.4,3213.0,3238.94,768729.1
1722463200,3238.94,3244.87,3214.36,3243.01,400865.5
1722466800,3243.01,3243.73,3224.45,3233.32,319743.8
1722470400,3233.31,3243.0,3214.36,3235.43,547874.6
1722474000,3235.41,3238.9,3190.02,3211.84,1176954.1
1722477600,3211.84,3214.15,3177.0,3198.42,930531.4
1722481200,3198.41,3198.41,3171.74,3178.9,607954.2
1722484800,3178.9,3190.14,3139.12,3147.98,1317029.8
1722488400,3147.97,3185.0,3136.0,3184.99,1020413.7
1722492000,3185.0,3185.0,3163.52,3168.16,523167.2
1722495600,3168.17,3180.5,3164.41,3166.64,363136.2
1722499200,3166.64,3184.91,3165.45,3184.49,329430.3
1722502800,3184.49,3194.41,3179.2,3180.29,397573.9
1722506400,3180.29,3192.85,3176.23,3190.64,244857.8
1722510000,3190.62,3194.29,3183.74,3188.44,338890.8
1722513600,3188.45,3207.6,3186.72,3196.72,621127.8
1722517200,3196.73,3200.15,3173.77,3183.9,770752.4
1722520800,3183.9,3188.06,3142.99,3142.99,969148.9
1722524400,3142.99,3146.56,3102.0,3116.68,2609175.4
1722528000,3116.68,3124.0,3090.91,3107.54,1442605.6
1722531600,3107.54,3121.2,3090.11,3119.96,948942.2
1722535200,3119.97,3121.95,3080.01,3092.15,1127361.6
1722538800,3092.15,3135.93,3090.07,3131.63,675697.6
1722542400,3131.61,3172.22,3121.36,3171.43,967748.4
1722546000,3171.44,3185.98,3158.07,3176.56,526918.2
1722549600,3176.57,3219.27,3173.04,3209.54,1130738.6
1722553200,3209.54,3216.35,3198.97,3203.52,484766.2
1722556800,3203.52,3218.43,3194.2,3194.2,433270.9
1722560400,3194.2,3194.42,3168.3,3173.69,709721.7
1722564000,3173.68,3184.48,3136.32,3159.68,1028440.1
1722567600,3159.69,3171.3,3150.42,3168.24,401868.8
1722571200,3168.24,3176.27,3162.0,3168.42,257128.1
1722574800,3168.42,3169.0,3142.0,3148.76,532926.8
1722578400,3148.76,3165.81,3126.97,3155.68,849635.8
1722582000,3155.68,3158.55,3137.21,3147.1,406060.9
1722585600,3147.1,3159.75,3134.74,3159.75,463318.1
1722589200,3159.74,3163.0,3149.58,3152.8,257385.5
1722592800,3152.8,3164.78,3145.0,3159.25,317530.0
1722596400,3159.25,3167.65,3152.12,3153.74,324483.4
1722600000,3153.73,3161.11,3110.0,3154.43,1496218.6
1722603600,3154.42,3183.51,3142.08,3160.68,1155203.3
1722607200,3160.69,3166.6,3031.2,3038.03,3467427.7
1722610800,3038.04,3046.78,2984.4,3038.65,3884187.8
1722614400,3038.66,3048.79,3016.56,3027.3,1157802.3
1722618000,3027.39,3043.0,3016.8,3025.91,678172.6
1722621600,3025.9,3034.84,3005.26,3015.25,568337.9
1722625200,3015.24,3024.36,2993.55,3012.21,706988.1
1722628800,3012.38,3042.0,2987.41,3020.48,1048860.0
1722632400,3020.48,3020.99,2968.0,3004.15,1410363.9
1722636000,3004.15,3009.84,2971.16,2979.16,674177.2
1722639600,2979.17,3000.62,2970.13,2990.01,653209.5
1722643200,2990.01,3004.4,2941.37,2962.54,1117934.8
1722646800,2962.88,2967.55,2913.4,2956.33,1922339.1
1722650400,2956.33,2972.77,2954.23,2961.84,566324.7
1722654000,2961.84,2984.23,2958.0,2982.1,587128.6
1722657600,2982.11,2983.0,2960.94,2965.45,412553.9
1722661200,2965.45,2975.48,2962.3,2975.48,200852.0
1722664800,2975.48,2991.32,2973.66,2990.01,351528.9
1722668400,2990.0,2996.63,2982.5,2983.51,426705.7
1722672000,2983.43,2988.64,2974.11,2982.39,349360.2
1722675600,2982.39,2990.28,2976.88,2989.6,231868.6
1722679200,2989.59,2995.74,2986.11,2991.14,251285.9
1722682800,2991.13,3006.69,2988.62,2996.71,398920.1
1722686400,2996.72,3018.74,2995.0,3010.36,795799.2
1722690000,3010.36,3012.59,2999.26,3007.88,327593.0
1722693600,3007.89,3015.42,2998.7,3000.21,392558.7
1722697200,3000.22,3006.34,2938.22,2942.59,1664515.3
1722700800,2942.58,2955.89,2909.0,2936.01,2770515.9
1722704400,2936.01,2941.38,2898.96,2902.93,1078313.3
1722708000,2902.92,2929.0,2892.14,2904.39,1066105.2
1722711600,2904.4,2922.09,2875.0,2893.86,1032967.0
1722715200,2893.87,2920.19,2884.65,2894.33,718481.4
1722718800,2894.36,2920.58,2856.65,2913.45,1145684.4
1722722400,2913.46,2922.7,2901.1,2909.35,399629.4
1722726000,2909.37,2914.0,2894.57,2903.54,607000.2
1722729600,2903.55,2918.77,2900.94,2914.08,342698.9
1722733200,2914.08,2914.93,2876.47,2907.42,780936.2
1722736800,2907.39,2939.0,2905.09,2920.68,825445.0
1722740400,2920.68,2921.4,2909.0,2916.26,215385.9
1722744000,2916.26,2919.75,2900.1,2902.61,304362.2
1722747600,2902.62,2919.58,2900.33,2915.32,267997.2
1722751200,2915.31,2922.49,2910.2,2917.97,214443.8
1722754800,2917.97,2918.62,2887.28,2893.46,602292.6
1722758400,2893.34,2914.66,2876.47,2906.49,802850.3
1722762000,2906.5,2916.68,2904.33,2912.61,291388.2
1722765600,2912.62,2916.82,2905.1,2915.43,237021.3
1722769200,2915.42,2925.63,2911.0,2914.31,321178.1
1722772800,2914.31,2924.91,2910.21,2923.61,311851.7
1722776400,2923.62,2926.44,2910.41,2911.0,305393.3
1722780000,2911.01,2914.14,2852.34,2864.82,2313877.9
1722783600,2864.82,2869.97,2820.0,2827.78,2075490.6
1722787200,2827.81,2839.0,2806.21,2811.63,1549080.3
1722790800,2811.63,2817.82,2616.84,2700.41,7278235.5
1722794400,2700.41,2740.0,2682.66,2729.45,2119513.7
1722798000,2729.4,2768.08,2709.0,2757.25,1707505.4
1722801600,2757.2,2771.82,2734.18,2752.04,897502.8
1722805200,2752.05,2752.95,2725.7,2730.73,616518.0
1722808800,2730.74,2751.91,2718.0,2722.49,838086.1
1722812400,2722.48,2724.54,2681.05,2689.08,1017994.0
1722816000,2689.08,2697.68,2478.0,2526.74,6567117.3
1722819600,2526.64,2540.29,2079.79,2318.9,20458909.9
1722823200,2319.02,2339.59,2215.0,2335.05,5940908.6
1722826800,2335.06,2345.22,2286.08,2312.88,3173762.4
1722830400,2312.85,2387.0,2307.0,2336.98,2871415.9
1722834000,2336.73,2366.0,2261.16,2311.63,5340958.0
1722837600,2311.7,2323.23,2151.71,2268.78,8160163.6
1722841200,2268.78,2369.31,2256.95,2357.32,3304533.8
1722844800,2357.38,2363.0,2293.0,2325.87,2793606.7
1722848400,2325.91,2338.23,2275.0,2317.31,2140283.8
1722852000,2317.4,2319.24,2223.19,2272.82,3172451.3
1722855600,2272.76,2302.66,2225.0,2290.59,3400731.7
1722859200,2290.59,2307.52,2196.83,2228.27,3929170.6
1722862800,2228.21,2348.99,2180.12,2336.93,5821086.3
1722866400,2336.93,2443.0,2336.93,2403.16,4583949.5
1722870000,2403.16,2462.21,2380.69,2450.29,2743005.6
1722873600,2450.15,2518.38,2443.25,2453.58,3327165.3
1722877200,2453.58,2494.85,2425.9,2469.8,1815205.9
1722880800,2469.79,2472.91,2371.05,2374.59,1636922.9
1722884400,2374.59,2413.87,2363.05,2405.14,1856454.7
1722888000,2404.92,2443.11,2401.74,2437.2,1168328.5
1722891600,2437.15,2470.0,2421.56,2428.33,784540.9
1722895200,2428.33,2462.93,2418.79,2452.54,637474.5
1722898800,2452.78,2474.95,2410.46,2419.96,900011.4
1722902400,2419.97,2542.58,2415.81,2541.24,2314374.2
1722906000,2541.24,2548.0,2497.8,2516.53,1491577.4
1722909600,2516.62,2523.88,2500.26,2507.67,837254.6
1722913200,2507.66,2508.88,2482.16,2492.12,822882.9
1722916800,2492.12,2504.83,2478.17,2499.75,910731.8
1722920400,2499.67,2526.64,2484.77,2524.33,1062781.8
1722924000,2524.32,2536.0,2500.87,2514.69,1173124.6
1722927600,2514.68,2528.83,2493.73,2523.19,995096.3
1722931200,2523.19,2524.55,2439.49,2460.55,2207827.4
1722934800,2460.56,2471.4,2443.33,2463.29,1153094.8
1722938400,2463.3,2474.88,2446.24,2457.28,930127.1
1722942000,2457.28,2471.0,2442.21,2457.94,984899.8
1722945600,2458.0,2467.8,2426.1,2439.08,1239213.9
1722949200,2439.07,2469.6,2411.31,2452.23,2333845.4
1722952800,2452.23,2556.6,2450.1,2523.51,3984176.0
1722956400,2523.52,2533.88,2493.36,2527.19,1383629.6
1722960000,2527.19,2549.4,2510.69,2530.6,1320558.4
1722963600,2530.61,2543.34,2480.9,2483.23,1302067.9
1722967200,2483.01,2520.52,2481.6,2499.8,961209.7
1722970800,2499.81,2515.5,2487.23,2492.86,828759.4
1722974400,2492.87,2503.42,2473.09,2488.64,1094761.7
1722978000,2488.7,2496.0,2474.52,2492.39,431474.9
1722981600,2492.39,2513.66,2456.19,2475.06,1243846.9
1722985200,2475.07,2484.09,2445.02,2461.05,795472.3
1722988800,2461.05,2472.0,2431.31,2458.93,1099810.0
1722992400,2458.95,2504.8,2425.07,2500.0,1676579.7
1722996000,2500.0,2530.0,2480.26,2494.67,1723809.9
1722999600,2494.67,2515.83,2490.21,2506.9,857942.7
1723003200,2506.89,2534.72,2504.0,2516.0,916085.9
1723006800,2516.0,2534.0,2503.01,2504.82,998477.7
1723010400,2504.81,2511.79,2492.08,2499.99,736902.5
1723014000,2499.99,2519.81,2484.13,2510.95,809963.6
1723017600,2510.95,2526.63,2504.23,2524.8,813254.3
1723021200,2524.8,2539.7,2513.0,2517.85,1261510.2
1723024800,2517.85,2553.26,2508.0,2508.17,1179209.5
1723028400,2508.18,2514.65,2471.68,2473.49,1510026.6
1723032000,2473.49,2483.69,2448.35,2469.86,1644812.6
1723035600,2469.61,2487.56,2436.05,2447.81,2052634.8
1723039200,2447.8,2455.55,2364.09,2390.22,4152638.3
1723042800,2390.23,2422.25,2380.0,2412.31,1911605.0
1723046400,2412.31,2415.8,2376.0,2391.2,1433973.9
1723050000,2391.19,2403.55,2355.0,2367.19,1812290.8
1723053600,2367.19,2378.97,2325.04,2344.42,2005044.6
1723057200,2344.27,2362.63,2343.1,2350.65,664538.0
1723060800,2350.64,2369.05,2306.73,2349.29,1626477.3
1723064400,2349.31,2369.6,2334.21,2359.83,562448.3
1723068000,2359.82,2363.08,2313.24,2356.3,842324.3
1723071600,2356.3,2364.87,2331.96,2342.41,599084.8
1723075200,2342.32,2356.92,2320.03,2352.99,1105729.0
1723078800,2353.0,2448.53,2351.44,2439.89,2669347.1
1723082400,2439.88,2466.0,2436.86,2454.8,1416728.5
1723086000,2454.81,2459.0,2429.73,2430.02,822812.6
1723089600,2430.0,2445.25,2418.46,2422.8,696577.1
1723093200,2422.7,2434.98,2419.26,2423.35,638507.8
1723096800,2423.35,2439.74,2411.35,2432.79,644371.3
1723100400,2432.81,2433.45,2411.74,2414.0,717811.4
1723104000,2413.99,2432.76,2406.18,2427.33,591312.8
1723107600,2427.32,2453.41,2414.22,2436.84,955056.4
1723111200,2436.84,2449.6,2425.65,2446.92,679423.5
1723114800,2446.91,2461.56,2440.21,2447.31,744864.8
1723118400,2447.31,2528.58,2439.22,2482.8,2976446.1
1723122000,2482.61,2487.9,2410.05,2433.6,2459795.0
1723125600,2433.61,2506.85,2429.63,2499.15,2208882.5
1723129200,2499.01,2512.98,2480.28,2506.79,1461875.2
1723132800,2506.99,2593.88,2503.73,2585.2,3340169.2
1723136400,2585.19,2611.15,2570.0,2578.82,1592443.1
1723140000,2578.82,2596.11,2575.6,2578.61,500291.4
1723143600,2578.6,2588.52,2565.09,2573.59,614732.1
1723147200,2573.74,2580.99,2567.04,2569.76,303309.3
1723150800,2569.77,2656.47,2569.15,2641.3,1185526.1
1723154400,2641.32,2725.99,2616.61,2707.95,2128524.3
1723158000,2707.71,2723.0,2676.2,2682.83,1380502.6
1723161600,2682.84,2694.89,2651.0,2666.45,1309176.1
1723165200,2666.44,2674.99,2646.42,2670.57,682506.0
1723168800,2670.57,2682.44,2658.57,2669.23,450998.3
1723172400,2669.24,2702.65,2667.37,2694.54,801296.6
1723176000,2694.55,2709.05,2659.0,2659.78,1034885.5
1723179600,2659.79,2679.64,2649.0,2677.66,760089.9
1723183200,2677.67,2704.56,2674.67,2687.75,815125.9
1723186800,2687.74,2700.0,2662.77,2670.57,868213.2
1723190400,2670.58,2675.27,2656.0,2671.31,617605.5
1723194000,2671.29,2681.69,2651.79,2659.01,753774.6
1723197600,2659.0,2661.85,2618.04,2635.16,1635532.3
1723201200,2635.17,2643.24,2618.41,2634.78,620715.9
1723204800,2634.79,2649.36,2605.0,2628.12,1141285.9
1723208400,2628.11,2638.99,2579.01,2616.0,2198625.9
1723212000,2616.01,2664.94,2555.0,2591.44,3319285.8
1723215600,2591.44,2605.61,2556.6,2558.27,1332326.3
1723219200,2558.28,2595.77,2552.22,2593.31,1040529.1
1723222800,2593.33,2609.55,2584.87,2590.46,685238.3
1723226400,2590.51,2597.15,2574.0,2586.8,469507.1
1723230000,2586.79,2600.63,2577.56,2590.61,287703.2
1723233600,2590.62,2607.82,2587.07,2593.02,347515.9
1723237200,2592.98,2606.8,2561.56,2602.01,721321.3
1723240800,2602.0,2613.67,2584.5,2598.19,489618.0
1723244400,2598.2,2602.78,2574.1,2598.71,380701.4
1723248000,2598.71,2646.0,2576.0,2584.57,1182862.6
1723251600,2584.56,2612.4,2580.24,2600.01,611961.1
1723255200,2600.01,2614.72,2592.12,2603.96,330060.4
1723258800,2603.96,2607.22,2592.48,2602.25,244299.7
1723262400,2602.25,2604.6,2588.3,2599.8,241299.3
1723266000,2599.81,2610.0,2594.23,2605.99,240567.0
1723269600,2606.0,2625.98,2603.58,2619.73,436861.3
1723273200,2619.73,2639.82,2618.62,2633.8,516971.6
1723276800,2633.8,2640.86,2622.6,2629.45,448493.6
1723280400,2629.45,2640.82,2625.62,2632.44,382408.4
1723284000,2632.46,2639.25,2624.13,2629.8,262598.3
1723287600,2629.62,2643.88,2628.01,2636.86,281134.7
1723291200,2636.87,2637.89,2628.21,2630.58,180941.5
1723294800,2630.57,2631.89,2606.0,2609.4,763529.0
1723298400,2609.39,2618.75,2603.31,2610.63,392005.0
1723302000,2610.64,2623.97,2596.6,2599.73,519883.7
1723305600,2599.78,2609.87,2589.67,2607.48,630895.2
1723309200,2607.49,2616.72,2600.05,2611.0,233845.0
1723312800,2611.0,2623.0,2599.36,2601.19,563483.9
1723316400,2601.19,2611.8,2595.15,2602.86,231049.9
1723320000,2602.85,2608.01,2596.35,2605.0,138644.4
1723323600,2605.0,2618.4,2604.16,2613.29,175428.8
1723327200,2613.28,2613.71,2604.23,2606.44,114277.8
1723330800,2606.45,2610.5,2599.71,2610.31,127258.1
1723334400,2610.31,2629.98,2606.09,2624.5,526536.6
1723338000,2624.5,2632.0,2617.94,2629.4,281122.6
1723341600,2629.4,2631.56,2622.1,2624.99,187460.7
1723345200,2625.0,2675.12,2625.0,2646.66,1383365.8
1723348800,2646.66,2655.0,2633.41,2644.69,568171.5
1723352400,2644.69,2666.8,2643.2,2660.91,328030.6
1723356000,2660.91,2665.98,2651.27,2659.4,441480.0
1723359600,2659.63,2683.98,2659.63,2677.49,685872.0
1723363200,2677.5,2698.34,2673.84,2685.6,795794.1
1723366800,2685.6,2720.0,2681.64,2684.12,1516647.1
1723370400,2684.13,2696.51,2674.24,2676.12,722402.3
1723374000,2676.12,2678.0,2645.0,2653.11,1439606.2
1723377600,2653.12,2656.71,2625.23,2638.21,1080853.6
1723381200,2638.21,2645.84,2616.19,2638.75,806834.6
1723384800,2638.76,2652.95,2603.24,2615.01,1188043.6
1723388400,2615.0,2623.94,2594.0,2614.0,1041590.9
1723392000,2614.0,2640.5,2603.55,2626.1,755761.4
1723395600,2626.11,2643.55,2617.4,2636.29,592413.5
1723399200,2636.3,2646.67,2627.65,2639.02,472658.6
1723402800,2639.02,2640.0,2595.96,2599.42,938380.0
1723406400,2599.42,2603.44,2539.61,2557.41,2104411.2
1723410000,2557.4,2585.66,2543.68,2581.16,877192.0
1723413600,2581.12,2596.14,2540.06,2567.48,891156.9
1723417200,2567.48,2568.0,2551.96,2555.82,355276.4
1723420800,2555.81,2578.4,2505.0,2537.39,1689840.7
1723424400,2537.4,2559.99,2528.89,2549.41,640864.3
1723428000,2549.41,2554.25,2534.38,2551.59,505665.7
1723431600,2551.6,2558.0,2531.0,2541.38,535029.5
1723435200,2541.38,2552.0,2535.04,2538.99,411298.2
1723438800,2538.99,2555.0,2534.58,2553.8,478796.2
1723442400,2553.81,2562.32,2541.24,2552.38,480333.3
1723446000,2552.38,2582.89,2516.11,2566.84,1582647.2
1723449600,2566.84,2597.37,2558.0,2563.18,1199046.6
1723453200,2563.18,2599.39,2562.29,2595.98,870787.1
1723456800,2595.97,2643.89,2587.46,2641.1,1644791.6
1723460400,2641.09,2684.0,2635.59,2673.39,1706982.8
1723464000,2673.39,2700.55,2665.67,2685.2,1251051.5
1723467600,2685.2,2704.94,2603.0,2615.03,2623256.3
1723471200,2615.04,2724.0,2592.0,2702.63,3951296.0
1723474800,2702.62,2712.0,2646.0,2689.49,2302197.1
1723478400,2689.49,2699.05,2663.44,2668.81,1026719.2
1723482000,2668.81,2679.95,2654.01,2655.02,586703.1
1723485600,2655.22,2675.85,2626.16,2632.78,837657.0
1723489200,2632.8,2664.45,2632.8,2660.41,525213.8
1723492800,2660.41,2706.41,2658.67,2681.08,835898.3
1723496400,2681.08,2694.0,2657.41,2683.81,515203.8
1723500000,2683.82,2706.43,2681.37,2696.36,526351.5
1723503600,2696.2,2751.96,2695.0,2722.53,1517133.9
1723507200,2722.52,2730.53,2704.07,2718.39,749658.9
1723510800,2718.39,2734.24,2706.25,2732.74,478932.8
1723514400,2732.74,2738.44,2691.27,2714.48,846265.6
1723518000,2714.44,2715.79,2649.23,2655.99,1916846.1
1723521600,2655.98,2662.55,2641.62,2660.09,751330.0
1723525200,2660.01,2664.33,2650.44,2652.56,347297.4
1723528800,2652.57,2658.9,2635.11,2654.71,688015.6
1723532400,2654.71,2662.38,2642.2,2648.45,493318.0
1723536000,2648.45,2658.65,2633.0,2643.01,557193.8
1723539600,2643.0,2647.53,2627.25,2641.78,644654.4
1723543200,2641.79,2644.92,2607.0,2633.42,1043421.3
1723546800,2633.43,2649.15,2629.71,2644.18,440496.0
1723550400,2644.17,2664.56,2633.1,2649.71,1142036.8
1723554000,2649.67,2677.23,2635.18,2668.86,1065814.8
1723557600,2668.85,2674.49,2630.03,2662.34,1234034.0
1723561200,2662.34,2664.55,2643.33,2652.0,453809.4
1723564800,2652.0,2718.16,2649.95,2715.41,1537302.4
1723568400,2715.41,2731.75,2701.57,2712.99,1416097.3
1723572000,2712.99,2714.21,2686.49,2697.41,838992.6
1723575600,2697.41,2718.59,2674.25,2710.98,996506.2
1723579200,2710.98,2715.24,2697.44,2698.39,343394.0
1723582800,2698.39,2730.99,2694.14,2730.58,357710.3
1723586400,2730.66,2734.76,2707.62,2713.88,396676.3
1723590000,2713.87,2714.0,2692.34,2702.53,342752.5
1723593600,2702.53,2717.54,2693.12,2715.53,366372.1
1723597200,2715.54,2720.0,2689.28,2690.47,433175.9
1723600800,2690.48,2713.9,2685.3,2708.79,488509.5
1723604400,2708.79,2725.98,2704.6,2709.47,593246.8
1723608000,2709.46,2724.3,2707.74,2720.26,362962.7
1723611600,2720.27,2746.26,2715.0,2723.73,902014.7
1723615200,2723.73,2751.84,2716.31,2727.61,955165.1
1723618800,2727.6,2729.37,2717.65,2727.33,454168.7
1723622400,2727.34,2736.99,2713.66,2725.9,676823.1
1723626000,2725.91,2730.54,2719.18,2721.63,323036.4
1723629600,2721.62,2764.44,2720.41,2742.68,1376429.2
1723633200,2742.68,2756.0,2725.03,2749.68,1085944.9
1723636800,2749.69,2785.13,2720.1,2731.98,2465176.8
1723640400,2731.98,2739.36,2650.26,2659.4,3144788.1
1723644000,2659.13,2669.45,2632.0,2653.7,2499711.3
1723647600,2653.69,2685.99,2637.66,2673.66,1573947.3
1723651200,2673.9,2673.91,2640.43,2663.8,1364901.1
1723654800,2663.79,2672.17,2650.7,2658.14,444709.4
1723658400,2658.13,2668.69,2646.67,2659.11,344178.2
1723662000,2659.1,2672.46,2651.08,2669.03,312501.6
1723665600,2669.02,2678.99,2666.24,2676.39,294356.8
1723669200,2676.38,2681.95,2662.67,2663.92,262466.1
1723672800,2663.92,2671.07,2640.45,2669.99,585076.4
1723676400,2670.0,2674.75,2660.33,2661.13,211964.5
1723680000,2661.13,2674.01,2654.6,2666.54,420830.6
1723683600,2666.53,2667.57,2637.37,2644.15,712547.9
1723687200,2644.16,2663.0,2633.43,2648.58,926092.2
1723690800,2648.85,2656.33,2647.0,2652.63,180986.6
1723694400,2652.64,2655.0,2642.59,2652.5,338038.2
1723698000,2652.5,2656.78,2632.0,2637.38,782812.0
1723701600,2637.39,2641.63,2610.0,2624.18,1282098.8
1723705200,2624.17,2625.0,2588.03,2614.79,1319903.3
1723708800,2614.78,2622.14,2605.35,2621.52,528332.0
1723712400,2621.98,2630.84,2617.54,2623.22,529087.8
1723716000,2623.21,2626.59,2614.22,2618.01,334998.0
1723719600,2618.01,2644.24,2617.07,2637.69,612810.8
1723723200,2637.68,2670.26,2633.07,2641.56,1446378.6
1723726800,2641.57,2668.53,2633.03,2662.54,973719.7
1723730400,2662.51,2669.3,2646.2,2654.23,876944.0
1723734000,2654.22,2676.05,2646.81,2668.61,1089031.8
1723737600,2668.51,2675.28,2652.2,2657.9,641483.6
1723741200,2657.89,2660.71,2602.34,2613.91,1054470.5
1723744800,2613.94,2613.94,2541.0,2553.72,3440625.7
1723748400,2553.71,2557.97,2521.0,2549.51,1924726.0
1723752000,2549.4,2551.28,2515.13,2549.99,995444.0
1723755600,2550.0,2573.09,2533.2,2572.08,893993.3
1723759200,2572.08,2589.64,2560.05,2576.5,678016.0
1723762800,2576.3,2581.79,2566.35,2570.18,393442.2
1723766400,2570.17,2579.72,2566.06,2572.93,305642.3
1723770000,2572.94,2579.29,2551.46,2572.59,524387.9
1723773600,2572.59,2610.0,2561.3,2594.4,1204519.3
1723777200,2594.39,2594.4,2576.56,2580.4,466434.2
1723780800,2580.39,2597.82,2578.2,2596.98,381798.8
1723784400,2596.97,2604.46,2591.0,2596.4,492773.3
1723788000,2596.41,2628.48,2592.98,2626.16,983198.0
1723791600,2626.16,2629.16,2613.0,2617.2,524908.7
1723795200,2617.19,2625.55,2610.15,2617.96,484554.4
1723798800,2617.97,2626.5,2612.0,2625.99,441638.2
1723802400,2626.0,2626.4,2611.48,2617.68,336977.8
1723806000,2617.68,2625.0,2605.73,2612.35,663181.4
1723809600,2612.35,2617.37,2561.2,2575.61,2006497.4
1723813200,2575.62,2620.0,2566.59,2594.11,2474109.0
1723816800,2594.05,2601.38,2571.6,2582.13,1344403.5
1723820400,2582.23,2593.72,2550.0,2568.89,1416906.6
1723824000,2568.88,2611.96,2563.93,2594.7,1464608.7
1723827600,2594.71,2615.98,2568.93,2611.6,1074256.2
1723831200,2611.61,2631.58,2603.71,2614.35,1353613.3
1723834800,2614.41,2629.54,2612.5,2620.68,554844.0
1723838400,2620.7,2626.37,2607.19,2608.32,590987.9
1723842000,2608.31,2612.54,2591.42,2600.99,364444.0
1723845600,2600.99,2605.96,2593.75,2595.57,171180.4
1723849200,2595.56,2599.53,2586.35,2592.94,232661.2
1723852800,2592.93,2602.7,2587.23,2599.7,247682.1
1723856400,2599.71,2608.94,2596.12,2603.77,285379.6
1723860000,2603.78,2608.2,2596.63,2598.75,195414.5
1723863600,2598.75,2600.6,2588.3,2596.08,223067.8
1723867200,2596.07,2603.25,2592.52,2601.31,171035.6
1723870800,2601.3,2602.67,2596.25,2601.1,114221.7
1723874400,2601.09,2603.92,2595.91,2596.81,209789.2
1723878000,2596.81,2600.6,2590.8,2600.06,213942.6
1723881600,2600.06,2602.25,2594.48,2601.7,149550.1
1723885200,2601.7,2607.5,2597.0,2603.88,301039.7
1723888800,2603.89,2606.0,2595.55,2596.86,192381.1
1723892400,2596.85,2601.58,2592.82,2599.03,173195.3
1723896000,2599.02,2604.69,2596.42,2602.7,201028.7
1723899600,2602.7,2614.2,2599.21,2604.55,513821.6
1723903200,2604.54,2616.63,2599.02,2613.4,393794.7
1723906800,2613.48,2618.73,2605.0,2606.84,408403.1
1723910400,2606.83,2628.0,2606.83,2620.0,425295.0
1723914000,2620.0,2627.42,2614.44,2615.29,373186.0
1723917600,2615.29,2618.41,2607.08,2610.9,281846.6
1723921200,2610.89,2616.96,2608.22,2615.19,153426.1
1723924800,2615.19,2618.16,2610.15,2614.28,160167.1
1723928400,2614.29,2617.41,2598.61,2607.6,299217.4
1723932000,2607.6,2614.96,2606.81,2609.0,170404.1
1723935600,2609.0,2614.92,2607.0,2614.71,114675.2
1723939200,2614.53,2624.18,2610.9,2616.93,235251.6
1723942800,2616.92,2620.0,2605.6,2608.95,250256.5
1723946400,2608.95,2639.09,2605.11,2631.27,695432.6
1723950000,2631.27,2639.47,2606.0,2606.89,797847.0
1723953600,2606.9,2609.08,2594.28,2603.13,630652.3
1723957200,2603.01,2612.11,2599.42,2602.83,401570.6
1723960800,2602.83,2608.86,2601.23,2606.78,125947.7
1723964400,2606.78,2609.4,2602.47,2608.03,190180.3
1723968000,2608.02,2620.5,2605.64,2617.28,457281.6
1723971600,2617.29,2668.0,2615.68,2644.88,1481427.9
1723975200,2644.88,2664.39,2643.92,2644.18,1121793.7
1723978800,2644.17,2652.9,2642.22,2649.48,423867.4
1723982400,2649.47,2688.71,2643.01,2666.58,1173598.6
1723986000,2666.59,2683.59,2660.76,2661.39,691000.3
1723989600,2661.38,2670.74,2654.07,2663.74,526793.2
1723993200,2663.74,2674.21,2659.43,2672.39,285316.0
1723996800,2672.4,2678.8,2666.56,2668.79,325984.0
1724000400,2668.79,2670.67,2643.53,2651.14,810932.0
1724004000,2651.14,2661.77,2647.43,2660.5,209879.9
1724007600,2660.49,2670.82,2658.21,2668.21,239646.1
1724011200,2668.22,2670.69,2663.24,2665.79,149600.8
1724014800,2665.79,2665.8,2636.81,2643.61,306663.7
1724018400,2643.61,2658.39,2642.46,2646.89,343120.9
1724022000,2646.89,2648.75,2610.0,2612.65,1153286.5
1724025600,2612.65,2629.0,2603.65,2612.9,977193.7
1724029200,2612.89,2639.73,2611.08,2631.37,845725.2
1724032800,2631.34,2644.36,2626.69,2639.05,511249.2
1724036400,2639.06,2647.78,2635.58,2644.55,493341.9
1724040000,2644.55,2648.6,2631.56,2636.62,359860.8
1724043600,2636.62,2638.87,2620.16,2625.85,507025.3
1724047200,2625.86,2633.83,2619.01,2625.46,500600.8
1724050800,2625.45,2632.5,2610.0,2614.41,645046.0
1724054400,2614.42,2622.7,2610.89,2615.41,376219.5
1724058000,2615.5,2622.3,2567.89,2580.01,1686726.7
1724061600,2580.0,2585.97,2567.0,2576.54,1099189.4
1724065200,2576.53,2592.3,2570.1,2587.83,647197.6
1724068800,2587.83,2593.69,2579.2,2585.59,506945.4
1724072400,2585.59,2605.32,2562.65,2570.22,1577349.8
1724076000,2570.22,2585.54,2567.0,2584.84,974867.9
1724079600,2584.84,2592.87,2578.29,2584.28,649345.7
1724083200,2584.28,2589.35,2573.47,2585.0,555863.9
1724086800,2584.99,2631.73,2577.57,2607.07,1662959.8
1724090400,2606.9,2616.47,2590.47,2608.56,646813.9
1724094000,2608.56,2613.77,2601.44,2606.76,466993.7
1724097600,2606.76,2626.27,2603.91,2615.41,512681.1
1724101200,2615.37,2625.37,2612.39,2615.04,260031.4
1724104800,2615.02,2626.87,2615.02,2622.66,235853.6
1724108400,2622.66,2641.76,2615.75,2636.27,538698.1
1724112000,2636.22,2670.0,2617.13,2658.99,1543936.0
1724115600,2658.99,2678.0,2649.2,2651.93,849142.9
1724119200,2651.93,2656.83,2644.46,2654.55,380699.6
1724122800,2654.56,2663.02,2651.2,2662.74,365655.5
1724126400,2662.73,2672.0,2657.46,2664.35,669876.9
1724130000,2664.49,2695.72,2664.26,2684.1,1199523.9
1724133600,2684.09,2685.59,2672.28,2675.82,701187.0
1724137200,2675.83,2678.59,2669.03,2675.53,442279.1
1724140800,2675.46,2676.43,2657.36,2660.83,617318.5
1724144400,2660.82,2666.6,2656.09,2660.6,360047.4
1724148000,2660.59,2663.68,2652.3,2656.24,359560.0
1724151600,2656.24,2658.2,2640.0,2642.75,737113.4
1724155200,2642.74,2657.64,2641.04,2646.39,663865.7
1724158800,2646.38,2650.91,2624.15,2645.69,1498074.8
1724162400,2645.69,2646.78,2583.9,2585.42,2701037.9
1724166000,2585.42,2585.98,2554.1,2574.71,2708701.9
1724169600,2574.91,2583.0,2565.5,2574.42,724968.0
1724173200,2574.4,2593.89,2570.04,2589.49,458850.0
1724176800,2589.49,2603.0,2584.68,2590.52,902408.8
1724180400,2590.51,2606.61,2589.0,2601.93,318200.1
1724184000,2601.92,2609.77,2589.4,2590.21,321976.2
1724187600,2590.21,2591.55,2564.16,2584.18,678765.2
1724191200,2584.19,2593.78,2584.0,2587.36,234962.2
1724194800,2587.36,2588.4,2571.3,2572.63,294362.5
1724198400,2572.41,2585.51,2572.08,2576.62,371819.4
1724202000,2576.62,2585.44,2556.03,2584.99,741574.1
1724205600,2585.0,2598.34,2582.7,2590.65,411399.2
1724209200,2590.65,2594.27,2586.35,2591.1,226105.4
1724212800,2591.1,2594.0,2588.0,2592.0,167287.8
1724216400,2592.0,2595.88,2590.43,2592.77,192509.7
1724220000,2592.77,2605.48,2592.3,2600.34,524843.5
1724223600,2600.34,2606.61,2595.4,2600.47,357388.8
1724227200,2600.47,2608.23,2578.01,2584.81,853571.6
1724230800,2584.82,2587.12,2566.0,2581.15,816079.1
1724234400,2581.15,2589.43,2578.36,2588.51,341668.2
1724238000,2588.51,2592.82,2576.35,2577.61,292919.0
1724241600,2577.61,2583.48,2570.62,2578.1,475375.8
1724245200,2578.11,2601.52,2534.5,2594.11,2702098.4
1724248800,2594.03,2617.8,2576.42,2590.2,3707574.5
1724252400,2590.2,2610.0,2585.7,2601.72,951978.8
1724256000,2601.78,2615.0,2591.74,2608.19,772081.9
1724259600,2608.2,2630.4,2600.49,2625.8,918081.5
1724263200,2625.8,2646.0,2621.89,2638.91,1157065.9
1724266800,2638.91,2650.4,2626.33,2646.24,1338464.6
1724270400,2646.21,2665.73,2626.02,2630.4,1015283.3
1724274000,2630.41,2647.63,2623.0,2637.03,449999.0
1724277600,2637.02,2642.0,2630.2,2631.19,322427.0
1724281200,2631.19,2634.18,2619.02,2630.89,537155.3
1724284800,2630.9,2639.86,2628.02,2628.71,405495.9
1724288400,2628.72,2631.35,2620.8,2627.9,413521.9
1724292000,2627.9,2628.29,2582.88,2602.77,1502843.7
1724295600,2602.78,2617.89,2597.6,2616.5,657692.5
1724299200,2616.51,2626.79,2613.53,2626.48,483337.1
1724302800,2626.49,2626.5,2615.56,2619.34,270840.7
1724306400,2619.35,2629.9,2618.0,2627.49,323202.8
1724310000,2627.48,2642.69,2626.25,2636.12,534087.2
1724313600,2636.11,2641.2,2628.99,2634.01,399516.6
1724317200,2634.01,2636.78,2623.28,2623.85,411812.2
1724320800,2623.86,2644.34,2619.19,2640.36,562052.6
1724324400,2640.36,2643.64,2632.0,2641.71,368229.2
1724328000,2641.7,2644.5,2621.44,2625.12,746945.2
1724331600,2625.12,2630.0,2609.56,2620.11,1060504.9
1724335200,2620.12,2620.98,2598.22,2602.35,1260088.4
1724338800,2602.35,2613.54,2590.55,2599.5,864324.6
1724342400,2599.5,2616.97,2597.43,2605.67,761354.6
1724346000,2605.67,2614.56,2601.1,2603.96,431697.6
1724349600,2603.95,2619.71,2601.3,2606.21,491117.8
1724353200,2606.14,2610.89,2597.0,2606.83,277196.4
1724356800,2606.84,2629.59,2606.41,2624.97,581360.8
1724360400,2624.97,2627.3,2616.18,2623.59,240633.0
1724364000,2623.6,2626.46,2619.16,2624.9,184917.4
1724367600,2624.9,2625.14,2617.84,2622.86,159309.9
1724371200,2622.86,2653.33,2621.23,2638.4,945478.3
1724374800,2638.4,2643.23,2631.71,2638.33,390596.8
1724378400,2638.34,2642.2,2632.0,2634.3,265447.2
1724382000,2634.29,2639.49,2633.23,2635.28,205387.3
1724385600,2635.29,2639.95,2634.18,2638.43,202319.0
1724389200,2638.42,2677.7,2638.42,2674.69,1794761.6
1724392800,2674.68,2691.8,2670.5,2681.72,1318629.3
1724396400,2681.72,2684.76,2666.68,2669.6,564381.3
1724400000,2669.6,2676.89,2666.68,2674.4,350808.8
1724403600,2674.4,2680.69,2663.08,2666.66,618953.4
1724407200,2666.66,2672.45,2664.75,2666.09,261653.2
1724410800,2666.1,2668.15,2652.0,2653.49,817660.2
1724414400,2653.5,2670.15,2653.0,2669.19,635523.9
1724418000,2669.19,2669.19,2645.0,2659.94,821278.8
1724421600,2659.94,2699.99,2632.75,2649.91,4469034.1
1724425200,2649.92,2679.84,2647.12,2670.69,1568825.5
1724428800,2670.48,2680.65,2662.12,2678.96,668880.2
1724432400,2678.96,2732.34,2670.2,2727.58,2470001.1
1724436000,2727.58,2741.53,2712.78,2725.56,1812578.0
1724439600,2725.58,2751.91,2719.7,2746.45,1218650.2
1724443200,2746.41,2762.95,2745.33,2752.76,722503.3
1724446800,2752.76,2784.0,2752.4,2772.58,978224.6
1724450400,2772.58,2802.01,2742.03,2759.8,1543986.8
1724454000,2759.81,2769.73,2756.26,2762.99,503338.2
1724457600,2762.99,2770.0,2752.13,2758.42,405003.9
1724461200,2758.41,2758.77,2743.0,2754.0,525997.4
1724464800,2754.0,2761.85,2751.03,2754.39,266673.8
1724468400,2754.39,2755.61,2744.0,2747.3,255553.9
1724472000,2747.3,2751.44,2744.36,2746.59,203700.4
1724475600,2746.58,2756.57,2739.01,2756.41,372176.9
1724479200,2756.4,2766.0,2753.24,2755.32,402712.7
1724482800,2755.33,2762.84,2755.01,2758.7,251268.1
1724486400,2758.7,2778.98,2755.65,2775.97,573090.4
1724490000,2775.96,2785.0,2766.9,2774.59,562942.0
1724493600,2774.59,2778.51,2764.35,2768.2,383858.7
1724497200,2768.21,2771.72,2753.8,2756.42,433298.3
1724500800,2756.42,2765.0,2751.2,2756.84,518524.5
1724504400,2756.84,2764.83,2752.38,2759.6,316743.8
1724508000,2759.6,2764.36,2751.64,2759.78,353893.9
1724511600,2759.77,2763.9,2754.25,2761.24,264405.6
1724515200,2761.4,2820.6,2760.17,2814.3,2234354.6
1724518800,2814.31,2814.43,2778.11,2783.6,1190273.7
1724522400,2783.6,2802.51,2771.02,2784.21,1071325.2
1724526000,2784.21,2801.15,2783.44,2793.03,235342.1
1724529600,2793.03,2807.97,2789.51,2791.44,365037.5
1724533200,2791.44,2792.68,2730.06,2738.99,1181905.0
1724536800,2738.99,2759.77,2737.0,2751.57,617952.0
1724540400,2751.56,2770.79,2751.26,2768.14,309849.2
1724544000,2768.09,2783.0,2753.53,2758.66,666704.1
1724547600,2758.65,2770.95,2748.34,2759.13,615472.8
1724551200,2759.13,2767.4,2756.45,2764.57,251530.3
1724554800,2764.57,2766.0,2755.92,2764.95,313373.5
1724558400,2765.0,2768.75,2755.63,2767.21,241248.2
1724562000,2767.21,2770.7,2760.91,2763.28,261874.7
1724565600,2763.28,2764.25,2752.51,2755.12,372881.0
1724569200,2755.11,2756.69,2733.1,2743.5,1113324.0
1724572800,2743.5,2754.31,2737.48,2751.62,461073.0
1724576400,2751.61,2758.0,2745.2,2755.7,381660.9
1724580000,2755.7,2761.42,2750.27,2753.48,292229.1
1724583600,2753.48,2760.0,2750.55,2751.4,207406.7
1724587200,2751.4,2754.31,2746.15,2753.32,227539.3
1724590800,2753.32,2769.37,2750.09,2763.66,544076.4
1724594400,2763.67,2774.84,2760.0,2765.0,351608.8
1724598000,2765.0,2771.72,2759.08,2763.87,321941.5
1724601600,2763.87,2770.79,2760.01,2763.91,320463.8
1724605200,2763.9,2773.81,2762.49,2771.59,238578.9
1724608800,2771.59,2772.79,2761.12,2764.36,226557.0
1724612400,2764.36,2767.23,2762.85,2766.22,83857.5
1724616000,2766.23,2772.83,2764.58,2769.83,142259.8
1724619600,2769.84,2793.66,2768.92,2779.39,582270.9
1724623200,2779.4,2788.55,2765.43,2770.78,294813.3
1724626800,2770.79,2779.95,2739.08,2746.33,968776.7
1724630400,2746.32,2762.19,2742.92,2754.0,544009.8
1724634000,2754.01,2757.6,2739.79,2746.67,397515.9
1724637600,2746.67,2749.0,2718.12,2741.81,1046322.4
1724641200,2741.82,2746.0,2739.25,2744.41,250989.0
1724644800,2744.4,2752.8,2742.66,2751.31,364400.3
1724648400,2751.35,2751.58,2740.61,2744.0,198596.6
1724652000,2743.99,2747.45,2732.88,2737.99,540821.6
1724655600,2738.0,2743.0,2728.56,2733.51,455819.4
1724659200,2733.51,2743.43,2731.88,2736.76,314870.7
1724662800,2736.75,2740.65,2710.0,2740.01,1071974.8
1724666400,2740.02,2748.77,2736.17,2736.52,523228.5
1724670000,2736.51,2746.42,2734.5,2737.37,288168.1
1724673600,2737.37,2742.48,2718.05,2726.32,718466.7
1724677200,2726.32,2738.4,2715.0,2728.0,957491.7
1724680800,2728.0,2731.32,2705.66,2725.72,1355939.3
1724684400,2725.72,2729.96,2703.15,2721.73,867271.3
1724688000,2721.73,2733.02,2716.0,2726.66,470522.5
1724691600,2726.65,2730.84,2688.0,2695.03,1134004.1
1724695200,2695.03,2704.47,2674.81,2697.79,1274658.7
1724698800,2697.8,2700.91,2678.0,2681.24,547513.8
1724702400,2681.4,2693.6,2670.13,2688.49,596567.1
1724706000,2688.44,2688.99,2666.66,2685.35,485546.9
1724709600,2685.35,2691.88,2683.08,2686.37,270511.2
1724713200,2686.37,2693.23,2677.8,2680.86,245350.1
1724716800,2680.87,2694.53,2672.95,2677.4,571675.3
1724720400,2677.41,2694.45,2676.45,2680.44,623185.8
1724724000,2680.43,2690.14,2671.33,2677.46,423669.0
1724727600,2677.46,2686.4,2667.07,2685.53,512133.4
1724731200,2685.53,2689.59,2680.6,2686.69,327677.4
1724734800,2686.7,2699.99,2686.41,2696.47,545995.4
1724738400,2696.48,2698.59,2673.35,2679.37,687900.2
1724742000,2679.38,2692.87,2678.62,2687.78,393104.8
1724745600,2687.78,2691.92,2675.0,2685.25,433022.0
1724749200,2685.26,2689.0,2669.02,2674.67,657847.1
1724752800,2674.67,2674.67,2635.08,2638.11,1864514.2
1724756400,2638.11,2639.94,2618.05,2627.11,1294028.5
1724760000,2627.1,2629.68,2606.0,2621.99,1277617.0
1724763600,2622.0,2626.54,2603.05,2610.19,1074208.1
1724767200,2610.19,2613.18,2552.01,2586.2,3769176.7
1724770800,2586.2,2595.8,2573.82,2578.93,1409867.3
1724774400,2578.91,2587.95,2564.27,2565.96,1501427.2
1724778000,2565.96,2586.0,2563.28,2585.89,551461.8
1724781600,2585.88,2591.0,2576.32,2585.64,406254.8
1724785200,2585.64,2592.0,2578.68,2584.16,328367.7
1724788800,2584.15,2588.92,2573.3,2581.73,233297.2
1724792400,2581.66,2585.2,2393.59,2490.0,3423595.0
1724796000,2489.99,2490.8,2391.0,2460.03,4594715.5
1724799600,2460.03,2469.85,2451.35,2457.6,861235.0
1724803200,2457.59,2457.6,2427.39,2440.54,1146901.3
1724806800,2440.55,2450.97,2416.81,2442.41,1141922.2
1724810400,2442.39,2464.08,2438.7,2459.45,887900.5
1724814000,2459.46,2480.7,2458.28,2478.01,948435.9
1724817600,2478.12,2485.7,2467.41,2471.92,624621.5
1724821200,2471.91,2485.0,2458.0,2464.33,693258.9
1724824800,2464.34,2470.27,2462.02,2462.61,362533.8
1724828400,2462.61,2466.73,2433.26,2437.55,1187438.9
1724832000,2437.56,2466.72,2427.94,2463.57,1133235.3
1724835600,2463.57,2552.2,2462.23,2540.66,2271405.1
1724839200,2540.66,2544.47,2511.14,2521.21,1661113.8
1724842800,2521.22,2534.86,2517.45,2522.83,575446.3
1724846400,2522.84,2539.74,2521.17,2526.0,599366.3
1724850000,2526.01,2530.0,2480.79,2483.43,1511978.1
1724853600,2483.43,2531.69,2480.94,2503.36,2399431.8
1724857200,2503.32,2504.03,2468.0,2496.2,1474402.8
1724860800,2496.21,2518.93,2456.0,2514.98,2496939.4
1724864400,2514.98,2527.82,2498.38,2501.75,1201172.1
1724868000,2501.75,2540.5,2497.0,2533.29,930552.3
1724871600,2533.29,2546.72,2501.15,2504.75,993626.9
1724875200,2504.81,2554.99,2504.57,2537.19,1443532.6
1724878800,2537.27,2554.97,2528.04,2530.45,613078.7
1724882400,2530.46,2534.84,2516.27,2532.38,426602.4
1724886000,2532.37,2538.46,2522.73,2528.29,291902.1
1724889600,2528.29,2535.42,2518.4,2534.38,476502.8
1724893200,2534.38,2538.0,2515.0,2521.92,473057.3
1724896800,2521.93,2531.4,2511.32,2528.34,406899.6
1724900400,2528.34,2531.72,2520.82,2523.64,227209.5
1724904000,2523.72,2527.54,2518.66,2525.01,229248.0
1724907600,2525.0,2542.83,2523.06,2540.55,468976.7
1724911200,2540.56,2560.0,2536.03,2549.73,956444.4
1724914800,2549.73,2556.4,2544.04,2547.21,385087.7
1724918400,2547.21,2552.0,2539.49,2544.8,398858.9
1724922000,2544.8,2555.32,2541.43,2543.65,395834.3
1724925600,2543.65,2547.94,2536.78,2542.24,349903.8
1724929200,2542.24,2574.67,2539.44,2554.96,1090756.7
1724932800,2554.96,2581.98,2551.73,2572.64,1063401.4
1724936400,2572.63,2578.37,2556.67,2570.98,895998.9
1724940000,2570.99,2579.67,2558.43,2569.6,838835.4
1724943600,2569.49,2596.0,2568.0,2576.06,1321704.6
1724947200,2576.05,2585.79,2561.61,2570.06,904317.2
1724950800,2570.05,2579.98,2564.64,2576.84,517046.7
1724954400,2576.83,2578.5,2510.23,2521.02,2131828.5
1724958000,2521.02,2541.04,2510.83,2528.97,831804.8
1724961600,2528.96,2544.0,2528.01,2540.99,368419.2
1724965200,2541.0,2541.07,2529.27,2530.22,175785.1
1724968800,2530.23,2532.0,2505.81,2523.92,812738.7
1724972400,2523.91,2531.27,2520.4,2527.69,258881.8
1724976000,2527.69,2536.27,2517.32,2523.06,511291.1
1724979600,2523.06,2530.0,2515.28,2525.07,366796.0
1724983200,2525.07,2529.64,2512.0,2515.41,397210.2
1724986800,2515.4,2523.61,2505.06,2517.19,565274.7
1724990400,2517.19,2527.0,2516.68,2519.01,244070.4
1724994000,2519.01,2519.52,2503.0,2511.46,473757.3
1724997600,2511.46,2532.0,2506.37,2527.96,584944.3
1725001200,2527.99,2533.57,2514.0,2517.01,587283.1
1725004800,2517.0,2526.3,2514.5,2521.94,340066.4
1725008400,2521.94,2528.58,2519.35,2524.74,249498.8
1725012000,2524.74,2525.61,2510.36,2517.21,339348.0
1725015600,2517.2,2520.12,2507.32,2512.52,345942.5
1725019200,2512.51,2556.1,2510.07,2524.19,1218223.7
1725022800,2524.2,2531.0,2492.29,2524.93,1116099.3
1725026400,2524.93,2533.51,2462.0,2462.9,2493913.8
1725030000,2462.9,2472.2,2434.68,2448.79,3179415.8
1725033600,2448.79,2464.92,2431.29,2462.38,1468117.3
1725037200,2462.37,2478.0,2454.0,2466.21,604890.0
1725040800,2466.21,2542.98,2465.05,2536.55,2544207.1
1725044400,2536.57,2536.58,2497.13,2507.16,1293540.8
1725048000,2507.07,2519.57,2506.19,2519.41,271512.8
1725051600,2519.27,2522.52,2513.43,2518.52,170762.8
1725055200,2518.53,2529.0,2517.29,2526.09,420328.1
1725058800,2526.09,2530.77,2523.78,2525.99,197426.6
1725062400,2525.99,2534.35,2522.1,2524.1,254031.6
1725066000,2524.1,2531.11,2519.36,2526.02,261857.1
1725069600,2526.02,2527.72,2518.54,2522.97,153613.8
1725073200,2522.99,2527.84,2521.44,2523.83,130333.0
1725076800,2523.83,2529.99,2523.27,2529.4,165926.0
1725080400,2529.4,2529.67,2522.74,2523.65,151207.7
1725084000,2523.61,2528.5,2521.99,2522.99,180682.4
1725087600,2523.0,2524.0,2518.22,2521.29,237231.8
1725091200,2521.29,2524.36,2513.09,2513.62,259003.9
1725094800,2513.62,2520.0,2511.28,2514.3,348853.6
1725098400,2514.3,2529.61,2513.88,2525.89,283848.3
1725102000,2525.9,2530.19,2523.46,2525.79,199460.3
1725105600,2525.8,2527.49,2521.87,2523.69,180399.5
1725109200,2523.7,2528.39,2515.21,2516.09,242399.6
1725112800,2516.07,2526.57,2514.0,2522.6,268803.6
1725116400,2522.6,2523.68,2517.0,2519.5,174365.6
1725120000,2519.5,2520.32,2505.01,2508.5,419318.4
1725123600,2508.47,2511.94,2490.65,2503.59,682181.6
1725127200,2503.69,2510.67,2493.55,2496.05,418001.8
1725130800,2496.02,2501.3,2493.16,2499.63,207085.2
1725134400,2499.73,2508.7,2493.68,2507.52,228817.1
1725138000,2507.51,2530.0,2503.5,2518.37,496226.8
1725141600,2518.37,2522.75,2516.29,2517.38,122398.8
1725145200,2517.39,2519.24,2511.37,2513.37,142196.3
1725148800,2513.21,2516.68,2504.38,2505.95,311738.9
1725152400,2505.94,2509.32,2494.04,2494.21,409413.8
1725156000,2494.21,2496.19,2476.19,2487.65,1026749.6
1725159600,2487.65,2495.83,2485.01,2489.0,280912.2
1725163200,2488.99,2491.21,2477.0,2486.39,357142.5
1725166800,2486.39,2488.5,2458.23,2465.0,1083151.1
1725170400,2465.0,2478.68,2464.05,2476.43,464605.8
1725174000,2476.43,2488.44,2474.18,2486.7,332595.5
1725177600,2486.7,2489.97,2477.77,2480.01,328169.7
1725181200,2480.0,2493.33,2477.09,2484.0,414758.5
1725184800,2484.01,2485.13,2463.0,2465.46,593766.8
1725188400,2465.46,2478.89,2459.33,2477.87,564072.7
1725192000,2477.87,2481.62,2462.19,2467.49,469842.9
1725195600,2467.49,2474.49,2452.46,2472.55,851346.3
1725199200,2472.57,2473.38,2436.77,2455.21,1672667.1
1725202800,2455.2,2489.96,2448.8,2480.91,1052524.4
1725206400,2480.9,2487.0,2466.0,2472.2,798189.7
1725210000,2472.2,2477.7,2457.0,2470.89,455032.9
1725213600,2470.88,2499.65,2468.27,2493.71,784896.7
1725217200,2493.72,2515.65,2491.15,2501.8,691553.8
1725220800,2501.8,2517.38,2500.31,2502.12,320593.8
1725224400,2502.13,2502.99,2472.9,2485.34,648613.8
1725228000,2485.34,2487.58,2400.88,2406.08,2485782.0
1725231600,2406.08,2433.5,2398.3,2425.7,1294285.7
1725235200,2425.68,2455.73,2423.5,2441.45,1150107.7
1725238800,2441.4,2447.4,2431.65,2440.11,437861.7
1725242400,2440.11,2451.77,2431.33,2437.23,496478.7
1725246000,2437.24,2452.05,2436.97,2450.04,470753.8
1725249600,2450.04,2451.0,2435.11,2435.59,421235.3
1725253200,2435.59,2466.58,2435.21,2454.44,746087.8
1725256800,2454.44,2459.13,2445.47,2447.04,472894.6
1725260400,2447.04,2451.69,2433.37,2441.59,598253.4
1725264000,2441.58,2476.48,2438.8,2468.49,1490230.9
1725267600,2468.43,2522.45,2460.91,2516.24,2399513.4
1725271200,2516.05,2539.55,2509.51,2525.0,1986312.6
1725274800,2525.0,2528.52,2515.38,2515.91,511155.2
1725278400,2515.9,2524.6,2510.54,2520.68,552266.9
1725282000,2520.65,2523.6,2504.0,2505.36,650118.4
1725285600,2505.36,2528.88,2492.56,2519.6,1412505.7
1725289200,2519.61,2526.0,2512.8,2513.62,528560.9
1725292800,2513.62,2521.89,2505.59,2511.87,420094.5
1725296400,2511.86,2525.42,2511.51,2523.0,253724.0
1725300000,2523.0,2531.88,2516.01,2524.04,367935.5
1725303600,2524.04,2527.0,2519.16,2524.84,135029.2
1725307200,2524.84,2565.72,2522.38,2554.78,1297182.9
1725310800,2554.98,2564.23,2536.13,2544.58,548459.5
1725314400,2544.58,2548.99,2541.01,2545.09,246881.2
1725318000,2545.01,2547.78,2534.17,2537.88,324537.6
1725321600,2537.89,2540.0,2525.59,2534.9,390406.4
1725325200,2534.9,2544.53,2527.6,2535.81,382109.9
1725328800,2535.8,2553.8,2528.35,2529.22,839343.7
1725332400,2529.22,2530.32,2515.0,2516.34,554602.7
1725336000,2516.34,2522.84,2513.5,2518.67,413747.7
1725339600,2518.68,2526.0,2515.11,2522.56,283013.9
1725343200,2522.58,2522.59,2512.35,2513.42,391392.2
1725346800,2513.42,2524.0,2513.42,2520.43,252522.7
1725350400,2520.43,2521.08,2493.0,2500.05,1003652.4
1725354000,2500.06,2509.27,2498.02,2504.24,433907.5
1725357600,2504.24,2513.33,2499.12,2505.58,485065.1
1725361200,2505.59,2510.86,2501.07,2509.53,243461.1
1725364800,2509.53,2519.52,2506.2,2510.69,465874.8
1725368400,2510.69,2518.0,2458.12,2465.49,2296235.1
1725372000,2465.5,2470.0,2443.2,2446.33,1962784.4
1725375600,2446.33,2457.41,2435.26,2444.27,1199343.8
1725379200,2444.23,2449.33,2437.4,2440.42,901510.2
1725382800,2440.42,2464.7,2438.81,2442.25,803475.9
1725386400,2442.26,2457.22,2435.1,2452.0,621237.9
1725390000,2452.13,2469.96,2446.48,2447.99,683885.7
1725393600,2447.99,2467.29,2447.75,2464.16,513622.7
1725397200,2464.19,2469.84,2449.09,2464.99,417294.8
1725400800,2464.98,2465.97,2453.29,2453.53,227856.3
1725404400,2453.53,2455.19,2410.04,2425.13,1132782.4
1725408000,2425.13,2449.23,2386.39,2396.25,1686846.0
1725411600,2396.26,2396.95,2302.89,2365.82,5956170.9
1725415200,2365.82,2373.07,2355.4,2364.32,812084.0
1725418800,2364.33,2382.22,2363.89,2372.89,713880.0
1725422400,2372.88,2380.31,2365.6,2378.3,423538.6
1725426000,2378.31,2381.55,2363.04,2365.4,710802.4
1725429600,2365.39,2384.86,2365.3,2372.43,627490.6
1725433200,2372.42,2415.0,2370.13,2401.35,1297953.9
1725436800,2401.46,2410.75,2395.6,2401.31,716883.6
1725440400,2401.32,2405.19,2391.4,2393.19,560936.3
1725444000,2393.19,2403.16,2387.23,2389.42,712529.9
1725447600,2389.43,2403.62,2389.24,2399.26,437627.0
1725451200,2399.27,2414.4,2395.28,2403.54,710730.2
1725454800,2403.54,2410.13,2395.0,2405.26,877454.0
1725458400,2405.26,2450.95,2392.24,2438.12,3111217.0
1725462000,2438.12,2459.12,2426.34,2455.41,1795246.5
1725465600,2455.4,2491.41,2449.83,2477.73,1940579.8
1725469200,2477.73,2478.52,2448.12,2449.52,918185.5
1725472800,2449.52,2457.86,2438.69,2442.35,691124.4
1725476400,2442.37,2455.85,2440.32,2452.21,305129.4
1725480000,2452.2,2459.82,2445.74,2455.06,321098.2
1725483600,2455.04,2465.97,2450.75,2462.7,157766.5
1725487200,2462.7,2469.95,2458.5,2462.8,310462.9
1725490800,2462.8,2464.89,2442.52,2450.39,435200.0
1725494400,2450.39,2461.99,2447.01,2454.51,379341.6
1725498000,2454.52,2466.01,2451.56,2457.94,341699.7
1725501600,2457.93,2459.99,2445.0,2446.59,478907.9
1725505200,2446.58,2446.58,2403.6,2405.86,1854810.3
1725508800,2405.86,2419.33,2401.83,2414.63,617773.9
1725512400,2414.62,2415.38,2402.31,2409.99,476922.4
1725516000,2409.85,2410.65,2375.8,2399.13,1583956.1
1725519600,2399.14,2417.67,2397.46,2412.66,775537.2
1725523200,2412.66,2416.63,2398.32,2407.42,520681.2
1725526800,2407.42,2407.52,2385.32,2392.23,899390.4
1725530400,2392.22,2396.5,2382.0,2390.95,574738.5
1725534000,2390.95,2396.0,2386.9,2389.93,345119.8
1725537600,2389.94,2399.95,2376.36,2390.49,1356038.7
1725541200,2390.48,2416.0,2385.56,2402.51,1351117.8
1725544800,2402.5,2415.79,2361.54,2376.8,2588115.9
1725548400,2376.8,2385.66,2355.24,2371.02,1885934.3
1725552000,2371.01,2378.69,2367.14,2375.3,664599.4
1725555600,2375.3,2394.27,2371.5,2394.21,821320.9
1725559200,2394.2,2396.48,2387.32,2389.54,261773.1
1725562800,2389.51,2390.39,2347.36,2363.47,1175721.3
1725566400,2363.41,2378.4,2362.32,2367.59,340238.9
1725570000,2367.48,2377.29,2350.0,2371.82,527579.4
1725573600,2371.82,2375.0,2355.0,2371.66,342521.7
1725577200,2371.68,2373.19,2363.76,2368.92,184342.1
1725580800,2368.91,2376.8,2357.34,2372.05,519917.6
1725584400,2372.04,2401.9,2363.72,2391.87,1134375.1
1725588000,2391.87,2408.89,2390.0,2402.97,758075.6
1725591600,2402.97,2403.39,2392.11,2392.82,335632.3
1725595200,2392.82,2397.76,2385.2,2386.21,363726.6
1725598800,2386.21,2389.71,2376.41,2384.6,539762.2
1725602400,2384.61,2386.49,2372.46,2379.69,475525.8
1725606000,2379.69,2380.01,2320.09,2344.25,2803515.8
1725609600,2344.25,2357.94,2337.56,2349.95,889624.7
1725613200,2349.95,2359.6,2345.55,2358.17,459565.2
1725616800,2358.19,2377.81,2356.2,2367.58,856788.9
1725620400,2367.58,2379.88,2365.03,2373.28,564943.2
1725624000,2373.27,2409.96,2353.04,2399.99,3260107.9
1725627600,2399.99,2401.2,2354.57,2363.05,2135687.3
1725631200,2363.05,2367.0,2311.25,2327.43,3815973.7
1725634800,2327.47,2339.87,2263.22,2290.14,3957067.3
1725638400,2290.13,2293.6,2250.29,2266.3,3400245.5
1725642000,2266.23,2278.41,2222.15,2245.24,2661585.8
1725645600,2245.23,2248.54,2207.5,2209.12,1777466.6
1725649200,2209.12,2245.89,2206.25,2222.11,2158389.3
1725652800,2222.09,2229.84,2165.53,2169.64,3574647.6
1725656400,2169.7,2220.39,2149.34,2217.8,2051407.6
1725660000,2217.8,2222.89,2207.12,2209.2,516056.2
1725663600,2209.19,2226.43,2208.76,2225.21,540309.9
1725667200,2225.2,2242.96,2224.07,2233.4,739053.7
1725670800,2233.39,2237.29,2221.49,2227.1,438809.7
1725674400,2227.1,2240.39,2222.82,2233.11,416131.0
1725678000,2233.11,2241.8,2233.0,2238.0,341160.6
1725681600,2238.01,2251.39,2237.3,2250.61,462383.4
1725685200,2250.61,2276.0,2246.22,2264.8,1216631.6
1725688800,2264.8,2284.43,2259.18,2277.3,745294.6
1725692400,2277.3,2294.38,2274.52,2288.15,889201.3
1725696000,2288.15,2300.81,2275.0,2296.36,1243941.1
1725699600,2296.36,2297.54,2277.98,2281.93,620526.5
1725703200,2281.94,2290.9,2281.83,2282.44,277821.2
1725706800,2282.44,2290.65,2280.05,2283.94,287477.0
1725710400,2283.94,2297.46,2283.94,2290.31,367540.8
1725714000,2290.32,2298.76,2282.0,2291.3,560056.6
1725717600,2291.3,2298.0,2288.52,2294.77,346683.3
1725721200,2294.78,2311.7,2291.6,2300.57,968530.3
1725724800,2300.58,2304.94,2283.0,2289.13,804045.7
1725728400,2289.13,2292.5,2262.3,2272.42,950213.6
1725732000,2272.4,2287.95,2267.02,2282.75,463372.2
1725735600,2282.74,2295.0,2279.73,2290.13,292997.5
1725739200,2290.13,2291.25,2270.72,2270.86,387926.2
1725742800,2270.86,2274.57,2255.0,2265.18,499118.3
1725746400,2265.17,2271.59,2262.0,2265.02,303330.6
1725750000,2265.02,2276.55,2258.42,2273.71,319684.2
1725753600,2273.7,2275.72,2263.1,2269.72,327391.6
1725757200,2269.73,2282.08,2269.25,2280.45,354662.3
1725760800,2280.45,2289.46,2279.83,2284.2,424063.1
1725764400,2284.2,2287.22,2279.77,2286.0,172500.4
1725768000,2285.99,2305.95,2285.19,2297.72,551921.8
1725771600,2297.72,2300.0,2283.51,2285.04,472677.1
1725775200,2285.05,2289.27,2284.26,2287.1,206532.3
1725778800,2287.1,2300.0,2287.1,2294.94,566466.9
1725782400,2294.93,2298.64,2287.5,2296.76,332251.1
1725786000,2296.76,2311.55,2294.45,2295.03,806501.8
1725789600,2295.22,2309.53,2295.1,2304.14,467357.5
1725793200,2304.13,2306.82,2293.13,2296.2,405160.4
1725796800,2296.11,2299.4,2271.01,2277.27,1197966.2
1725800400,2277.28,2286.72,2266.46,2284.26,942664.7
1725804000,2284.25,2285.38,2266.8,2268.01,662588.9
1725807600,2268.01,2272.0,2239.22,2245.43,1610830.2
1725811200,2245.43,2261.2,2242.68,2250.64,846031.8
1725814800,2250.63,2283.49,2249.77,2281.8,1032495.1
1725818400,2281.81,2283.62,2270.82,2275.75,396542.7
1725822000,2275.75,2278.34,2269.23,2272.0,148360.5
1725825600,2271.99,2276.95,2266.82,2276.58,219292.0
1725829200,2276.58,2290.6,2274.29,2280.43,425941.3
1725832800,2280.42,2334.11,2277.89,2293.54,2360421.5
1725836400,2293.54,2307.41,2288.94,2297.44,695276.1
1725840000,2297.43,2312.88,2286.76,2307.98,785981.0
1725843600,2307.97,2321.37,2297.0,2311.28,924203.7
1725847200,2311.29,2311.78,2297.45,2307.1,388747.4
1725850800,2307.11,2307.82,2289.08,2304.46,630796.9
1725854400,2304.47,2307.92,2295.15,2297.24,415783.2
1725858000,2297.24,2299.79,2282.8,2288.6,789496.0
1725861600,2288.6,2306.69,2286.82,2305.59,734996.3
1725865200,2305.6,2316.79,2299.0,2313.96,667874.1
1725868800,2313.95,2331.0,2313.14,2326.49,1071458.7
1725872400,2326.5,2339.64,2313.41,2317.01,1281327.7
1725876000,2316.95,2326.5,2309.1,2319.69,724179.0
1725879600,2319.69,2320.99,2311.78,2315.41,342954.1
1725883200,2315.41,2316.45,2299.3,2312.98,940343.4
1725886800,2312.98,2325.96,2306.0,2321.0,1084280.3
1725890400,2321.0,2322.3,2276.29,2278.89,2233139.6
1725894000,2278.89,2297.45,2272.23,2292.55,1210868.1
1725897600,2292.56,2347.84,2290.86,2342.09,3544814.1
1725901200,2342.1,2352.85,2333.37,2342.0,1088334.6
1725904800,2341.99,2344.62,2324.12,2332.69,963929.6
1725908400,2332.64,2354.4,2328.41,2350.85,625541.0
1725912000,2350.8,2351.74,2336.95,2341.0,346160.7
1725915600,2341.0,2383.33,2339.98,2368.38,1542213.3
1725919200,2368.37,2376.41,2355.23,2357.36,416311.0
1725922800,2357.36,2366.67,2355.11,2359.01,343013.2
1725926400,2359.01,2360.35,2339.23,2349.0,836590.6
1725930000,2349.0,2351.06,2335.2,2343.0,558041.5
1725933600,2343.01,2348.53,2337.6,2345.49,405039.2
1725937200,2345.49,2347.62,2340.5,2341.19,364275.5
1725940800,2341.19,2346.65,2329.72,2338.13,492532.0
1725944400,2338.12,2350.78,2336.6,2350.03,489158.3
1725948000,2350.04,2350.04,2340.0,2343.99,212361.2
1725951600,2344.0,2367.53,2341.29,2363.59,1121060.5
1725955200,2363.6,2372.95,2352.3,2354.91,948921.0
1725958800,2354.91,2356.61,2343.2,2349.11,765398.6
1725962400,2349.11,2352.71,2338.36,2350.53,596413.7
1725966000,2350.52,2353.0,2343.97,2350.58,297095.9
1725969600,2350.58,2364.46,2349.23,2349.3,676281.3
1725973200,2349.3,2349.99,2330.0,2331.81,1417147.0
1725976800,2331.8,2348.02,2320.02,2337.0,1541003.3
1725980400,2336.99,2353.19,2323.97,2324.82,887650.3
1725984000,2324.81,2342.89,2324.07,2337.57,572076.5
1725987600,2337.58,2364.53,2337.57,2351.19,912396.9
1725991200,2351.2,2392.79,2349.0,2369.49,1458425.6
1725994800,2369.49,2387.35,2358.03,2381.01,909744.0
1725998400,2381.02,2396.4,2373.29,2378.52,835783.9
1726002000,2378.51,2385.0,2372.4,2374.93,350806.0
1726005600,2374.92,2391.84,2372.34,2391.02,511323.5
1726009200,2391.02,2401.0,2384.74,2388.62,575988.5
1726012800,2388.62,2389.57,2374.46,2377.38,502203.1
1726016400,2377.38,2381.89,2338.6,2350.66,1626162.1
1726020000,2350.65,2369.39,2348.48,2353.4,909799.0
1726023600,2353.41,2355.4,2344.0,2348.21,571774.2
1726027200,2348.2,2348.21,2318.12,2334.01,1232505.7
1726030800,2334.01,2334.6,2319.35,2326.75,564276.1
1726034400,2326.74,2339.0,2323.06,2331.28,570197.8
1726038000,2331.4,2344.2,2331.05,2341.54,429467.1
1726041600,2341.53,2341.95,2322.1,2322.71,582169.6
1726045200,2322.71,2335.93,2320.4,2330.43,731786.9
1726048800,2330.44,2330.72,2306.0,2316.61,1119438.0
1726052400,2316.61,2331.81,2316.61,2327.8,530580.8
1726056000,2327.8,2338.0,2311.5,2334.49,1602477.1
1726059600,2334.49,2355.85,2283.0,2288.01,3302400.8
1726063200,2288.0,2312.32,2277.0,2310.51,2301576.4
1726066800,2310.51,2337.93,2302.88,2326.38,2151764.2
1726070400,2326.37,2353.9,2324.91,2346.68,1369817.0
1726074000,2346.68,2370.0,2345.39,2357.41,1421860.9
1726077600,2357.4,2360.19,2328.8,2337.57,1167554.8
1726081200,2337.31,2344.69,2330.0,2340.37,491915.8
1726084800,2340.37,2351.4,2339.35,2347.65,352800.5
1726088400,2347.66,2351.89,2339.52,2342.82,235893.7
1726092000,2342.83,2345.68,2332.07,2339.98,324823.7
1726095600,2339.99,2345.0,2337.26,2340.57,307070.3
1726099200,2340.55,2365.55,2339.56,2352.24,982447.1
1726102800,2352.23,2377.98,2352.23,2373.16,625754.8
1726106400,2373.17,2392.81,2359.95,2363.02,1360986.8
1726110000,2363.02,2373.33,2362.9,2367.92,380937.4
1726113600,2367.93,2379.82,2362.35,2365.32,483113.2
1726117200,2365.32,2371.0,2350.11,2356.51,742721.3
1726120800,2356.5,2365.54,2352.84,2359.07,660053.4
1726124400,2359.08,2367.17,2355.24,2359.93,379767.1
1726128000,2359.92,2366.79,2357.75,2359.52,333217.9
1726131600,2359.53,2361.69,2350.05,2352.35,320893.3
1726135200,2352.34,2355.83,2344.49,2345.01,416532.9
1726138800,2345.0,2353.46,2343.35,2348.53,438794.2
1726142400,2348.54,2353.97,2336.68,2343.22,887397.9
1726146000,2343.22,2359.1,2334.0,2341.29,1025765.0
1726149600,2341.3,2367.59,2327.04,2327.82,2066540.1
1726153200,2327.82,2337.88,2314.5,2322.93,1626712.8
1726156800,2322.93,2341.3,2322.09,2339.13,677212.0
1726160400,2339.13,2350.45,2336.58,2349.59,664976.2
1726164000,2349.6,2359.58,2338.63,2347.6,829135.6
1726167600,2347.53,2362.38,2345.83,2361.54,715107.5
1726171200,2361.53,2361.54,2350.36,2352.3,207653.9
1726174800,2352.31,2359.65,2341.32,2349.39,490471.9
1726178400,2349.39,2374.19,2348.71,2361.51,601050.4
1726182000,2361.51,2366.43,2357.19,2362.12,266733.9
1726185600,2362.12,2364.28,2357.22,2358.2,262995.7
1726189200,2358.19,2364.97,2350.42,2359.29,398887.0
1726192800,2359.3,2360.86,2353.48,2356.5,178841.3
1726196400,2356.5,2361.69,2356.0,2356.51,222865.1
1726200000,2356.5,2359.5,2347.5,2347.99,311343.4
1726203600,2347.99,2352.44,2344.88,2349.05,365327.9
1726207200,2349.04,2349.75,2337.37,2338.13,460603.0
1726210800,2338.13,2349.99,2337.43,2349.1,381923.8
1726214400,2349.15,2351.45,2343.0,2343.0,273599.8
1726218000,2343.0,2359.0,2341.69,2352.25,495686.0
1726221600,2352.25,2371.45,2351.56,2371.44,593455.5
1726225200,2371.47,2376.55,2350.66,2354.62,1000939.5
1726228800,2354.61,2360.5,2342.0,2352.32,997041.5
1726232400,2352.31,2361.54,2345.1,2355.45,653365.0
1726236000,2355.46,2370.95,2344.64,2366.86,1701822.1
1726239600,2366.86,2412.79,2363.68,2407.99,3142179.1
1726243200,2407.98,2419.99,2395.67,2407.37,1338907.7
1726246800,2407.38,2427.81,2406.16,2410.87,1059145.3
1726250400,2410.88,2428.8,2406.75,2421.67,964670.4
1726254000,2421.66,2428.87,2411.78,2421.51,698550.1
1726257600,2421.51,2427.32,2413.2,2422.19,358097.3
1726261200,2422.19,2467.98,2421.75,2447.37,1607077.8
1726264800,2447.37,2458.99,2442.67,2446.99,526077.8
1726268400,2447.0,2447.88,2438.2,2439.69,376190.4
1726272000,2439.69,2441.0,2425.58,2428.63,425050.6
1726275600,2428.65,2437.2,2422.32,2424.1,546459.7
1726279200,2424.1,2430.49,2424.0,2425.41,251569.5
1726282800,2425.41,2435.68,2425.4,2433.1,238658.2
1726286400,2433.11,2434.0,2426.03,2426.24,216530.0
1726290000,2426.25,2427.63,2415.32,2415.32,381923.6
1726293600,2415.33,2422.5,2414.0,2419.84,369580.7
1726297200,2419.84,2425.0,2417.27,2421.0,311604.2
1726300800,2421.0,2422.93,2412.51,2416.5,283626.2
1726304400,2416.49,2421.19,2414.58,2420.63,210186.0
1726308000,2420.64,2420.64,2410.61,2414.0,304219.9
1726311600,2414.01,2418.0,2408.69,2417.67,510129.5
1726315200,2417.66,2424.38,2414.74,2420.95,460712.9
1726318800,2420.94,2421.77,2412.64,2417.27,289420.6
1726322400,2417.27,2424.21,2415.2,2420.39,274546.6
1726326000,2420.32,2423.22,2415.64,2419.02,205198.6
1726329600,2419.01,2422.0,2415.65,2418.84,189011.1
1726333200,2418.85,2418.85,2411.23,2415.0,186297.1
1726336800,2415.0,2415.0,2375.0,2407.76,1918961.5
1726340400,2407.76,2413.26,2404.1,2409.27,240431.9
1726344000,2409.27,2423.96,2407.12,2416.6,396229.7
1726347600,2416.6,2419.72,2413.4,2417.21,144415.8
1726351200,2417.21,2420.0,2411.14,2417.27,177169.3
1726354800,2417.27,2419.71,2414.96,2418.29,114292.3
1726358400,2418.28,2423.5,2416.83,2419.82,165846.1
1726362000,2419.82,2432.41,2419.82,2425.41,443413.6
1726365600,2425.4,2428.48,2419.78,2426.01,206591.7
1726369200,2426.0,2426.6,2420.29,2420.8,177049.0
1726372800,2420.8,2422.67,2414.12,2417.16,244800.0
1726376400,2417.16,2421.78,2417.16,2419.0,118093.4
1726380000,2419.01,2422.0,2419.0,2421.69,102965.6
1726383600,2421.7,2424.61,2420.0,2423.17,154676.5
1726387200,2423.16,2423.5,2412.89,2415.57,340158.7
1726390800,2415.58,2416.45,2410.21,2412.83,213123.6
1726394400,2412.84,2414.41,2403.04,2409.88,442848.1
1726398000,2409.88,2409.9,2401.51,2407.3,282973.9
1726401600,2407.29,2413.23,2405.16,2411.27,239818.2
1726405200,2411.27,2419.26,2406.22,2410.56,624223.0
1726408800,2410.55,2413.0,2395.25,2411.59,634953.3
1726412400,2411.59,2415.67,2405.8,2408.49,381813.4
1726416000,2408.49,2408.99,2386.56,2387.83,954350.7
1726419600,2387.8,2392.49,2375.62,2383.39,1124292.8
1726423200,2383.38,2389.2,2362.07,2380.66,1212655.5
1726426800,2380.66,2388.0,2370.12,2372.18,438697.3
1726430400,2372.18,2372.19,2355.64,2363.5,689909.5
1726434000,2363.51,2363.84,2335.89,2353.65,1087642.1
1726437600,2353.58,2353.67,2341.92,2346.55,367881.3
1726441200,2346.5,2346.5,2280.0,2316.31,2928425.2
1726444800,2316.34,2322.67,2291.6,2300.19,1238259.0
1726448400,2300.19,2304.09,2260.02,2277.64,2012164.9
1726452000,2277.67,2282.66,2252.0,2261.62,1269880.7
1726455600,2261.62,2279.2,2259.91,2278.5,899561.4
1726459200,2278.5,2283.0,2276.36,2281.43,436323.6
1726462800,2281.42,2295.94,2280.77,2292.99,744480.4
1726466400,2292.99,2301.54,2289.65,2291.54,487723.8
1726470000,2291.54,2313.99,2289.5,2310.37,700186.4
1726473600,2310.36,2336.0,2307.46,2316.02,1305608.9
1726477200,2316.02,2319.97,2286.86,2292.01,1105774.3
1726480800,2292.01,2306.25,2289.5,2303.8,617361.0
1726484400,2303.79,2309.98,2299.53,2308.32,361290.7
1726488000,2308.33,2313.17,2293.4,2302.01,878919.1
1726491600,2302.0,2307.43,2280.56,2303.02,1297030.0
1726495200,2303.01,2305.92,2267.0,2278.3,1643633.3
1726498800,2278.3,2297.42,2276.89,2287.78,815448.3
1726502400,2287.78,2296.9,2284.12,2287.16,777462.9
1726506000,2287.17,2311.43,2268.55,2305.74,1697787.7
1726509600,2305.74,2306.39,2281.61,2290.24,846185.2
1726513200,2290.24,2292.41,2272.08,2275.35,368654.4
1726516800,2275.34,2288.55,2267.12,2274.76,611148.9
1726520400,2274.68,2291.49,2270.59,2291.49,251892.2
1726524000,2291.5,2291.8,2282.22,2284.68,144658.5
1726527600,2284.68,2301.95,2284.68,2295.6,313223.5
1726531200,2295.61,2299.21,2272.63,2272.64,489688.1
1726534800,2272.64,2281.57,2263.0,2275.49,776505.5
1726538400,2275.49,2289.45,2274.33,2287.13,480386.6
1726542000,2287.12,2288.57,2281.69,2283.87,236002.2
1726545600,2283.87,2290.69,2282.07,2288.9,224999.7
1726549200,2288.9,2306.61,2287.64,2301.45,585879.8
1726552800,2301.46,2304.58,2296.4,2299.57,384528.2
1726556400,2299.58,2310.9,2295.67,2309.0,443445.1
1726560000,2309.0,2317.28,2306.0,2309.95,482621.1
1726563600,2309.95,2320.75,2302.08,2313.8,648654.7
1726567200,2313.8,2319.16,2308.63,2317.23,549782.0
1726570800,2317.23,2323.86,2306.49,2308.17,515916.1
1726574400,2308.17,2322.2,2307.0,2318.89,623455.3
1726578000,2318.89,2330.0,2302.76,2306.77,1379445.9
1726581600,2306.73,2364.84,2305.99,2346.45,3313988.3
1726585200,2346.45,2394.44,2346.21,2384.0,2803771.1
1726588800,2383.99,2390.37,2361.55,2368.41,1267079.6
1726592400,2368.55,2377.0,2362.22,2367.65,539300.1
1726596000,2367.65,2371.34,2338.62,2350.12,972103.7
1726599600,2350.12,2358.0,2327.35,2353.23,1150611.2
1726603200,2353.22,2361.98,2343.35,2344.0,733488.5
1726606800,2344.01,2351.85,2344.01,2347.83,269151.7
1726610400,2347.83,2348.22,2334.1,2337.99,363545.1
1726614000,2337.99,2342.78,2328.41,2342.11,345517.7
1726617600,2342.11,2342.12,2309.03,2323.89,1122411.5
1726621200,2323.89,2333.0,2313.28,2324.98,560581.6
1726624800,2324.99,2334.27,2322.97,2331.44,485718.1
1726628400,2331.44,2343.25,2330.8,2335.01,523302.2
1726632000,2335.01,2336.41,2318.25,2324.16,542118.6
1726635600,2324.16,2324.16,2312.5,2321.4,407684.9
1726639200,2321.4,2333.0,2320.11,2329.46,487248.2
1726642800,2329.46,2335.28,2328.05,2330.0,328758.0
1726646400,2330.01,2330.01,2318.0,2321.48,481650.7
1726650000,2321.47,2321.47,2291.29,2294.38,1128728.0
1726653600,2294.38,2308.93,2276.22,2304.83,1809076.5
1726657200,2304.83,2309.8,2299.25,2300.38,414003.1
1726660800,2300.37,2314.81,2296.0,2310.81,627729.4
1726664400,2310.81,2318.67,2287.26,2295.3,1077576.0
1726668000,2295.3,2307.33,2288.0,2299.44,864605.7
1726671600,2299.43,2311.82,2288.1,2296.3,751584.5
1726675200,2296.29,2308.33,2288.0,2304.79,800632.3
1726678800,2304.86,2318.58,2290.71,2309.55,911021.8
1726682400,2309.38,2366.31,2301.86,2335.1,4640762.0
1726686000,2335.11,2339.5,2308.88,2315.07,1753128.7
1726689600,2315.07,2329.0,2288.54,2325.81,1062406.1
1726693200,2325.81,2345.0,2324.77,2331.48,513326.3
1726696800,2331.47,2345.93,2331.27,2339.85,332517.8
1726700400,2339.85,2376.95,2339.85,2375.16,923029.3
1726704000,2375.18,2409.94,2372.73,2398.93,2094376.1
1726707600,2398.92,2401.74,2374.19,2390.92,1362134.4
1726711200,2390.94,2402.49,2384.2,2400.69,536591.1
1726714800,2400.7,2413.69,2397.86,2403.99,771625.0
1726718400,2404.0,2419.22,2399.49,2416.84,705284.5
1726722000,2416.84,2424.24,2407.0,2412.34,662326.5
1726725600,2412.33,2421.15,2405.0,2417.29,549254.9
1726729200,2417.29,2443.81,2414.32,2437.88,1386886.8
1726732800,2437.89,2442.46,2430.04,2431.3,770523.8
1726736400,2431.3,2441.84,2428.52,2430.71,514075.5
1726740000,2430.71,2439.39,2425.3,2425.61,567465.0
1726743600,2425.62,2437.93,2423.05,2435.25,470347.6
1726747200,2435.25,2453.65,2428.0,2436.0,1507896.9
1726750800,2436.0,2450.96,2420.5,2432.69,1290276.7
1726754400,2432.81,2441.35,2421.69,2426.32,1116014.9
1726758000,2426.31,2441.59,2422.0,2440.36,685209.4
1726761600,2440.36,2484.85,2433.33,2472.75,2651969.3
1726765200,2472.74,2482.0,2455.0,2476.24,1514302.2
1726768800,2476.24,2496.32,2472.0,2475.4,1172313.8
1726772400,2475.4,2475.91,2460.47,2461.18,607259.8
1726776000,2461.17,2471.26,2455.43,2465.14,327337.5
1726779600,2465.15,2471.81,2460.0,2461.78,232206.4
1726783200,2461.77,2475.22,2451.0,2472.53,781932.0
1726786800,2472.54,2479.0,2462.62,2465.41,340987.2
1726790400,2465.41,2467.69,2446.38,2447.49,927259.1
1726794000,2447.49,2458.0,2437.0,2454.59,899371.7
1726797600,2454.59,2458.56,2445.09,2456.04,331925.7
1726801200,2456.03,2522.8,2454.5,2521.04,1853275.0
1726804800,2521.04,2547.99,2516.83,2538.51,2926789.4
1726808400,2538.52,2557.79,2537.16,2543.9,1466351.9
1726812000,2543.92,2564.93,2537.58,2563.61,1169536.0
1726815600,2563.61,2572.96,2551.23,2560.74,1296554.5
1726819200,2560.79,2565.0,2539.24,2546.02,1366245.5
1726822800,2546.02,2553.91,2542.22,2543.01,560644.3
1726826400,2543.01,2555.76,2540.68,2555.17,482732.8
1726830000,2555.17,2555.49,2539.98,2545.23,575056.9
1726833600,2545.23,2559.99,2543.3,2554.0,780494.0
1726837200,2553.99,2556.31,2523.0,2528.29,1758319.9
1726840800,2528.26,2571.32,2516.13,2546.71,2517337.0
1726844400,2546.71,2562.6,2523.0,2560.45,1442626.6
1726848000,2560.48,2569.48,2541.61,2547.4,1226399.3
1726851600,2547.4,2551.78,2531.19,2537.17,654860.8
1726855200,2537.07,2546.9,2525.12,2543.28,652088.0
1726858800,2543.27,2550.13,2540.01,2541.24,304863.3
1726862400,2541.24,2547.8,2538.59,2541.16,156608.0
1726866000,2541.16,2554.2,2540.34,2545.95,309039.1
1726869600,2545.95,2555.99,2545.1,2550.95,189383.3
1726873200,2550.96,2562.73,2545.21,2561.68,372944.8
1726876800,2561.69,2588.0,2553.82,2568.11,1351828.1
1726880400,2568.11,2573.55,2541.38,2543.91,824453.1
1726884000,2543.91,2548.79,2531.9,2542.35,600428.6
1726887600,2542.36,2549.9,2541.17,2544.06,346629.5
1726891200,2544.03,2545.96,2529.17,2538.01,561238.9
1726894800,2538.01,2546.62,2535.64,2545.0,270631.9
1726898400,2544.99,2553.57,2543.02,2547.68,438535.3
1726902000,2547.69,2559.0,2547.0,2556.01,356249.2
1726905600,2556.01,2557.58,2548.0,2549.17,234733.2
1726909200,2549.16,2553.45,2546.07,2553.16,199465.6
1726912800,2553.16,2553.91,2544.36,2546.85,192530.2
1726916400,2546.85,2557.69,2545.5,2556.76,272478.3
1726920000,2556.76,2562.8,2551.55,2562.2,302323.1
1726923600,2562.2,2577.99,2556.03,2570.54,782532.6
1726927200,2570.51,2575.5,2562.25,2567.25,571472.6
1726930800,2567.25,2567.54,2550.0,2559.76,570245.2
1726934400,2559.76,2566.92,2556.0,2559.95,341349.4
1726938000,2559.96,2572.96,2559.96,2569.5,477760.8
1726941600,2569.51,2571.93,2566.27,2569.85,173271.1
1726945200,2569.85,2578.95,2568.81,2571.99,309522.4
1726948800,2571.99,2572.27,2564.53,2565.8,135558.0
1726952400,2565.8,2567.2,2560.23,2561.65,155463.1
1726956000,2561.64,2576.8,2560.11,2576.25,268624.9
1726959600,2576.24,2627.12,2573.62,2613.46,2019635.8
1726963200,2613.46,2636.0,2605.24,2621.43,1410935.1
1726966800,2621.43,2621.99,2600.21,2601.18,580088.4
1726970400,2601.18,2604.24,2588.02,2594.67,915880.7
1726974000,2594.66,2620.5,2592.16,2595.0,768120.6
1726977600,2595.0,2604.5,2594.13,2598.47,355119.7
1726981200,2598.48,2599.26,2578.44,2581.91,867682.6
1726984800,2581.91,2590.67,2575.7,2580.59,462311.4
1726988400,2580.6,2588.3,2579.5,2588.0,229711.2
1726992000,2587.99,2596.1,2585.67,2595.26,374162.3
1726995600,2595.27,2595.3,2572.03,2579.74,715327.3
1726999200,2579.74,2582.7,2568.44,2580.48,486614.7
1727002800,2580.47,2585.19,2573.0,2581.0,421534.5
1727006400,2581.04,2586.01,2575.0,2581.45,286137.9
1727010000,2581.44,2588.27,2566.14,2571.3,658974.9
1727013600,2571.3,2575.35,2552.4,2564.36,1231178.4
1727017200,2564.36,2576.35,2562.2,2570.77,460807.3
1727020800,2570.77,2575.58,2552.5,2571.76,849445.0
1727024400,2571.76,2593.0,2570.55,2585.49,675534.8
1727028000,2585.49,2586.25,2573.03,2576.69,313864.8
1727031600,2576.69,2583.6,2562.99,2578.36,357378.6
1727035200,2578.36,2582.91,2571.3,2572.99,301490.5
1727038800,2573.0,2579.89,2543.71,2547.24,509519.3
1727042400,2547.24,2594.62,2523.69,2589.59,2055067.1
1727046000,2589.59,2593.67,2573.67,2581.13,683010.5
1727049600,2581.13,2604.01,2539.04,2594.01,2009890.1
1727053200,2594.01,2620.0,2588.43,2613.81,1388876.2
1727056800,2613.82,2644.0,2609.0,2635.82,1604469.5
1727060400,2635.82,2689.97,2632.54,2677.0,2672755.1
1727064000,2676.99,2681.81,2657.38,2664.55,1024864.5
1727067600,2664.55,2666.34,2653.15,2657.93,597830.0
1727071200,2657.93,2662.14,2652.12,2655.01,456540.3
1727074800,2655.02,2656.82,2636.57,2646.64,1035977.8
1727078400,2646.64,2648.5,2636.81,2645.94,590158.6
1727082000,2645.93,2662.79,2645.93,2656.5,697039.7
1727085600,2656.51,2657.5,2633.32,2649.46,744948.7
1727089200,2649.46,2653.52,2637.37,2646.47,501311.9
1727092800,2646.47,2652.55,2640.26,2646.32,455051.3
1727096400,2646.32,2651.8,2630.66,2643.5,1196053.9
1727100000,2643.5,2675.15,2641.12,2660.46,1970467.8
1727103600,2660.43,2686.0,2648.55,2675.78,1358758.9
1727107200,2675.78,2704.62,2660.0,2663.78,2337499.1
1727110800,2663.78,2671.44,2658.08,2668.98,680602.5
1727114400,2668.97,2693.73,2664.53,2680.01,718895.9
1727118000,2680.01,2683.6,2669.33,2673.48,450872.7
1727121600,2673.56,2683.15,2661.2,2661.96,404296.2
1727125200,2661.96,2667.47,2645.05,2656.81,661167.2
1727128800,2656.81,2657.29,2645.56,2646.65,353394.1
1727132400,2646.65,2654.4,2640.0,2647.55,405578.5
1727136000,2647.56,2652.0,2622.3,2628.66,1274782.4
1727139600,2628.67,2644.8,2616.53,2628.05,905882.5
1727143200,2628.01,2631.07,2610.01,2622.5,986532.8
1727146800,2622.49,2631.44,2618.3,2628.07,465518.2
1727150400,2628.07,2628.78,2619.28,2623.36,305590.5
1727154000,2623.37,2634.32,2622.77,2632.39,294601.1
1727157600,2632.39,2647.63,2632.1,2640.58,590650.5
1727161200,2640.59,2649.61,2637.43,2646.99,506136.0
1727164800,2647.0,2667.98,2643.2,2661.0,1111904.5
1727168400,2661.01,2662.79,2643.73,2645.3,635683.1
1727172000,2645.28,2654.83,2643.24,2647.83,338258.9
1727175600,2647.84,2648.74,2634.87,2637.5,676794.5
1727179200,2637.5,2647.0,2631.81,2633.26,673493.9
1727182800,2633.26,2647.0,2630.0,2634.51,840555.4
1727186400,2634.51,2634.81,2591.44,2613.22,3238047.0
1727190000,2613.21,2619.59,2605.95,2613.08,738316.6
1727193600,2613.07,2636.0,2611.22,2627.58,828550.6
1727197200,2627.58,2657.6,2626.0,2648.08,1236336.5
1727200800,2648.06,2652.37,2633.26,2638.64,583243.7
1727204400,2638.64,2655.74,2636.4,2650.2,561833.8
1727208000,2650.37,2660.0,2640.2,2650.57,875301.9
1727211600,2650.5,2655.8,2640.12,2647.75,297761.3
1727215200,2647.76,2672.41,2647.76,2666.44,887640.0
1727218800,2666.45,2669.19,2651.42,2653.59,452051.7
1727222400,2653.59,2657.31,2631.0,2639.32,900779.3
1727226000,2639.32,2674.85,2636.72,2649.32,1122120.1
1727229600,2649.32,2657.76,2641.0,2647.72,619062.5
1727233200,2647.73,2647.73,2640.0,2646.61,354578.7
1727236800,2646.77,2647.0,2624.28,2625.0,749369.7
1727240400,2625.01,2631.75,2620.04,2624.31,643384.0
1727244000,2624.31,2626.03,2610.23,2618.14,1073432.7
1727247600,2618.13,2627.81,2612.58,2622.03,525120.6
1727251200,2622.02,2628.4,2620.81,2625.72,332112.2
1727254800,2625.71,2630.82,2620.55,2621.91,441957.2
1727258400,2621.91,2631.8,2614.28,2623.5,661654.2
1727262000,2623.5,2628.53,2615.0,2627.88,467690.6
1727265600,2627.87,2628.0,2618.18,2618.22,229394.3
1727269200,2618.23,2623.61,2603.71,2617.81,936830.8
1727272800,2617.81,2629.63,2616.16,2626.82,752289.0
1727276400,2626.83,2629.22,2595.0,2600.82,1143031.2
1727280000,2600.82,2609.83,2592.01,2600.2,883580.5
1727283600,2600.2,2604.71,2564.18,2575.88,1884175.3
1727287200,2575.87,2584.55,2573.6,2582.76,466041.5
1727290800,2582.75,2589.19,2568.12,2571.31,450211.0
1727294400,2571.06,2583.37,2570.62,2581.5,240922.9
1727298000,2581.5,2585.18,2577.74,2581.53,146786.9
1727301600,2581.52,2582.7,2554.0,2572.59,771321.2
1727305200,2572.59,2583.63,2567.22,2580.9,608015.4
1727308800,2580.9,2590.0,2559.25,2571.77,792390.8
1727312400,2571.78,2588.45,2560.0,2586.46,1161542.2
1727316000,2586.45,2601.0,2585.69,2597.59,840944.7
1727319600,2597.59,2608.0,2593.58,2602.5,541405.1
1727323200,2602.5,2605.33,2591.41,2596.21,422495.0
1727326800,2596.21,2616.77,2592.62,2613.19,675477.7
1727330400,2613.2,2619.94,2611.74,2616.87,427129.8
1727334000,2616.87,2635.43,2614.2,2629.39,708801.4
1727337600,2629.4,2632.75,2616.44,2619.99,499473.6
1727341200,2619.99,2627.38,2612.18,2619.99,542594.5
1727344800,2619.99,2639.8,2617.0,2630.68,937397.6
1727348400,2630.68,2632.5,2622.55,2629.07,480661.2
1727352000,2629.08,2640.68,2623.5,2630.39,754046.8
1727355600,2630.39,2635.42,2613.2,2621.22,805864.5
1727359200,2621.32,2654.99,2613.63,2613.8,2448441.2
1727362800,2613.8,2664.04,2606.05,2652.09,2238261.5
1727366400,2652.1,2665.78,2642.68,2650.72,929544.9
1727370000,2650.72,2666.95,2628.0,2630.33,1067998.0
1727373600,2630.32,2660.0,2626.61,2660.0,609769.0
1727377200,2659.99,2660.61,2646.7,2649.19,400317.4
1727380800,2649.01,2655.19,2628.6,2630.94,671592.4
1727384400,2630.92,2648.71,2630.0,2638.5,401068.4
1727388000,2638.5,2646.41,2633.51,2638.0,226874.9
1727391600,2637.99,2638.0,2617.0,2632.0,633471.0
1727395200,2632.0,2641.9,2625.04,2641.3,465403.1
1727398800,2641.31,2644.95,2621.36,2625.99,480348.0
1727402400,2626.0,2630.47,2617.09,2619.36,421822.9
1727406000,2619.37,2641.76,2614.53,2638.92,651062.1
1727409600,2638.92,2650.37,2637.55,2645.84,728270.9
1727413200,2645.84,2656.0,2636.55,2653.91,578055.7
1727416800,2653.74,2669.86,2652.25,2656.31,1120670.1
1727420400,2656.32,2662.66,2652.02,2656.91,497207.8
1727424000,2656.91,2678.31,2654.99,2666.99,1006040.5
1727427600,2667.0,2673.88,2655.05,2662.53,571825.3
1727431200,2662.54,2664.0,2640.97,2641.47,923043.0
1727434800,2641.48,2654.87,2641.47,2652.0,511116.6
1727438400,2652.0,2665.34,2645.1,2658.96,748811.4
1727442000,2658.97,2664.03,2642.25,2662.87,697418.6
1727445600,2662.87,2697.47,2657.74,2682.2,2366960.3
1727449200,2682.15,2700.0,2680.0,2683.72,1135754.3
1727452800,2683.71,2728.99,2678.14,2718.34,1983949.3
1727456400,2718.34,2721.48,2685.79,2703.2,1225652.2
1727460000,2703.2,2705.45,2686.69,2700.1,452451.8
1727463600,2700.11,2709.49,2693.0,2701.75,490689.9
1727467200,2701.73,2704.45,2690.0,2693.91,262009.1
1727470800,2693.92,2698.4,2690.01,2694.07,138844.9
1727474400,2694.07,2708.8,2691.32,2705.47,224504.0
1727478000,2705.47,2708.34,2694.44,2694.88,195298.7
1727481600,2694.88,2700.78,2690.3,2696.86,259509.2
1727485200,2696.86,2699.0,2691.31,2697.94,158043.1
1727488800,2697.93,2705.04,2688.11,2700.41,467499.0
1727492400,2700.4,2703.57,2688.27,2691.07,369914.0
1727496000,2691.08,2700.93,2687.73,2692.94,334572.6
1727499600,2692.94,2695.0,2683.1,2683.54,343314.6
1727503200,2683.55,2687.64,2675.03,2679.51,583102.4
1727506800,2679.51,2684.3,2675.65,2678.41,244940.1
1727510400,2678.41,2679.19,2663.95,2666.43,636899.4
1727514000,2666.44,2671.58,2650.0,2670.35,998874.2
1727517600,2670.34,2677.34,2667.0,2675.95,346339.1
1727521200,2675.96,2677.67,2670.39,2675.68,242357.5
1727524800,2675.68,2676.0,2655.47,2659.25,644607.3
1727528400,2659.24,2664.91,2652.6,2659.91,471835.9
1727532000,2659.92,2676.2,2659.92,2673.82,526582.9
1727535600,2673.82,2673.99,2667.3,2670.37,211433.9
1727539200,2670.37,2672.45,2662.2,2665.23,299220.8
1727542800,2665.24,2684.97,2663.56,2676.24,536283.1
1727546400,2676.24,2684.92,2675.09,2675.59,258124.4
1727550000,2675.6,2680.48,2675.04,2678.32,105738.4
1727553600,2678.32,2680.34,2672.99,2675.53,121396.1
1727557200,2675.52,2677.0,2655.04,2671.41,399716.0
1727560800,2671.41,2682.0,2665.28,2674.92,311410.0
1727564400,2674.93,2680.72,2669.0,2675.49,249950.2
1727568000,2675.49,2682.48,2663.44,2668.49,481639.2
1727571600,2668.49,2675.99,2665.2,2675.78,225544.5
1727575200,2675.79,2684.0,2672.75,2675.0,451296.8
1727578800,2675.0,2676.61,2667.0,2674.73,246872.1
1727582400,2674.73,2674.85,2666.6,2671.13,210364.9
1727586000,2671.13,2674.95,2663.03,2666.01,314020.2
1727589600,2666.01,2668.95,2648.02,2651.03,782708.4
1727593200,2651.04,2655.0,2635.0,2641.11,957659.3
1727596800,2641.1,2649.51,2634.15,2648.1,582173.5
1727600400,2648.1,2653.3,2646.6,2647.84,383483.3
1727604000,2647.81,2649.0,2638.51,2647.43,315931.2
1727607600,2647.43,2655.9,2645.42,2653.1,341250.2
1727611200,2653.1,2659.49,2644.59,2646.59,467959.6
1727614800,2646.59,2659.79,2641.23,2656.3,521627.4
1727618400,2656.3,2657.19,2648.12,2653.19,251694.5
1727622000,2653.19,2669.98,2651.85,2666.33,767241.7
1727625600,2666.33,2668.4,2650.12,2664.4,843190.3
1727629200,2664.41,2672.48,2661.3,2663.0,398049.1
1727632800,2663.01,2666.11,2660.24,2663.73,149575.4
1727636400,2663.74,2668.0,2663.36,2667.01,98869.9
1727640000,2667.01,2674.32,2658.28,2661.0,349580.4
1727643600,2661.0,2669.0,2660.2,2667.39,149242.6
1727647200,2667.39,2672.48,2654.84,2655.59,497009.2
1727650800,2655.59,2662.86,2647.31,2657.96,543128.2
1727654400,2657.96,2663.99,2625.0,2649.17,1424018.8
1727658000,2649.17,2656.41,2612.71,2615.48,1690648.4
1727661600,2615.49,2622.66,2600.53,2613.36,1279694.4
1727665200,2613.37,2631.99,2605.68,2629.65,924675.0
1727668800,2629.65,2630.69,2623.0,2628.3,320886.0
1727672400,2628.31,2637.48,2626.0,2636.01,346770.1
1727676000,2636.01,2643.66,2629.0,2629.54,617312.4
1727679600,2629.55,2643.64,2629.5,2637.82,446897.6
1727683200,2637.82,2643.4,2626.02,2641.09,947067.9
1727686800,2641.09,2642.33,2606.28,2606.96,1375424.3
1727690400,2606.96,2615.24,2591.03,2605.95,1690608.6
1727694000,2605.95,2634.51,2601.8,2629.46,1269893.1
1727697600,2629.46,2636.5,2627.18,2633.87,573660.6
1727701200,2633.86,2639.23,2623.12,2625.57,724592.4
1727704800,2625.5,2629.96,2607.44,2611.51,1124483.1
1727708400,2611.51,2623.98,2593.03,2596.39,1021654.3
1727712000,2596.4,2610.5,2590.05,2603.94,781587.7
1727715600,2603.98,2609.0,2591.15,2609.0,517998.1
1727719200,2609.0,2609.6,2573.74,2589.0,1315057.1
1727722800,2589.0,2602.0,2583.62,2595.39,526960.4
1727726400,2595.4,2617.6,2593.25,2614.61,547334.0
1727730000,2614.69,2616.25,2600.11,2610.88,425357.6
1727733600,2610.89,2615.0,2601.56,2602.67,419328.9
1727737200,2602.69,2610.34,2576.41,2602.63,1169627.6
1727740800,2602.63,2624.6,2591.62,2619.17,1033432.0
1727744400,2619.15,2630.0,2616.64,2621.72,686891.1
1727748000,2621.73,2621.73,2608.07,2619.78,504359.3
1727751600,2619.79,2633.69,2617.38,2629.94,647496.0
1727755200,2629.95,2648.88,2627.35,2644.4,929935.5
1727758800,2644.41,2645.55,2635.8,2639.72,358425.8
1727762400,2639.73,2659.94,2639.57,2656.45,687637.2
1727766000,2656.46,2657.69,2642.77,2645.25,557429.3
1727769600,2645.25,2646.93,2635.1,2640.62,525708.8
1727773200,2640.6,2645.0,2634.38,2635.56,365196.7
1727776800,2635.56,2639.89,2632.11,2638.23,354379.5
1727780400,2638.22,2639.53,2629.01,2629.05,327133.3
1727784000,2629.05,2633.65,2620.0,2622.16,679280.8
1727787600,2622.15,2623.12,2566.48,2581.1,2968397.7
1727791200,2581.1,2591.74,2535.0,2549.59,3751020.3
1727794800,2549.61,2552.0,2480.01,2524.71,5072137.9
1727798400,2524.71,2531.7,2482.6,2509.79,2709534.2
1727802000,2509.67,2513.21,2425.53,2506.13,4878490.3
1727805600,2506.13,2519.97,2491.93,2502.28,1457356.0
1727809200,2502.24,2506.9,2486.37,2488.69,777795.5
1727812800,2488.74,2492.89,2412.46,2451.39,3484457.6
1727816400,2451.38,2475.74,2444.52,2471.94,756577.4
1727820000,2471.82,2472.16,2446.16,2454.42,697164.1
1727823600,2454.44,2457.48,2440.01,2447.79,583190.3
1727827200,2447.79,2467.85,2442.11,2463.99,818215.0
1727830800,2463.99,2482.57,2460.83,2480.9,612836.4
1727834400,2480.9,2499.81,2475.2,2492.58,804378.6
1727838000,2492.58,2497.13,2483.49,2489.63,565491.5
1727841600,2489.64,2490.2,2475.06,2486.9,776058.1
1727845200,2486.9,2492.05,2472.3,2478.0,428410.9
1727848800,2478.0,2490.16,2466.48,2485.88,726067.4
1727852400,2485.89,2492.99,2475.2,2481.96,523763.1
1727856000,2481.96,2487.23,2476.0,2480.76,271850.1
1727859600,2480.75,2481.99,2446.8,2453.0,1164605.4
1727863200,2452.97,2471.03,2448.62,2450.88,810609.7
1727866800,2451.0,2465.83,2442.0,2455.09,923847.8
1727870400,2455.09,2461.68,2433.12,2435.69,1259688.7
1727874000,2435.69,2456.77,2418.13,2450.65,2310014.4
1727877600,2450.65,2459.76,2431.14,2434.29,1699803.1
1727881200,2434.29,2463.74,2433.33,2460.3,944757.2
1727884800,2460.31,2478.69,2452.05,2452.9,1065402.5
1727888400,2452.9,2454.27,2433.05,2446.59,831124.3
1727892000,2446.58,2446.98,2388.07,2389.41,2491172.0
1727895600,2389.42,2400.13,2367.24,2371.62,2248177.4
1727899200,2371.63,2392.87,2359.69,2385.99,1428040.0
1727902800,2386.0,2387.29,2363.85,2378.53,666633.5
1727906400,2378.54,2382.36,2351.28,2381.88,897096.4
1727910000,2381.89,2382.77,2360.2,2364.0,615843.2
1727913600,2364.0,2382.83,2353.0,2372.29,1141371.8
1727917200,2372.29,2393.32,2371.95,2384.62,897080.0
1727920800,2384.62,2397.84,2381.67,2391.59,492461.9
1727924400,2391.6,2399.64,2384.8,2399.2,412061.0
1727928000,2399.19,2403.36,2391.59,2397.49,432082.2
1727931600,2397.49,2399.21,2380.42,2383.91,600608.8
1727935200,2383.9,2393.44,2379.46,2388.82,352750.3
1727938800,2388.82,2392.71,2359.25,2365.01,915227.3
1727942400,2365.0,2367.78,2326.32,2337.46,2564507.9
1727946000,2337.47,2354.28,2318.05,2352.99,1588721.1
1727949600,2352.99,2370.0,2348.24,2368.65,852519.7
1727953200,2368.66,2370.7,2346.85,2352.43,777372.6
1727956800,2352.43,2357.88,2336.76,2352.0,1078027.4
1727960400,2352.0,2357.88,2324.16,2347.12,2014765.4
1727964000,2347.11,2366.43,2315.0,2317.42,2861723.1
1727967600,2317.43,2346.61,2308.8,2340.36,2252615.3
1727971200,2340.37,2343.88,2310.88,2325.13,1442421.3
1727974800,2325.12,2349.79,2315.88,2343.65,1096414.1
1727978400,2343.65,2351.88,2337.47,2344.13,409950.6
1727982000,2344.13,2354.3,2338.0,2353.27,386170.0
1727985600,2353.28,2355.0,2337.61,2342.07,425200.9
1727989200,2342.08,2354.0,2332.2,2350.37,359063.4
1727992800,2350.37,2355.0,2343.0,2352.01,330997.9
1727996400,2352.01,2358.12,2344.65,2349.61,343124.4
1728000000,2349.62,2352.95,2339.0,2340.14,588107.4
1728003600,2340.13,2379.65,2339.68,2377.41,1452497.3
1728007200,2377.42,2379.93,2366.4,2370.2,610337.8
1728010800,2370.2,2371.57,2361.0,2367.12,392811.2
1728014400,2367.11,2380.87,2365.65,2374.0,588855.7
1728018000,2374.0,2385.0,2371.93,2382.92,388503.6
1728021600,2382.92,2387.36,2374.23,2375.0,440549.4
1728025200,2375.01,2386.24,2371.0,2381.47,502158.3
1728028800,2381.48,2393.47,2377.77,2381.21,722090.6
1728032400,2381.21,2387.78,2374.08,2376.79,476036.8
1728036000,2376.78,2380.53,2373.8,2375.07,314786.9
1728039600,2375.08,2386.67,2374.08,2385.84,304341.3
1728043200,2385.8,2399.68,2373.96,2396.79,1586128.7
1728046800,2396.79,2399.58,2376.04,2378.48,1100676.4
1728050400,2378.48,2383.22,2352.0,2366.77,1803383.2
1728054000,2366.76,2418.59,2366.58,2417.53,2533648.3
1728057600,2417.53,2442.48,2413.61,2433.99,1945845.4
1728061200,2433.99,2437.5,2409.0,2415.36,887329.7
1728064800,2415.37,2432.42,2410.17,2432.42,542599.4
1728068400,2432.41,2436.29,2423.65,2429.39,398766.0
1728072000,2429.4,2431.99,2421.73,2429.44,263501.5
1728075600,2429.44,2431.43,2422.07,2424.66,135030.5
1728079200,2424.66,2428.37,2417.28,2421.09,200186.2
1728082800,2421.08,2421.96,2412.48,2414.69,238059.5
1728086400,2414.7,2425.37,2412.8,2425.37,287131.5
1728090000,2425.36,2428.76,2415.0,2418.0,288910.9
1728093600,2418.0,2418.96,2400.51,2401.45,556373.0
1728097200,2401.45,2403.79,2389.0,2399.5,850174.4
1728100800,2399.5,2409.48,2397.05,2405.4,359992.7
1728104400,2405.4,2418.04,2404.82,2418.02,392336.6
1728108000,2418.03,2427.69,2413.08,2424.36,436135.6
1728111600,2424.36,2426.43,2415.07,2415.19,423243.3
1728115200,2415.19,2422.0,2415.0,2419.74,240468.7
1728118800,2419.73,2429.0,2418.62,2424.95,299891.1
1728122400,2424.95,2427.4,2416.81,2419.2,263430.7
1728126000,2419.2,2422.2,2416.83,2417.54,151971.3
1728129600,2417.54,2423.4,2416.92,2423.21,194686.4
1728133200,2423.22,2424.68,2407.26,2409.9,526620.4
1728136800,2409.9,2419.32,2404.5,2414.17,691428.1
1728140400,2414.17,2417.53,2406.38,2415.15,296010.7
1728144000,2415.16,2416.5,2402.44,2404.9,343180.6
1728147600,2404.9,2411.16,2402.13,2410.71,204193.2
1728151200,2410.7,2412.22,2396.04,2402.72,412422.3
1728154800,2402.72,2402.72,2393.0,2397.05,226649.8
1728158400,2397.05,2400.63,2390.04,2392.86,280455.5
1728162000,2392.86,2409.6,2392.46,2403.36,266728.0
1728165600,2403.37,2420.0,2402.99,2418.46,455203.8
1728169200,2418.47,2419.97,2411.29,2414.81,192748.2
1728172800,2414.82,2416.29,2407.12,2410.61,216502.5
1728176400,2410.61,2423.38,2408.87,2421.29,388545.0
1728180000,2421.3,2423.0,2414.4,2416.69,224293.3
1728183600,2416.69,2422.2,2413.08,2413.75,238241.9
1728187200,2413.76,2420.84,2410.24,2415.49,259121.5
1728190800,2415.49,2418.4,2411.51,2417.03,262668.4
1728194400,2417.04,2421.68,2413.6,2416.14,249575.5
1728198000,2416.14,2419.82,2416.14,2417.2,122367.6
1728201600,2417.19,2426.8,2415.58,2421.01,375429.9
1728205200,2421.01,2428.6,2420.31,2422.29,279378.7
1728208800,2422.29,2422.7,2419.12,2420.22,170280.8
1728212400,2420.23,2430.97,2419.5,2426.57,432916.5
1728216000,2426.58,2434.0,2424.66,2429.37,385069.4
1728219600,2429.37,2437.8,2428.79,2430.81,390599.5
1728223200,2430.81,2458.0,2426.54,2453.09,1290207.7
1728226800,2453.09,2455.4,2439.24,2446.72,649088.9
1728230400,2446.72,2453.0,2436.17,2436.88,565746.3
1728234000,2436.9,2443.92,2435.5,2441.69,226840.7
1728237600,2441.69,2450.0,2440.0,2445.95,373087.2
1728241200,2445.96,2452.78,2438.76,2441.51,299963.6
1728244800,2441.52,2444.39,2437.45,2438.62,159052.2
1728248400,2438.63,2442.9,2415.2,2417.74,722841.1
1728252000,2417.75,2432.36,2417.18,2431.97,325664.8
1728255600,2431.92,2445.0,2431.85,2440.02,495425.2
1728259200,2440.01,2490.99,2435.12,2489.25,1949854.6
1728262800,2489.24,2499.99,2483.62,2497.19,1012688.8
1728266400,2497.19,2513.81,2495.81,2505.38,1237551.2
1728270000,2505.38,2512.39,2488.17,2495.92,797073.7
1728273600,2495.97,2499.21,2486.61,2487.9,383814.9
1728277200,2487.9,2494.0,2482.11,2485.41,393992.0
1728280800,2485.41,2491.86,2483.2,2490.5,312036.1
1728284400,2490.5,2492.48,2476.99,2480.46,548836.6
1728288000,2480.46,2489.64,2479.36,2482.51,435042.8
1728291600,2482.5,2482.6,2447.68,2458.44,1864754.3
1728295200,2458.45,2458.54,2437.08,2449.2,1040619.2
1728298800,2449.19,2476.98,2438.51,2476.2,1305185.5
1728302400,2476.21,2477.0,2462.54,2465.76,690615.3
1728306000,2465.75,2485.68,2463.2,2475.49,1022748.1
1728309600,2475.49,2522.16,2475.01,2499.01,2518351.0
1728313200,2499.0,2500.54,2471.2,2474.35,1325086.9
1728316800,2474.34,2479.66,2457.92,2478.7,1075175.6
1728320400,2478.7,2481.7,2466.75,2476.66,354075.9
1728324000,2476.66,2477.11,2420.0,2425.2,1823520.7
1728327600,2425.21,2449.6,2424.29,2445.61,927559.4
1728331200,2445.61,2448.85,2437.69,2442.08,281382.4
1728334800,2442.08,2457.77,2440.83,2454.83,397267.7
1728338400,2454.83,2457.74,2411.03,2416.2,887625.5
1728342000,2416.21,2434.35,2403.0,2422.48,1261830.9
1728345600,2422.47,2439.64,2422.47,2437.23,436422.8
1728349200,2437.23,2440.95,2426.45,2435.4,482464.6
1728352800,2435.4,2448.5,2423.3,2446.2,568892.8
1728356400,2446.1,2448.86,2436.28,2438.63,322097.3
1728360000,2438.63,2446.0,2433.17,2437.52,410219.5
1728363600,2437.52,2439.0,2419.0,2428.03,932722.1
1728367200,2428.02,2439.65,2415.33,2435.36,890731.5
1728370800,2435.37,2435.95,2410.0,2428.55,890399.1
1728374400,2428.55,2431.67,2421.0,2426.68,366253.8
1728378000,2426.68,2437.4,2417.14,2433.0,554632.9
1728381600,2433.0,2435.71,2427.41,2430.01,292795.4
1728385200,2430.0,2441.8,2428.34,2439.25,337140.8
1728388800,2439.26,2442.46,2426.13,2428.56,449353.2
1728392400,2428.56,2450.16,2419.22,2448.3,1509990.2
1728396000,2448.31,2453.33,2412.74,2434.99,1951311.4
1728399600,2435.0,2442.0,2400.8,2419.4,1697147.8
1728403200,2419.4,2451.0,2411.05,2445.92,1376462.3
1728406800,2445.92,2445.92,2426.16,2442.84,931915.0
1728410400,2442.85,2456.8,2426.8,2436.8,1241116.4
1728414000,2436.8,2444.32,2423.65,2440.56,456030.9
1728417600,2440.58,2445.36,2434.68,2443.68,190773.8
1728421200,2443.69,2467.44,2440.6,2456.68,473027.8
1728424800,2456.68,2460.45,2438.64,2441.16,516427.0
1728428400,2441.16,2445.8,2433.6,2440.59,347147.5
1728432000,2440.6,2444.3,2427.0,2438.66,502326.0
1728435600,2438.65,2474.64,2435.0,2462.61,1468680.7
1728439200,2462.6,2463.35,2447.8,2448.06,590445.8
1728442800,2448.0,2454.67,2440.64,2447.1,590362.5
1728446400,2447.05,2448.48,2440.0,2445.58,376896.9
1728450000,2445.58,2452.3,2442.98,2451.13,333969.3
1728453600,2451.13,2453.05,2442.11,2444.02,269320.0
1728457200,2444.01,2444.01,2430.65,2435.89,599294.7
1728460800,2435.88,2440.0,2429.15,2431.08,438226.9
1728464400,2431.07,2438.88,2427.49,2437.67,475838.3
1728468000,2437.67,2437.68,2429.34,2434.89,267853.4
1728471600,2434.89,2443.06,2432.61,2442.36,397341.0
1728475200,2442.36,2446.84,2425.54,2435.0,856634.7
1728478800,2435.01,2438.2,2423.0,2429.5,978032.9
1728482400,2429.42,2443.45,2425.0,2436.89,878803.0
1728486000,2436.89,2472.39,2435.66,2461.32,1769000.9
1728489600,2461.32,2462.66,2430.68,2434.39,1296120.7
1728493200,2434.38,2440.74,2428.67,2434.32,448513.6
1728496800,2434.32,2437.66,2408.22,2415.24,1282499.9
1728500400,2415.24,2422.19,2407.08,2418.49,549508.7
1728504000,2418.49,2418.49,2352.52,2356.3,2217675.9
1728507600,2356.29,2380.95,2351.0,2378.4,841120.2
1728511200,2378.39,2381.57,2366.64,2373.95,492430.9
1728514800,2373.95,2377.0,2363.8,2370.7,405297.7
1728518400,2370.7,2383.88,2367.07,2376.04,615353.7
1728522000,2376.05,2400.92,2375.12,2392.04,907538.3
1728525600,2392.04,2400.5,2391.82,2394.86,591100.7
1728529200,2394.85,2398.92,2393.04,2395.44,285647.0
1728532800,2395.45,2399.4,2391.2,2395.01,300699.5
1728536400,2395.0,2411.71,2392.67,2406.0,682961.2
1728540000,2406.01,2409.94,2400.37,2408.43,427956.0
1728543600,2408.43,2408.52,2394.24,2395.57,405622.0
1728547200,2395.57,2397.71,2380.3,2381.98,728207.5
1728550800,2381.99,2388.32,2368.5,2387.04,958468.0
1728554400,2387.05,2401.7,2387.04,2397.0,627179.2
1728558000,2397.0,2408.81,2395.0,2406.41,551848.0
1728561600,2406.41,2409.36,2378.31,2387.89,1661083.1
1728565200,2387.89,2397.41,2373.38,2382.88,1289965.6
1728568800,2382.89,2388.5,2370.19,2381.88,1044295.8
1728572400,2381.88,2405.88,2377.12,2404.98,1075222.0
1728576000,2404.99,2421.77,2390.4,2392.74,1691826.9
1728579600,2392.74,2398.1,2364.64,2373.0,1547022.1
1728583200,2373.01,2374.58,2330.11,2357.56,2768964.6
1728586800,2357.57,2370.39,2350.73,2367.16,585425.3
1728590400,2367.16,2377.67,2358.4,2369.35,613095.9
1728594000,2369.33,2387.11,2362.02,2387.01,467727.4
1728597600,2387.01,2387.68,2371.17,2377.78,520918.3
1728601200,2377.79,2386.99,2377.62,2386.23,331048.9
1728604800,2386.22,2391.26,2382.01,2386.59,507933.7
1728608400,2386.6,2416.4,2382.22,2407.35,1014810.8
1728612000,2407.36,2411.0,2394.6,2400.19,821585.9
1728615600,2400.19,2417.57,2400.19,2411.24,612473.0
1728619200,2411.25,2416.29,2405.44,2409.24,355128.5
1728622800,2409.23,2413.99,2403.28,2406.37,323410.9
1728626400,2406.37,2419.58,2405.0,2411.58,414423.6
1728630000,2411.59,2415.59,2405.12,2407.34,343216.5
1728633600,2407.32,2410.0,2403.11,2403.31,322908.6
1728637200,2403.31,2418.84,2402.68,2414.6,594871.0
1728640800,2414.61,2427.12,2411.0,2414.99,911955.4
1728644400,2414.98,2422.97,2412.1,2417.89,455704.2
1728648000,2417.9,2429.07,2414.53,2425.66,772382.8
1728651600,2425.66,2439.3,2416.76,2431.49,1332370.8
1728655200,2431.48,2440.0,2425.89,2432.68,985014.7
1728658800,2432.68,2454.4,2432.27,2443.9,1663401.0
1728662400,2443.9,2450.0,2435.1,2438.48,863290.5
1728666000,2438.49,2453.83,2433.55,2450.01,663224.7
1728669600,2450.0,2450.8,2440.0,2446.21,501090.9
1728673200,2446.22,2472.0,2445.22,2459.7,1114568.7
1728676800,2459.65,2462.57,2450.93,2457.09,297245.7
1728680400,2457.09,2461.4,2449.17,2449.98,295868.7
1728684000,2449.97,2452.41,2436.41,2439.55,744908.4
1728687600,2439.54,2444.72,2433.81,2439.49,396531.6
1728691200,2439.48,2448.84,2435.57,2444.0,430625.9
1728694800,2444.0,2451.36,2442.22,2444.52,360546.4
1728698400,2444.52,2444.99,2435.17,2436.72,279204.5
1728702000,2436.73,2441.5,2434.17,2438.99,341488.7
1728705600,2438.99,2452.89,2438.99,2445.56,387498.3
1728709200,2445.56,2448.6,2442.6,2447.44,208876.1
1728712800,2447.45,2449.0,2445.23,2446.6,210249.4
1728716400,2446.6,2447.64,2442.61,2446.54,204259.0
1728720000,2446.54,2446.79,2442.33,2445.53,194866.0
1728723600,2445.52,2446.81,2443.28,2445.45,138059.1
1728727200,2445.44,2458.82,2443.5,2455.81,604487.7
1728730800,2455.8,2468.91,2450.65,2452.58,902069.0
1728734400,2452.58,2459.99,2448.43,2457.98,402534.5
1728738000,2457.97,2462.4,2455.76,2461.52,290411.2
1728741600,2461.53,2479.99,2458.0,2471.43,973872.4
1728745200,2471.43,2484.84,2465.0,2473.48,1074201.2
1728748800,2473.47,2487.42,2469.6,2470.0,722411.8
1728752400,2470.0,2481.29,2468.57,2475.8,275603.9
1728756000,2475.8,2481.77,2467.56,2469.71,315743.1
1728759600,2469.71,2474.4,2466.71,2472.51,153180.9
1728763200,2472.5,2473.49,2468.76,2470.32,121220.8
1728766800,2470.31,2480.0,2470.09,2479.85,156771.0
1728770400,2479.8,2491.71,2476.12,2487.58,393390.2
1728774000,2487.57,2488.74,2476.6,2476.61,219538.5
1728777600,2476.61,2485.49,2475.42,2477.16,263279.8
1728781200,2477.15,2477.16,2461.76,2467.79,558534.2
1728784800,2467.8,2470.89,2464.8,2470.0,251229.5
1728788400,2470.0,2470.77,2453.0,2457.99,609107.3
1728792000,2457.99,2464.43,2457.24,2463.4,201752.4
1728795600,2463.41,2469.0,2462.51,2463.62,217861.1
1728799200,2463.62,2469.2,2463.26,2465.01,218693.8
1728802800,2465.02,2467.32,2460.01,2465.05,203127.9
1728806400,2465.05,2471.98,2460.74,2463.12,299247.6
1728810000,2463.12,2468.39,2462.68,2467.56,140029.9
1728813600,2467.57,2471.31,2462.79,2463.16,240906.5
1728817200,2463.16,2466.78,2457.7,2458.51,365903.2
1728820800,2458.51,2468.0,2458.16,2465.8,266580.8
1728824400,2465.8,2470.75,2462.77,2464.68,196470.8
1728828000,2464.68,2464.68,2444.65,2447.27,978175.4
1728831600,2447.28,2452.62,2436.61,2440.67,1003744.7
1728835200,2440.68,2460.0,2438.0,2455.47,802224.8
1728838800,2455.47,2462.9,2440.68,2446.33,637281.0
1728842400,2446.34,2454.26,2440.0,2444.79,384132.1
1728846000,2444.79,2459.88,2444.79,2458.49,251318.8
1728849600,2458.49,2461.33,2453.07,2461.07,146045.8
1728853200,2461.08,2470.57,2457.79,2465.31,418498.4
1728856800,2465.31,2485.0,2463.5,2467.2,701793.7
1728860400,2467.2,2469.93,2460.8,2469.16,226365.9
1728864000,2469.16,2470.11,2449.31,2453.0,643318.7
1728867600,2453.01,2464.71,2450.16,2452.6,402988.5
1728871200,2452.6,2453.0,2443.06,2452.6,527241.5
1728874800,2452.59,2526.57,2451.41,2521.26,3070193.7
1728878400,2521.26,2549.77,2520.97,2542.51,2113037.2
1728882000,2542.51,2544.5,2511.5,2532.22,1750061.3
1728885600,2532.24,2540.0,2525.11,2528.39,601947.9
1728889200,2528.39,2542.0,2516.11,2535.79,1833010.9
1728892800,2535.79,2545.99,2522.38,2525.27,807550.4
1728896400,2525.27,2538.97,2520.1,2534.0,654386.4
1728900000,2534.01,2546.73,2530.63,2540.53,745577.8
1728903600,2540.54,2547.44,2535.4,2538.07,492604.7
1728907200,2538.07,2564.0,2534.77,2555.1,1443485.9
1728910800,2555.1,2576.0,2546.58,2568.99,1726381.0
1728914400,2569.0,2641.54,2568.0,2623.12,3908212.3
1728918000,2623.11,2645.01,2617.6,2635.84,1454506.5
1728921600,2635.84,2641.25,2615.61,2621.19,1131278.6
1728925200,2621.18,2636.11,2617.6,2627.54,656894.3
1728928800,2627.49,2636.18,2623.68,2629.5,522175.3
1728932400,2629.46,2634.71,2619.11,2620.86,570208.6
1728936000,2620.87,2629.79,2618.0,2622.01,271055.0
1728939600,2622.02,2624.98,2616.48,2617.31,208963.5
1728943200,2617.3,2654.52,2616.8,2650.86,805640.6
1728946800,2650.86,2654.99,2626.73,2630.19,723544.6
1728950400,2630.19,2638.14,2618.33,2623.28,620647.5
1728954000,2623.28,2634.7,2621.5,2629.79,432351.9
1728957600,2629.8,2634.69,2625.5,2627.7,359590.0
1728961200,2627.7,2628.0,2607.69,2612.72,845560.2
1728964800,2612.73,2619.38,2605.61,2615.1,759718.5
1728968400,2615.1,2615.99,2590.24,2595.6,1142942.3
1728972000,2595.6,2611.5,2593.23,2609.62,629997.4
1728975600,2609.63,2625.0,2609.51,2615.85,598208.7
1728979200,2615.86,2623.82,2615.22,2617.87,394986.3
1728982800,2617.87,2619.49,2607.2,2610.14,376950.4
1728986400,2610.13,2621.72,2605.52,2613.34,355859.6
1728990000,2613.34,2614.43,2580.06,2586.68,1564453.3
1728993600,2586.72,2610.38,2582.0,2602.3,963119.0
1728997200,2602.3,2677.0,2596.86,2671.65,2508412.5
1729000800,2671.65,2689.96,2562.04,2567.75,6932995.1
1729004400,2567.75,2589.73,2536.77,2573.35,3351548.8
1729008000,2573.36,2620.33,2571.27,2592.95,1886203.4
1729011600,2593.08,2600.86,2576.09,2582.09,908235.3
1729015200,2582.09,2606.24,2580.72,2592.9,550926.8
1729018800,2592.91,2598.4,2580.1,2592.21,471734.6
1729022400,2592.22,2595.97,2563.31,2572.0,780580.2
1729026000,2571.97,2590.61,2568.23,2588.55,354177.6
1729029600,2588.55,2604.13,2585.56,2594.82,416051.0
1729033200,2594.82,2610.01,2591.81,2607.67,293160.6
1729036800,2607.68,2609.25,2596.62,2597.15,320793.5
1729040400,2597.14,2625.41,2589.2,2619.79,948753.4
1729044000,2619.75,2632.72,2618.05,2622.37,585449.9
1729047600,2622.36,2623.17,2614.13,2617.09,389932.9
1729051200,2617.0,2622.01,2602.7,2614.1,658201.2
1729054800,2614.1,2624.71,2611.73,2619.2,367296.0
1729058400,2619.2,2622.11,2604.1,2611.38,397856.6
1729062000,2611.37,2611.37,2598.13,2606.9,449801.9
1729065600,2606.9,2617.64,2605.06,2609.49,484535.5
1729069200,2609.49,2623.6,2608.3,2620.59,402276.9
1729072800,2620.59,2631.73,2612.27,2616.31,813543.6
1729076400,2616.31,2643.27,2609.09,2630.11,1630290.6
1729080000,2630.11,2647.9,2623.1,2628.16,1204270.3
1729083600,2628.17,2636.0,2600.01,2606.72,1289029.5
1729087200,2606.72,2646.49,2595.2,2607.9,2271697.4
1729090800,2608.0,2619.26,2598.35,2607.79,791739.5
1729094400,2607.79,2619.99,2591.04,2618.82,867433.0
1729098000,2618.82,2627.5,2610.79,2621.09,441569.1
1729101600,2621.1,2628.53,2616.42,2617.82,289513.5
1729105200,2617.81,2619.89,2611.56,2614.94,205017.1
1729108800,2614.92,2628.47,2614.43,2618.19,191532.7
1729112400,2618.11,2622.0,2606.6,2614.0,191168.3
1729116000,2614.0,2625.79,2612.99,2622.0,257868.3
1729119600,2622.0,2623.0,2609.43,2611.32,265308.8
1729123200,2611.32,2625.45,2611.07,2617.11,345993.8
1729126800,2617.11,2643.8,2610.2,2643.31,732952.2
1729130400,2643.31,2644.16,2616.76,2624.92,735838.0
1729134000,2624.92,2645.8,2623.25,2640.98,670914.0
1729137600,2640.98,2649.14,2625.68,2627.92,736341.5
1729141200,2627.93,2639.34,2624.83,2626.64,451373.6
1729144800,2626.63,2636.66,2618.62,2625.31,597204.3
1729148400,2625.33,2630.23,2620.64,2628.54,433694.1
1729152000,2628.54,2630.8,2615.26,2626.77,457936.6
1729155600,2626.77,2627.79,2616.0,2617.09,377017.0
1729159200,2617.09,2620.14,2598.65,2614.61,856614.0
1729162800,2614.6,2618.59,2596.34,2598.15,630757.3
1729166400,2598.15,2614.8,2595.28,2614.79,582897.3
1729170000,2614.79,2617.96,2592.06,2600.32,1026774.2
1729173600,2600.32,2609.86,2582.92,2608.04,1397037.9
1729177200,2608.05,2633.22,2600.12,2630.82,1155042.3
1729180800,2630.82,2631.52,2606.01,2612.74,808442.3
1729184400,2612.75,2619.93,2600.72,2606.23,574836.5
1729188000,2606.24,2606.79,2575.2,2587.1,1236097.8
1729191600,2587.11,2599.0,2583.0,2595.76,266366.0
1729195200,2595.77,2608.4,2594.74,2598.4,283332.0
1729198800,2598.39,2606.68,2597.42,2604.12,133866.0
1729202400,2604.12,2615.54,2604.12,2613.27,396212.1
1729206000,2613.27,2613.44,2601.32,2605.76,318228.7
1729209600,2605.75,2608.7,2596.45,2597.28,309415.9
1729213200,2597.29,2652.5,2597.0,2644.44,1393237.5
1729216800,2644.44,2646.48,2628.61,2634.17,660700.3
1729220400,2634.16,2634.96,2608.43,2609.89,766892.5
1729224000,2609.88,2622.0,2609.0,2615.47,484754.0
1729227600,2615.48,2629.0,2612.44,2627.9,370440.6
1729231200,2627.9,2639.24,2625.24,2627.12,580335.9
1729234800,2627.13,2646.54,2625.0,2644.72,756753.4
1729238400,2644.72,2651.96,2635.23,2638.46,708090.7
1729242000,2638.47,2639.91,2620.95,2624.89,806088.4
1729245600,2624.88,2631.59,2624.02,2627.3,273232.3
1729249200,2627.3,2632.97,2620.67,2622.0,288210.9
1729252800,2622.0,2625.17,2613.01,2617.18,598157.6
1729256400,2617.18,2630.29,2612.6,2628.13,810762.5
1729260000,2628.11,2647.89,2617.26,2642.24,1923813.8
1729263600,2642.23,2664.26,2637.33,2653.25,1421207.7
1729267200,2653.26,2657.13,2629.35,2651.9,1307167.7
1729270800,2651.89,2656.0,2640.0,2646.8,468140.9
1729274400,2646.8,2676.44,2641.12,2664.06,898136.2
1729278000,2664.1,2668.12,2648.5,2651.07,451091.8
1729281600,2651.07,2652.26,2641.28,2643.44,311689.5
1729285200,2643.44,2648.22,2636.1,2642.73,210965.1
1729288800,2642.73,2643.0,2633.03,2636.69,252160.6
1729292400,2636.68,2645.0,2636.09,2642.45,154441.1
1729296000,2642.44,2643.94,2636.36,2639.78,154815.2
1729299600,2639.74,2646.15,2635.62,2636.32,262186.4
1729303200,2636.32,2649.25,2635.36,2647.3,282584.9
1729306800,2647.3,2664.4,2645.62,2646.67,730058.4
1729310400,2646.67,2651.23,2640.59,2640.98,311255.4
1729314000,2640.97,2648.42,2640.82,2647.51,166483.0
1729317600,2647.51,2648.11,2642.49,2644.61,154039.8
1729321200,2644.6,2645.33,2637.8,2641.37,280663.5
1729324800,2641.37,2648.0,2641.36,2645.69,247098.8
1729328400,2645.69,2648.9,2644.51,2646.31,148051.7
1729332000,2646.31,2647.19,2639.63,2639.87,218865.3
1729335600,2639.88,2644.79,2631.06,2631.57,435146.5
1729339200,2631.57,2642.0,2631.13,2640.61,246938.2
1729342800,2640.62,2640.95,2635.38,2636.7,159958.0
1729346400,2636.7,2651.94,2636.69,2650.32,448782.6
1729350000,2650.32,2654.8,2640.68,2646.08,455619.1
1729353600,2646.07,2646.38,2637.42,2637.78,282092.2
1729357200,2637.78,2645.0,2637.52,2641.83,147098.4
1729360800,2641.82,2645.75,2638.8,2642.5,142371.5
1729364400,2642.49,2647.32,2639.0,2641.87,126802.8
1729368000,2641.87,2649.17,2641.38,2645.11,97951.5
1729371600,2645.11,2650.08,2643.1,2643.56,92667.5
1729375200,2643.56,2654.23,2641.23,2651.17,204688.7
1729378800,2651.17,2655.95,2647.58,2648.83,164625.7
1729382400,2648.82,2654.21,2642.0,2643.12,206402.3
1729386000,2643.12,2644.25,2638.5,2640.55,216745.5
1729389600,2640.55,2646.23,2636.26,2639.27,169753.0
1729393200,2639.27,2642.48,2635.96,2641.2,177753.7
1729396800,2641.21,2647.5,2639.0,2642.12,237079.4
1729400400,2642.12,2646.74,2640.15,2640.78,128653.6
1729404000,2640.78,2652.0,2638.85,2650.75,241589.3
1729407600,2650.69,2651.0,2644.5,2646.51,205737.2
1729411200,2646.51,2651.68,2643.2,2646.49,207324.2
1729414800,2646.49,2650.0,2643.47,2648.72,107441.3
1729418400,2648.72,2650.99,2645.81,2645.9,127015.1
1729422000,2645.91,2650.76,2645.91,2649.79,93897.4
1729425600,2649.79,2656.16,2643.72,2644.55,534067.0
1729429200,2644.56,2662.54,2641.5,2661.4,679312.8
1729432800,2661.4,2721.9,2661.39,2711.52,3443904.3
1729436400,2711.52,2714.95,2685.02,2706.95,1302674.4
1729440000,2706.88,2710.54,2692.29,2692.89,435146.2
1729443600,2692.9,2699.17,2686.75,2695.3,363403.0
1729447200,2695.29,2707.14,2695.29,2702.22,290570.2
1729450800,2702.23,2703.16,2692.3,2700.43,212998.6
1729454400,2700.43,2718.48,2697.37,2711.94,361372.0
1729458000,2711.94,2719.99,2704.52,2715.92,653284.0
1729461600,2715.93,2760.94,2714.63,2748.09,2210026.8
1729465200,2748.09,2755.33,2740.89,2747.38,597432.7
1729468800,2747.38,2771.19,2742.78,2747.41,1183020.6
1729472400,2747.41,2762.49,2743.6,2746.29,715649.8
1729476000,2746.29,2749.3,2730.0,2732.72,746291.5
1729479600,2732.73,2739.5,2726.67,2734.77,508662.3
1729483200,2734.77,2740.76,2728.49,2739.2,347986.2
1729486800,2739.2,2745.85,2734.16,2735.81,304407.6
1729490400,2735.82,2744.06,2724.07,2728.01,409783.6
1729494000,2728.0,2735.0,2721.95,2722.4,567515.6
1729497600,2722.41,2730.0,2715.27,2716.51,669594.0
1729501200,2716.51,2721.5,2702.0,2714.08,932532.7
1729504800,2714.08,2718.69,2705.45,2706.02,432239.7
1729508400,2706.02,2714.22,2702.28,2705.16,455083.1
1729512000,2705.16,2711.66,2687.49,2698.01,1055185.5
1729515600,2698.02,2701.0,2662.88,2672.72,2443194.4
1729519200,2672.76,2687.02,2659.19,2672.59,1596586.0
1729522800,2672.57,2680.0,2660.22,2679.75,1054755.1
1729526400,2679.74,2679.8,2655.01,2672.17,736098.9
1729530000,2672.18,2684.44,2671.54,2673.0,571229.0
1729533600,2673.0,2673.98,2657.6,2666.98,389650.3
1729537200,2666.98,2685.0,2666.98,2679.95,387442.4
1729540800,2679.95,2681.64,2672.4,2676.12,223827.5
1729544400,2676.12,2682.01,2672.34,2675.43,127480.6
1729548000,2675.43,2684.05,2672.54,2677.36,223131.6
1729551600,2677.35,2677.35,2665.24,2666.91,310385.5
1729555200,2666.92,2671.94,2611.0,2638.12,2539137.3
1729558800,2638.11,2650.4,2626.67,2647.2,812067.3
1729562400,2647.2,2656.91,2633.03,2636.78,570760.9
1729566000,2636.78,2646.41,2635.03,2644.64,329270.8
1729569600,2644.64,2644.65,2635.47,2641.24,271210.8
1729573200,2641.24,2651.49,2638.72,2647.01,374974.6
1729576800,2647.0,2659.91,2647.0,2654.01,513535.7
1729580400,2654.0,2658.66,2645.53,2646.63,341847.6
1729584000,2646.62,2650.86,2628.25,2630.51,1031631.8
1729587600,2630.51,2635.0,2612.33,2622.92,1238266.7
1729591200,2622.91,2634.99,2620.55,2632.67,487904.5
1729594800,2632.68,2641.0,2631.3,2633.0,473801.6
1729598400,2632.99,2644.99,2617.85,2622.56,965259.6
1729602000,2622.56,2634.41,2606.25,2621.41,1221461.2
1729605600,2621.4,2642.34,2614.44,2638.7,1702241.0
1729609200,2638.69,2642.08,2615.2,2624.13,1011702.9
1729612800,2624.14,2627.94,2607.1,2607.73,654111.8
1729616400,2607.73,2628.45,2607.0,2625.07,490662.4
1729620000,2625.06,2631.99,2620.74,2622.39,288213.3
1729623600,2622.39,2634.21,2621.39,2628.0,260705.3
1729627200,2628.0,2635.9,2626.14,2634.12,152907.8
1729630800,2634.12,2636.92,2630.14,2634.38,109045.4
1729634400,2634.38,2644.68,2631.51,2636.06,430897.3
1729638000,2636.07,2639.03,2618.09,2623.15,380110.0
1729641600,2623.16,2627.95,2612.0,2614.29,483120.1
1729645200,2614.3,2626.0,2614.29,2624.2,358306.0
1729648800,2624.17,2625.0,2610.32,2613.43,342379.7
1729652400,2613.43,2618.1,2601.54,2617.09,896239.3
1729656000,2617.09,2620.86,2610.23,2617.61,333481.5
1729659600,2617.62,2619.82,2610.5,2615.58,239851.2
1729663200,2615.58,2625.41,2611.2,2612.48,507583.3
1729666800,2612.48,2616.76,2602.87,2602.97,656801.2
1729670400,2602.96,2608.5,2570.78,2576.41,2464049.8
1729674000,2576.51,2582.47,2563.19,2579.74,1272701.4
1729677600,2579.74,2588.57,2578.0,2581.48,378304.3
1729681200,2581.48,2587.78,2577.71,2581.14,395896.2
1729684800,2581.15,2583.42,2556.0,2571.45,1334378.4
1729688400,2571.45,2587.76,2568.44,2581.76,650340.3
1729692000,2581.61,2582.73,2560.69,2563.83,850600.1
1729695600,2563.83,2564.96,2529.01,2540.61,2285552.4
1729699200,2540.61,2542.85,2485.0,2492.02,3206913.6
1729702800,2492.01,2512.44,2485.0,2496.25,1838603.6
1729706400,2496.25,2497.14,2442.8,2491.14,3098672.0
1729710000,2491.14,2516.15,2488.29,2512.39,1205583.5
1729713600,2512.4,2518.87,2506.43,2515.17,496653.8
1729717200,2515.18,2515.31,2501.7,2504.82,397270.1
1729720800,2504.82,2515.75,2503.54,2510.64,336898.1
1729724400,2510.65,2528.77,2508.48,2524.63,536507.0
1729728000,2524.62,2551.11,2509.0,2550.1,1214849.0
1729731600,2550.11,2561.91,2537.4,2545.3,1078432.0
1729735200,2545.3,2558.0,2540.0,2556.23,477352.4
1729738800,2556.24,2559.44,2544.7,2544.99,328923.3
1729742400,2544.99,2555.55,2540.01,2553.53,589626.2
1729746000,2553.52,2559.9,2550.81,2556.66,505889.1
1729749600,2556.65,2561.99,2546.31,2547.98,437136.1
1729753200,2547.97,2555.34,2543.01,2544.53,401203.2
1729756800,2544.53,2551.79,2519.01,2519.76,963763.2
1729760400,2519.77,2528.5,2508.22,2521.14,1088179.0
1729764000,2521.13,2536.0,2520.29,2525.6,493579.0
1729767600,2525.6,2533.0,2521.71,2529.67,297907.9
1729771200,2529.67,2540.83,2525.49,2530.77,643761.9
1729774800,2530.77,2546.85,2525.14,2536.69,1066477.5
1729778400,2536.7,2538.27,2513.01,2525.52,1216699.6
1729782000,2525.54,2536.23,2520.11,2526.05,492605.1
1729785600,2526.03,2530.26,2506.53,2518.83,785885.6
1729789200,2518.83,2527.7,2510.42,2521.47,357045.1
1729792800,2521.47,2532.71,2520.05,2526.8,307121.8
1729796400,2526.79,2542.28,2522.44,2539.99,530414.9
1729800000,2539.99,2540.62,2526.66,2538.16,405224.5
1729803600,2538.16,2560.84,2537.18,2538.57,645678.0
1729807200,2538.57,2548.42,2530.07,2533.27,333988.4
1729810800,2533.27,2537.6,2529.45,2535.95,172681.4
1729814400,2535.96,2538.8,2520.18,2524.9,435869.5
1729818000,2524.9,2527.68,2514.03,2519.99,397056.2
1729821600,2519.99,2525.18,2509.33,2522.78,493076.9
1729825200,2522.77,2532.5,2520.15,2521.74,362066.0
1729828800,2521.74,2522.87,2488.34,2492.37,1425537.2
1729832400,2492.29,2502.65,2485.59,2495.14,709942.6
1729836000,2495.14,2500.77,2488.28,2490.88,422632.3
1729839600,2490.84,2497.1,2461.46,2484.43,1854863.9
1729843200,2484.43,2520.0,2478.73,2517.83,1686619.6
1729846800,2517.83,2543.72,2515.29,2539.58,1359678.0
1729850400,2539.58,2546.0,2531.51,2542.29,665686.9
1729854000,2542.28,2547.59,2537.28,2545.18,541004.9
1729857600,2545.18,2554.19,2536.67,2538.77,811465.7
1729861200,2538.77,2557.0,2525.5,2552.42,1176933.8
1729864800,2552.42,2567.44,2536.0,2545.02,1690517.4
1729868400,2545.02,2557.77,2508.6,2525.0,1707433.0
1729872000,2525.0,2537.4,2511.44,2531.93,1014935.7
1729875600,2531.94,2535.93,2480.0,2486.81,1436984.6
1729879200,2486.81,2512.32,2453.94,2482.81,2980610.8
1729882800,2482.81,2489.53,2471.05,2476.42,957105.8
1729886400,2476.39,2493.0,2467.15,2480.56,792045.7
1729890000,2480.56,2496.92,2478.41,2495.21,360189.8
1729893600,2495.21,2497.45,2462.89,2464.32,621951.7
1729897200,2464.3,2466.81,2380.9,2440.44,4606502.0
1729900800,2440.44,2451.0,2430.09,2443.66,1317726.0
1729904400,2443.66,2448.8,2435.16,2442.88,409581.8
1729908000,2442.88,2457.95,2432.27,2444.73,644843.9
1729911600,2444.72,2457.6,2438.88,2452.29,500323.0
1729915200,2452.29,2461.8,2450.8,2459.76,408379.9
1729918800,2459.76,2475.51,2459.48,2471.86,726363.9
1729922400,2471.85,2479.94,2463.12,2473.2,636238.9
1729926000,2473.2,2475.72,2463.33,2465.17,340431.6
1729929600,2465.18,2474.4,2464.0,2471.0,282218.1
1729933200,2471.01,2478.99,2464.51,2465.09,493973.9
1729936800,2465.09,2474.56,2464.9,2468.71,207374.7
1729940400,2468.72,2475.53,2463.02,2472.64,340872.0
1729944000,2472.64,2479.03,2470.92,2471.35,317862.9
1729947600,2471.35,2476.75,2464.09,2465.43,381266.5
1729951200,2465.43,2468.0,2442.09,2446.74,918773.1
1729954800,2446.74,2462.77,2443.51,2457.77,586418.1
1729958400,2457.78,2476.5,2455.41,2471.95,586611.0
1729962000,2471.95,2483.72,2471.39,2479.34,462695.4
1729965600,2479.35,2487.6,2477.23,2480.99,323253.1
1729969200,2480.99,2488.67,2480.63,2486.93,225444.0
1729972800,2486.92,2509.78,2484.02,2490.91,1075130.2
1729976400,2490.8,2493.33,2486.0,2489.04,188003.5
1729980000,2489.03,2491.71,2486.11,2486.89,197072.2
1729983600,2486.9,2488.34,2481.42,2482.5,236982.5
1729987200,2482.5,2483.5,2474.28,2476.67,241812.1
1729990800,2476.67,2481.6,2470.68,2478.11,333146.1
1729994400,2478.11,2480.93,2472.27,2473.22,165846.3
1729998000,2473.22,2486.68,2468.58,2485.09,392690.2
1730001600,2485.1,2487.76,2478.5,2479.67,332927.6
1730005200,2479.68,2485.96,2478.74,2482.56,152616.6
1730008800,2482.55,2482.56,2477.5,2480.57,128972.1
1730012400,2480.56,2484.22,2479.63,2481.24,98879.1
1730016000,2481.24,2484.72,2475.24,2475.24,307793.6
1730019600,2475.25,2475.35,2466.24,2471.8,573821.6
1730023200,2471.8,2475.07,2465.33,2468.1,244595.0
1730026800,2468.09,2472.6,2463.29,2469.86,284739.2
1730030400,2469.87,2483.77,2469.7,2475.92,470496.7
1730034000,2475.91,2504.71,2475.8,2484.74,1286641.2
1730037600,2484.73,2494.99,2482.26,2493.72,357688.6
1730041200,2493.71,2507.0,2491.11,2502.04,567275.3
1730044800,2502.05,2507.97,2492.25,2502.17,568619.5
1730048400,2502.17,2512.34,2496.29,2497.86,450267.6
1730052000,2497.87,2498.8,2486.58,2488.04,374103.0
1730055600,2488.03,2496.9,2486.18,2495.09,189997.1
1730059200,2495.08,2497.68,2491.56,2492.23,116003.4
1730062800,2492.23,2522.99,2490.85,2512.09,557619.3
1730066400,2512.09,2528.99,2512.09,2514.59,630147.5
1730070000,2514.59,2524.0,2507.04,2508.22,369874.6
1730073600,2508.22,2512.97,2498.55,2499.98,518859.3
1730077200,2499.98,2504.84,2491.87,2492.0,419992.7
1730080800,2492.0,2496.16,2488.01,2490.3,394143.5
1730084400,2490.3,2495.71,2471.3,2477.61,849091.7
1730088000,2477.61,2486.25,2473.28,2486.24,503353.6
1730091600,2486.23,2490.91,2474.6,2486.42,461656.8
1730095200,2486.43,2491.6,2482.0,2491.46,392177.2
1730098800,2491.46,2527.5,2490.88,2512.06,2008187.5
1730102400,2512.07,2522.01,2508.78,2513.44,572915.9
1730106000,2513.45,2543.19,2505.1,2542.37,1169312.2
1730109600,2542.36,2545.0,2529.02,2531.5,985256.3
1730113200,2531.5,2533.16,2525.73,2527.19,494204.7
1730116800,2527.2,2537.17,2516.46,2527.03,1205907.3
1730120400,2527.03,2534.0,2512.25,2513.73,949390.0
1730124000,2513.77,2536.55,2508.02,2525.86,1151970.5
1730127600,2525.85,2526.37,2498.06,2500.69,1030393.0
1730131200,2500.69,2516.0,2494.05,2504.61,913271.3
1730134800,2504.6,2515.7,2487.45,2501.33,1160108.5
1730138400,2501.32,2512.52,2489.0,2505.41,542200.2
1730142000,2505.4,2524.69,2497.59,2506.65,1416548.9
1730145600,2506.65,2517.7,2505.01,2517.38,342625.1
1730149200,2517.37,2549.47,2515.85,2544.36,714002.7
1730152800,2544.36,2590.81,2544.36,2569.0,1793568.7
1730156400,2568.99,2577.84,2562.82,2567.46,477812.3
1730160000,2567.46,2587.17,2561.23,2583.19,766122.5
1730163600,2583.18,2597.64,2577.46,2583.02,845820.8
1730167200,2583.08,2632.86,2579.31,2612.91,2570349.6
1730170800,2612.91,2623.7,2605.81,2608.19,679358.2
1730174400,2608.19,2621.88,2608.19,2621.74,512427.0
1730178000,2621.73,2626.96,2617.35,2618.28,407476.3
1730181600,2618.29,2624.8,2617.52,2621.05,360527.7
1730185200,2621.04,2621.99,2608.79,2613.71,480292.8
1730188800,2613.72,2630.69,2613.09,2621.67,537908.5
1730192400,2621.67,2628.26,2620.14,2624.46,285584.7
1730196000,2624.47,2639.99,2619.76,2631.8,818116.5
1730199600,2631.8,2635.51,2624.06,2631.88,463408.1
1730203200,2631.87,2635.0,2615.2,2618.65,573638.0
1730206800,2618.64,2639.7,2611.53,2637.63,1164777.3
1730210400,2637.63,2645.7,2617.45,2630.8,1293855.5
1730214000,2630.8,2651.13,2622.7,2648.26,1285577.1
1730217600,2648.26,2674.99,2642.43,2669.93,1847071.6
1730221200,2669.93,2682.93,2654.75,2656.06,1245946.6
1730224800,2656.05,2667.77,2644.18,2666.72,773838.7
1730228400,2666.72,2675.6,2623.01,2625.31,1518957.8
1730232000,2625.32,2629.99,2607.57,2621.1,1101269.4
1730235600,2621.0,2631.0,2617.26,2623.1,272508.0
1730239200,2623.09,2649.49,2621.12,2637.19,460496.3
1730242800,2637.2,2640.72,2631.19,2639.47,281705.5
1730246400,2639.47,2642.55,2616.14,2622.0,534004.0
1730250000,2621.99,2629.06,2600.19,2626.43,939943.7
1730253600,2626.43,2642.74,2624.54,2628.72,560043.5
1730257200,2628.72,2653.02,2628.02,2642.82,642448.8
1730260800,2642.81,2647.92,2636.98,2641.43,285083.5
1730264400,2641.44,2656.42,2641.43,2654.03,353776.0
1730268000,2654.04,2686.51,2653.84,2657.82,1572490.2
1730271600,2657.82,2674.41,2657.81,2669.0,670313.6
1730275200,2669.0,2683.53,2662.71,2663.9,655327.0
1730278800,2663.9,2694.34,2662.78,2693.0,1059233.6
1730282400,2693.01,2698.0,2681.01,2682.31,819212.7
1730286000,2682.32,2682.95,2658.0,2659.9,1048058.6
1730289600,2659.89,2693.79,2653.26,2686.89,1550435.6
1730293200,2686.88,2703.88,2671.53,2697.19,1920032.6
1730296800,2697.19,2723.23,2696.88,2709.58,1946492.8
1730300400,2709.58,2713.0,2668.75,2683.13,1946369.3
1730304000,2683.14,2696.63,2674.08,2688.0,701467.6
1730307600,2688.01,2688.4,2662.5,2674.38,781370.6
1730311200,2674.38,2683.39,2663.99,2667.39,464803.8
1730314800,2667.31,2669.44,2653.03,2655.31,635566.1
1730318400,2655.27,2679.62,2636.61,2679.52,1869025.6
1730322000,2679.55,2686.84,2644.11,2660.49,732322.9
1730325600,2660.49,2668.16,2648.6,2659.99,459937.9
1730329200,2659.98,2670.6,2656.8,2659.35,259157.8
1730332800,2659.34,2665.97,2655.38,2659.19,296305.0
1730336400,2659.2,2669.96,2638.0,2663.18,922183.4
1730340000,2663.18,2668.0,2649.14,2663.59,649481.8
1730343600,2663.59,2667.73,2653.01,2657.62,476109.9
1730347200,2657.65,2658.66,2643.06,2646.93,475053.0
1730350800,2646.94,2654.7,2644.5,2650.32,338520.0
1730354400,2650.31,2651.4,2633.01,2639.06,607289.8
1730358000,2639.05,2649.23,2632.0,2646.99,557512.7
1730361600,2647.0,2647.75,2625.02,2637.01,772831.0
1730365200,2637.0,2644.0,2635.04,2635.37,348688.4
1730368800,2635.38,2647.0,2625.15,2646.69,782096.9
1730372400,2646.69,2648.56,2631.0,2638.58,540225.6
1730376000,2638.58,2641.25,2628.8,2638.88,475305.9
1730379600,2638.87,2639.89,2595.03,2603.08,2247469.1
1730383200,2603.15,2603.4,2541.0,2555.7,4398228.4
1730386800,2555.7,2576.86,2549.71,2562.92,1447734.2
1730390400,2562.91,2564.63,2543.73,2552.89,1187405.9
1730394000,2552.89,2561.11,2522.01,2542.48,1658484.9
1730397600,2542.48,2542.72,2506.17,2525.2,1490371.4
1730401200,2525.14,2531.82,2511.0,2514.05,516545.7
1730404800,2514.03,2528.41,2502.0,2521.11,941092.7
1730408400,2521.11,2528.01,2516.0,2525.43,397552.9
1730412000,2525.43,2526.06,2506.55,2521.51,506471.3
1730415600,2521.5,2529.02,2514.05,2518.65,370727.8
1730419200,2518.65,2533.55,2517.5,2524.47,433498.5
1730422800,2524.48,2531.0,2491.0,2501.65,1450556.2
1730426400,2501.65,2513.0,2465.02,2510.43,2274311.5
1730430000,2510.43,2521.01,2498.4,2503.29,608270.5
1730433600,2503.29,2516.57,2501.71,2513.62,310815.7
1730437200,2513.63,2515.0,2507.55,2510.44,277308.6
1730440800,2510.44,2513.7,2500.02,2500.68,548918.6
1730444400,2500.68,2509.0,2485.27,2503.9,958987.7
1730448000,2503.9,2515.7,2494.6,2500.94,621423.9
1730451600,2500.94,2513.84,2498.62,2510.9,384581.4
1730455200,2510.91,2525.68,2509.27,2519.0,645107.7
1730458800,2519.0,2526.08,2515.5,2515.5,356144.0
1730462400,2515.5,2544.0,2514.67,2536.95,1260209.0
1730466000,2536.95,2576.88,2529.94,2574.19,1676032.9
1730469600,2574.2,2587.38,2550.64,2562.29,2142915.8
1730473200,2562.29,2565.29,2481.48,2500.05,3134863.6
1730476800,2500.05,2538.5,2498.4,2518.59,1783709.0
1730480400,2518.58,2531.64,2507.3,2513.83,707032.3
1730484000,2513.83,2518.0,2506.01,2508.63,473736.9
1730487600,2508.63,2517.67,2495.01,2514.48,761890.0
1730491200,2514.61,2527.7,2512.38,2520.72,367827.7
1730494800,2520.72,2520.92,2485.28,2506.3,611868.8
1730498400,2506.3,2514.72,2503.35,2513.39,220197.4
1730502000,2513.4,2517.56,2510.53,2511.73,141773.7
1730505600,2511.74,2520.57,2511.16,2516.18,192746.1
1730509200,2516.19,2520.43,2511.31,2514.78,189827.4
1730512800,2514.78,2523.73,2511.8,2511.97,302911.6
1730516400,2511.97,2515.87,2501.56,2506.82,363231.9
1730520000,2506.82,2509.35,2502.04,2505.35,217210.7
1730523600,2505.36,2514.11,2499.3,2513.47,378223.6
1730527200,2513.46,2514.49,2505.23,2512.35,179630.1
1730530800,2512.35,2512.54,2505.73,2507.69,173262.2
1730534400,2507.68,2510.82,2494.11,2495.71,522332.2
1730538000,2495.71,2505.33,2490.22,2497.21,381749.1
1730541600,2497.21,2503.04,2492.38,2502.36,273919.6
1730545200,2502.35,2506.46,2499.26,2502.22,197043.4
1730548800,2502.21,2504.55,2482.68,2488.45,657374.3
1730552400,2488.45,2499.0,2470.01,2479.99,1302438.2
1730556000,2480.0,2490.37,2475.87,2490.36,534266.2
1730559600,2490.36,2492.34,2477.48,2488.98,385566.8
1730563200,2488.98,2498.59,2482.35,2494.99,448582.1
1730566800,2494.99,2495.49,2479.75,2486.0,339091.7
1730570400,2486.0,2492.0,2479.31,2487.68,201446.6
1730574000,2487.68,2494.99,2485.58,2493.05,119801.6
1730577600,2493.05,2497.46,2491.29,2495.5,135709.7
1730581200,2495.49,2496.66,2491.6,2493.99,86735.3
1730584800,2493.99,2497.88,2490.34,2491.83,92537.7
1730588400,2491.83,2494.56,2484.71,2494.56,164144.5
1730592000,2494.55,2496.6,2483.36,2483.37,259117.4
1730595600,2483.36,2487.13,2470.7,2472.39,487912.9
1730599200,2472.39,2477.77,2425.61,2434.76,2655294.6
1730602800,2434.77,2452.68,2421.0,2449.36,1100766.3
1730606400,2449.37,2464.0,2448.2,2455.29,579834.0
1730610000,2455.29,2458.0,2441.15,2442.66,531006.5
1730613600,2442.65,2463.32,2442.0,2456.45,493875.1
1730617200,2456.45,2459.35,2449.63,2450.2,279136.3
1730620800,2450.19,2462.85,2444.25,2458.94,902268.6
1730624400,2458.93,2460.1,2447.0,2449.57,414772.8
1730628000,2449.57,2461.88,2449.57,2457.16,361438.8
1730631600,2457.16,2462.5,2450.61,2454.73,309261.5
1730635200,2454.72,2460.84,2452.61,2454.71,276386.2
1730638800,2454.7,2457.6,2428.92,2434.81,1094220.1
1730642400,2434.81,2439.42,2416.91,2425.46,1664504.4
1730646000,2425.47,2448.0,2413.06,2442.73,1461412.8
1730649600,2442.72,2459.89,2437.46,2442.5,1066822.9
1730653200,2442.49,2453.88,2441.62,2447.38,454658.3
1730656800,2447.38,2449.46,2410.55,2425.06,1131742.2
1730660400,2425.06,2454.0,2423.88,2452.99,609249.1
1730664000,2453.0,2473.32,2447.2,2467.99,622058.7
1730667600,2468.0,2475.66,2465.07,2470.0,495338.5
1730671200,2470.0,2474.75,2457.41,2460.03,314850.2
1730674800,2460.02,2460.41,2447.03,2457.71,498495.4
1730678400,2457.67,2457.99,2434.44,2450.27,565113.1
1730682000,2450.27,2475.6,2445.49,2466.44,784564.9
1730685600,2466.44,2485.66,2462.42,2483.88,732078.1
1730689200,2483.88,2491.98,2472.09,2473.55,542426.4
1730692800,2473.55,2483.15,2471.07,2472.79,306448.3
1730696400,2472.8,2473.76,2460.33,2463.0,327766.3
1730700000,2463.0,2480.94,2462.78,2477.6,416882.9
1730703600,2477.59,2480.0,2456.55,2459.83,563161.8
1730707200,2459.84,2467.92,2451.35,2458.39,571128.1
1730710800,2458.4,2465.44,2446.32,2457.78,531806.1
1730714400,2457.78,2473.63,2455.59,2467.65,579158.5
1730718000,2467.66,2478.43,2463.8,2470.25,367888.4
1730721600,2470.26,2478.6,2466.68,2476.41,390235.0
1730725200,2476.41,2486.41,2458.5,2458.88,823987.7
1730728800,2458.89,2465.17,2445.12,2450.59,984059.0
1730732400,2450.59,2455.0,2431.68,2442.51,1181961.2
1730736000,2442.51,2446.77,2406.56,2414.24,1629958.6
1730739600,2414.2,2429.7,2405.23,2425.0,1319569.1
1730743200,2424.99,2435.97,2418.01,2425.91,439449.7
1730746800,2425.91,2437.21,2425.32,2430.63,279740.5
1730750400,2430.63,2432.2,2419.82,2422.9,353003.8
1730754000,2422.89,2430.09,2356.44,2371.45,2751390.8
1730757600,2371.45,2415.0,2366.04,2406.45,819077.0
1730761200,2406.35,2411.6,2392.43,2398.51,572400.9
1730764800,2398.5,2411.0,2396.81,2401.13,643736.9
1730768400,2401.14,2413.92,2380.58,2411.1,1210605.9
1730772000,2411.12,2416.33,2400.6,2405.59,468386.0
1730775600,2405.59,2421.86,2405.21,2421.17,407125.1
1730779200,2421.18,2434.69,2417.59,2429.3,653308.0
1730782800,2429.25,2436.0,2424.0,2432.6,357163.8
1730786400,2432.61,2434.0,2424.35,2430.48,358562.4
1730790000,2430.48,2446.4,2421.94,2443.12,728527.2
1730793600,2443.13,2445.36,2433.37,2442.61,361500.1
1730797200,2442.6,2448.4,2435.28,2435.51,436567.3
1730800800,2435.51,2439.84,2430.05,2435.7,258299.1
1730804400,2435.71,2443.86,2435.71,2440.83,295874.5
1730808000,2440.83,2448.71,2436.0,2444.37,365650.1
1730811600,2444.37,2446.31,2437.04,2442.54,331444.5
1730815200,2442.54,2480.93,2439.0,2470.29,1867665.1
1730818800,2470.29,2474.22,2426.61,2441.16,2085719.9
1730822400,2441.15,2469.97,2437.61,2461.99,1132410.9
1730826000,2461.99,2475.1,2451.18,2451.39,760846.3
1730829600,2451.4,2459.88,2446.36,2452.69,383003.0
1730833200,2452.69,2455.16,2400.01,2408.07,1095281.2
1730836800,2408.06,2436.76,2401.36,2426.68,735982.6
1730840400,2426.69,2429.71,2412.72,2415.4,316271.2
1730844000,2415.35,2435.95,2407.54,2435.0,376581.1
1730847600,2435.0,2441.09,2420.67,2422.7,434978.3
1730851200,2422.7,2495.08,2420.17,2485.02,1909638.4
1730854800,2485.03,2510.5,2470.99,2482.33,2128045.9
1730858400,2482.33,2578.54,2476.32,2568.66,3093929.3
1730862000,2568.66,2639.28,2564.42,2580.2,4399702.4
1730865600,2580.21,2605.62,2575.02,2584.21,1465212.9
1730869200,2584.21,2598.68,2560.22,2597.54,1437466.8
1730872800,2597.55,2624.49,2583.58,2584.38,1997796.1
1730876400,2584.26,2644.69,2583.8,2595.01,2811381.0
1730880000,2595.01,2608.59,2572.39,2607.52,1840963.5
1730883600,2607.53,2630.0,2606.0,2622.88,1155678.5
1730887200,2622.88,2630.99,2610.62,2624.12,685933.9
1730890800,2624.18,2637.74,2618.0,2629.74,842683.2
1730894400,2629.74,2649.9,2629.01,2633.88,1192051.0
1730898000,2633.88,2636.0,2608.19,2618.45,1217384.0
1730901600,2618.45,2643.77,2608.31,2614.47,1431627.6
1730905200,2614.47,2667.72,2611.86,2634.51,1983518.0
1730908800,2634.51,2666.42,2633.89,2656.02,982371.9
1730912400,2656.21,2660.99,2641.9,2652.61,636754.1
1730916000,2652.6,2679.5,2651.0,2678.35,736823.1
1730919600,2678.35,2688.0,2658.6,2687.99,830213.0
1730923200,2687.99,2706.0,2669.28,2690.4,1268484.9
1730926800,2690.39,2704.48,2683.1,2687.4,530438.5
1730930400,2687.41,2747.92,2684.24,2736.17,1243636.5
1730934000,2736.16,2742.57,2711.1,2722.22,1006818.4
1730937600,2722.41,2727.5,2700.5,2727.5,860140.7
1730941200,2727.49,2839.16,2725.01,2815.34,4575700.9
1730944800,2815.35,2879.81,2811.93,2873.05,2430812.8
1730948400,2873.01,2882.98,2837.99,2853.68,2384333.7
1730952000,2853.69,2856.09,2826.0,2840.41,1224560.9
1730955600,2840.4,2851.64,2834.58,2840.7,790147.2
1730959200,2840.7,2841.03,2781.37,2803.79,2437814.1
1730962800,2803.79,2826.54,2797.44,2820.89,920016.1
1730966400,2820.9,2831.67,2803.13,2821.93,1130165.7
1730970000,2821.73,2829.87,2816.52,2822.31,572242.3
1730973600,2822.31,2822.75,2806.0,2818.91,601387.5
1730977200,2818.9,2826.0,2790.33,2793.15,904981.5
1730980800,2793.14,2821.81,2791.19,2818.88,747067.6
1730984400,2818.89,2823.8,2803.0,2805.3,769180.1
1730988000,2805.3,2819.93,2772.98,2793.17,1599948.7
1730991600,2793.16,2849.8,2781.05,2847.65,1862358.2
1730995200,2847.64,2853.61,2823.59,2845.21,1258397.1
1730998800,2845.2,2872.93,2832.75,2861.47,1196658.1
1731002400,2861.47,2892.0,2836.02,2879.47,1388846.9
1731006000,2879.59,2894.5,2850.93,2885.29,1550828.8
1731009600,2885.3,2908.0,2876.75,2896.85,1262645.3
1731013200,2896.85,2916.58,2888.01,2890.62,1067570.4
1731016800,2890.73,2896.0,2864.09,2881.97,716840.7
1731020400,2881.98,2903.5,2867.28,2895.47,667003.2
1731024000,2895.47,2957.0,2895.08,2907.78,2374238.5
1731027600,2907.88,2928.0,2896.04,2922.15,1218725.3
1731031200,2922.14,2928.76,2887.03,2890.58,979133.1
1731034800,2890.57,2909.59,2887.4,2903.23,629425.5
1731038400,2903.22,2917.69,2900.38,2902.28,461544.4
1731042000,2902.28,2924.67,2901.61,2924.46,556000.7
1731045600,2924.46,2924.46,2904.8,2909.25,425760.2
1731049200,2909.24,2921.4,2892.0,2912.7,862944.0
1731052800,2912.7,2914.16,2894.0,2900.0,658224.3
1731056400,2900.0,2918.37,2898.22,2914.09,479839.2
1731060000,2914.08,2932.58,2903.5,2924.07,608438.2
1731063600,2924.22,2926.91,2914.01,2914.75,407189.0
1731067200,2914.76,2942.42,2910.15,2936.5,985552.0
1731070800,2936.5,2953.6,2925.23,2947.2,1072969.1
1731074400,2947.2,2958.59,2908.0,2913.04,1732112.7
1731078000,2913.05,2947.19,2903.0,2936.99,2060886.1
1731081600,2936.99,2945.04,2905.72,2906.82,1477030.1
1731085200,2906.82,2927.0,2890.56,2919.84,1388586.7
1731088800,2919.85,2973.31,2915.65,2958.17,1640458.8
1731092400,2958.14,2984.5,2949.15,2949.81,1613839.4
1731096000,2949.82,2958.9,2923.63,2935.03,1051087.3
1731099600,2935.04,2944.14,2915.22,2942.2,487154.8
1731103200,2942.2,2975.96,2940.45,2958.77,666930.7
1731106800,2958.77,2962.4,2952.57,2961.94,310343.4
1731110400,2962.0,2994.86,2954.37,2982.53,1211017.6
1731114000,2982.54,2996.35,2975.87,2986.99,839347.3
1731117600,2986.98,2987.39,2963.0,2976.65,859136.3
1731121200,2976.64,2980.85,2962.0,2965.8,366753.9
1731124800,2965.8,2973.97,2954.05,2972.81,519402.9
1731128400,2972.8,3051.9,2968.4,3040.22,2778776.9
1731132000,3040.21,3059.99,3031.1,3037.33,2180874.7
1731135600,3037.32,3043.2,3021.5,3030.75,847307.9
1731139200,3030.75,3036.61,3022.01,3026.0,552638.4
1731142800,3025.99,3053.39,3025.64,3046.12,816134.2
1731146400,3046.11,3056.97,3040.0,3048.78,781700.5
1731150000,3048.87,3055.0,3044.5,3051.4,450617.6
1731153600,3051.39,3054.29,3030.7,3032.01,647106.2
1731157200,3032.01,3053.0,3032.0,3046.43,437992.9
1731160800,3046.42,3046.92,3028.21,3040.82,642516.9
1731164400,3040.81,3049.8,3031.61,3041.17,456976.0
1731168000,3041.16,3045.0,3020.1,3028.98,743337.6
1731171600,3028.98,3037.85,2992.0,3037.68,1858384.2
1731175200,3037.74,3051.3,3031.52,3049.99,575526.7
1731178800,3049.98,3096.44,3048.8,3071.28,2106613.8
1731182400,3071.27,3090.87,3066.2,3086.65,516764.5
1731186000,3086.65,3087.5,3073.0,3077.36,329116.9
1731189600,3077.35,3144.0,3073.65,3135.3,1467682.3
1731193200,3135.3,3158.8,3118.0,3126.85,1610059.3
1731196800,3126.86,3135.63,3112.09,3122.0,1100445.4
1731200400,3121.99,3123.8,3104.0,3119.99,627427.8
1731204000,3120.0,3152.99,3119.41,3127.27,1346161.0
1731207600,3127.26,3144.6,3118.0,3135.2,696497.6
1731211200,3135.19,3192.0,3130.0,3183.01,2129890.5
1731214800,3183.02,3228.95,3168.77,3183.51,3140883.1
1731218400,3183.52,3185.18,3165.0,3180.27,1286586.6
1731222000,3180.29,3204.3,3180.22,3186.22,874729.8
1731225600,3186.23,3192.05,3167.95,3183.04,751868.9
1731229200,3183.05,3199.99,3180.29,3188.11,600233.1
1731232800,3188.11,3216.45,3184.5,3201.55,1402534.0
1731236400,3201.56,3232.93,3193.2,3221.8,1413275.6
1731240000,3221.8,3240.64,3180.62,3197.5,1896510.9
1731243600,3197.49,3210.57,3193.0,3203.22,573622.4
1731247200,3203.21,3211.12,3169.2,3196.73,1404401.2
1731250800,3196.72,3211.95,3187.06,3211.42,875100.6
1731254400,3211.39,3224.99,3192.0,3213.76,1130179.3
1731258000,3213.76,3244.4,3207.36,3211.85,1258007.9
1731261600,3211.84,3252.48,3211.07,3219.64,1557607.9
1731265200,3219.65,3235.48,3136.4,3165.01,2707152.1
1731268800,3165.01,3184.67,3118.0,3120.4,2440582.5
1731272400,3120.41,3188.0,3070.87,3170.67,2963135.5
1731276000,3170.68,3232.84,3147.23,3185.13,2234244.5
1731279600,3185.14,3196.8,3172.75,3184.01,707691.7
1731283200,3184.01,3207.04,3175.11,3195.44,830638.9
1731286800,3195.44,3223.88,3183.84,3200.46,961998.0
1731290400,3200.47,3214.86,3192.6,3202.99,614099.2
1731294000,3202.99,3205.0,3171.49,3195.55,1130819.0
1731297600,3195.54,3197.81,3164.38,3181.2,713759.6
1731301200,3181.2,3185.0,3106.0,3131.04,2578544.4
1731304800,3131.04,3150.98,3117.08,3138.69,1361729.7
1731308400,3138.7,3146.55,3127.22,3139.9,542200.5
1731312000,3139.9,3153.41,3132.0,3149.22,517552.4
1731315600,3149.23,3188.0,3142.06,3175.05,1001014.9
1731319200,3175.05,3213.51,3171.39,3191.99,1486733.5
1731322800,3191.91,3205.72,3180.45,3198.8,720476.4
1731326400,3198.79,3210.25,3132.57,3173.01,2387491.7
1731330000,3173.01,3177.32,3138.69,3152.69,1375516.2
1731333600,3152.68,3191.78,3144.15,3183.66,1962635.0
1731337200,3183.67,3265.58,3174.3,3239.53,3905873.0
1731340800,3239.53,3316.87,3235.28,3280.33,4059735.9
1731344400,3280.31,3324.32,3279.21,3296.32,1836285.2
1731348000,3296.33,3332.99,3273.12,3325.79,1379711.6
1731351600,3325.59,3350.99,3295.71,3302.41,1601688.2
1731355200,3302.41,3371.53,3293.93,3354.97,1976483.4
1731358800,3354.97,3367.38,3315.09,3324.81,1441324.1
1731362400,3325.0,3343.81,3280.63,3343.04,1224226.8
1731366000,3343.04,3390.84,3337.84,3373.14,2705487.6
1731369600,3373.15,3376.78,3250.01,3344.37,3119534.2
1731373200,3344.38,3347.99,3300.01,3319.57,1801420.9
1731376800,3319.57,3337.13,3281.71,3307.4,1660257.7
1731380400,3307.39,3341.0,3293.55,3338.01,1064668.9
1731384000,3338.0,3354.65,3318.21,3329.33,1176957.4
1731387600,3329.34,3350.46,3318.01,3331.66,871750.5
1731391200,3331.65,3398.09,3323.21,3380.78,2021828.8
1731394800,3380.79,3384.73,3348.48,3368.82,1354700.0
1731398400,3368.92,3428.0,3363.0,3423.33,1804519.1
1731402000,3423.33,3450.0,3350.61,3360.54,3273827.3
1731405600,3360.55,3375.94,3212.06,3283.93,6141247.1
1731409200,3284.02,3316.99,3262.05,3284.48,2609523.4
1731412800,3284.41,3298.9,3225.6,3252.58,2183127.7
1731416400,3252.57,3276.39,3211.0,3264.01,2591198.2
1731420000,3264.0,3293.79,3231.56,3286.84,2476870.5
1731423600,3286.85,3294.72,3251.52,3262.29,1477806.5
1731427200,3262.5,3273.58,3209.21,3254.25,2275995.8
1731430800,3254.25,3273.2,3226.83,3229.59,848714.0
1731434400,3229.6,3289.99,3227.31,3282.9,952108.3
1731438000,3283.11,3305.31,3271.84,3274.1,968150.7
1731441600,3274.19,3305.59,3256.89,3286.15,684932.7
1731445200,3285.89,3292.2,3251.11,3278.56,811122.7
1731448800,3278.56,3292.95,3252.01,3288.68,609392.8
1731452400,3288.68,3288.68,3234.73,3244.34,867720.8
1731456000,3244.34,3268.73,3222.45,3250.22,1024043.8
1731459600,3250.22,3286.42,3240.3,3272.22,1131011.3
1731463200,3272.21,3277.73,3205.0,3252.92,1466040.5
1731466800,3252.91,3259.4,3203.0,3208.72,978146.4
1731470400,3208.71,3231.23,3148.0,3190.12,2566291.6
1731474000,3190.0,3190.89,3133.0,3142.13,1418262.5
1731477600,3142.13,3157.44,3117.88,3128.46,1231885.2
1731481200,3128.45,3164.99,3126.97,3161.1,1098523.3
1731484800,3161.11,3184.44,3144.5,3159.4,1037609.5
1731488400,3159.39,3170.73,3140.01,3162.41,756081.7
1731492000,3162.41,3169.19,3143.06,3167.54,784487.1
1731495600,3167.54,3195.25,3163.83,3168.03,984418.4
1731499200,3168.04,3178.87,3152.21,3164.56,709835.5
1731502800,3164.56,3243.35,3155.01,3216.41,2530844.6
1731506400,3216.4,3328.96,3194.6,3320.6,3893059.6
1731510000,3320.6,3320.79,3261.63,3310.42,2739621.9
1731513600,3310.43,3333.72,3258.0,3285.81,2436004.6
1731517200,3285.81,3305.23,3262.81,3275.41,1039297.4
1731520800,3275.46,3287.82,3254.02,3270.82,883143.8
1731524400,3270.98,3274.07,3155.1,3159.03,3452294.5
1731528000,3159.02,3198.2,3127.18,3168.71,1594015.6
1731531600,3168.71,3172.82,3118.24,3152.15,1716184.5
1731535200,3152.16,3187.57,3140.63,3180.38,513946.4
1731538800,3180.38,3197.49,3160.75,3187.67,472909.7
1731542400,3187.68,3206.47,3179.4,3180.79,601463.5
1731546000,3180.8,3219.61,3163.74,3216.62,930018.6
1731549600,3216.62,3230.36,3183.11,3211.68,1030478.7
1731553200,3211.69,3219.72,3180.56,3218.47,698184.7
1731556800,3218.47,3241.49,3205.26,3237.1,1037452.8
1731560400,3237.1,3237.11,3214.02,3223.39,445197.9
1731564000,3223.38,3240.39,3184.78,3184.78,938450.5
1731567600,3184.78,3224.88,3173.31,3217.75,981855.2
1731571200,3217.75,3231.49,3192.64,3203.29,818137.5
1731574800,3203.28,3218.12,3193.4,3205.1,518365.8
1731578400,3205.1,3221.85,3179.4,3181.18,741499.7
1731582000,3181.18,3191.82,3155.0,3185.2,1440904.4
1731585600,3185.2,3194.0,3176.6,3182.54,523943.5
1731589200,3182.54,3199.8,3155.0,3167.26,1121176.3
1731592800,3167.26,3195.65,3106.18,3108.96,2848531.9
1731596400,3108.96,3128.49,3054.0,3077.6,3109177.6
1731600000,3077.6,3182.8,3070.4,3171.82,2305661.4
1731603600,3171.83,3172.32,3123.35,3131.37,1086896.1
1731607200,3131.36,3145.0,3123.38,3133.0,457988.3
1731610800,3132.99,3150.0,3127.6,3145.94,285192.0
1731614400,3145.94,3145.94,3094.01,3099.36,837982.0
1731618000,3099.34,3122.14,3082.86,3119.69,708951.9
1731621600,3119.69,3122.98,3067.66,3088.19,658462.4
1731625200,3088.18,3095.52,3025.0,3058.96,1607073.2
1731628800,3058.96,3093.0,3056.58,3061.48,821313.3
1731632400,3061.47,3078.95,3034.35,3065.2,945563.5
1731636000,3065.19,3085.52,3048.8,3082.34,548627.7
1731639600,3082.34,3091.73,3068.27,3083.4,487828.0
1731643200,3083.4,3083.4,3014.94,3025.91,1572831.6
1731646800,3025.92,3060.0,3017.24,3056.78,879104.1
1731650400,3056.79,3073.09,3043.83,3063.99,636166.7
1731654000,3063.99,3074.02,3039.0,3039.4,688829.1
1731657600,3039.4,3074.0,3022.02,3070.5,1156520.1
1731661200,3070.5,3115.6,3069.11,3096.74,1501618.6
1731664800,3096.74,3110.9,3088.0,3101.37,652685.9
1731668400,3101.48,3107.35,3082.36,3104.61,674299.1
1731672000,3104.6,3132.66,3086.2,3104.49,1421877.3
1731675600,3104.49,3115.2,3077.82,3103.3,907332.4
1731679200,3103.29,3107.75,3042.84,3059.32,1979894.6
1731682800,3059.32,3061.07,3015.04,3023.81,1824028.2
1731686400,3023.81,3050.49,3015.71,3035.39,1404657.7
1731690000,3035.4,3056.75,3031.03,3037.0,696253.3
1731693600,3037.0,3046.85,3017.59,3021.5,620674.1
1731697200,3021.51,3061.2,3016.0,3040.47,726476.4
1731700800,3040.67,3092.28,3038.55,3091.39,1061404.0
1731704400,3091.4,3101.2,3078.64,3090.9,791161.4
1731708000,3090.89,3122.57,3081.51,3101.33,801452.0
1731711600,3101.33,3112.86,3086.72,3090.45,423128.1
1731715200,3090.45,3091.02,3071.79,3085.35,500697.8
1731718800,3085.35,3112.81,3082.44,3098.22,595306.0
1731722400,3098.22,3123.8,3094.01,3110.8,529900.7
1731726000,3110.81,3158.0,3108.5,3155.31,964155.0
1731729600,3155.31,3166.6,3127.02,3134.47,876503.5
1731733200,3134.47,3137.4,3123.83,3130.53,457444.2
1731736800,3130.53,3132.27,3110.81,3114.03,620794.7
1731740400,3114.03,3123.67,3101.47,3106.58,617831.1
1731744000,3106.57,3121.76,3103.6,3120.7,429989.0
1731747600,3120.7,3127.84,3106.08,3116.94,477415.5
1731751200,3116.94,3134.99,3113.01,3127.25,356616.6
1731754800,3127.26,3196.76,3121.26,3195.69,1995819.3
1731758400,3195.68,3221.28,3165.43,3176.9,2260837.9
1731762000,3176.9,3190.74,3158.08,3173.3,1021122.6
1731765600,3173.3,3183.46,3156.75,3169.31,654728.2
1731769200,3169.32,3172.45,3121.0,3142.02,1439048.8
1731772800,3142.01,3158.46,3128.58,3146.09,766303.3
1731776400,3146.09,3177.62,3142.0,3168.12,560657.1
1731780000,3168.12,3183.3,3163.99,3181.4,347590.0
1731783600,3181.41,3185.68,3165.32,3170.08,316644.6
1731787200,3170.08,3176.28,3144.01,3150.36,418058.6
1731790800,3150.36,3160.26,3147.47,3154.88,157124.5
1731794400,3155.0,3164.99,3132.32,3133.07,300678.7
1731798000,3133.07,3146.65,3122.01,3133.52,420683.8
1731801600,3133.57,3154.5,3131.52,3149.74,374351.2
1731805200,3149.73,3149.73,3072.45,3085.18,1395298.0
1731808800,3085.18,3085.65,3035.0,3065.27,1799222.8
1731812400,3065.28,3080.9,3052.32,3080.33,684476.9
1731816000,3080.33,3137.75,3076.0,3126.93,1641324.7
1731819600,3126.88,3136.0,3093.54,3103.7,861230.6
1731823200,3103.71,3142.0,3102.37,3134.9,676213.8
1731826800,3134.89,3148.55,3121.06,3137.65,668695.9
1731830400,3137.68,3162.8,3130.55,3145.78,975882.4
1731834000,3145.79,3162.68,3132.49,3140.93,662824.6
1731837600,3140.93,3152.41,3130.39,3138.56,535972.4
1731841200,3138.55,3139.16,3100.77,3105.98,1204612.7
1731844800,3105.84,3127.98,3101.08,3122.37,578862.2
1731848400,3122.36,3122.89,3074.49,3104.36,1374493.8
1731852000,3104.35,3112.19,3068.01,3089.04,1003594.8
1731855600,3089.04,3103.86,3078.25,3086.57,599072.4
1731859200,3086.56,3099.12,3072.0,3093.6,522149.1
1731862800,3093.6,3117.0,3081.15,3108.22,691214.0
1731866400,3108.22,3109.47,3073.19,3081.8,755404.3
1731870000,3081.76,3100.0,3073.33,3099.75,583158.5
1731873600,3099.75,3108.81,3054.27,3074.29,838497.7
1731877200,3074.29,3087.73,3055.28,3062.87,507001.0
1731880800,3062.88,3090.99,3043.0,3068.09,982345.0
1731884400,3068.09,3079.2,3050.17,3076.78,515630.1
1731888000,3076.79,3125.41,3069.45,3098.56,1108809.1
1731891600,3098.56,3122.94,3093.36,3116.19,663080.3
1731895200,3116.2,3125.94,3105.36,3111.52,501661.3
1731898800,3111.52,3113.8,3094.77,3113.29,427611.5
1731902400,3113.4,3117.9,3097.4,3101.99,310328.6
1731906000,3102.0,3120.24,3098.14,3119.78,379656.6
1731909600,3119.78,3149.77,3114.26,3148.85,1161833.3
1731913200,3148.86,3152.61,3123.99,3131.73,719376.6
1731916800,3131.73,3141.78,3117.57,3123.81,706708.3
1731920400,3123.81,3125.38,3103.09,3108.51,780596.3
1731924000,3108.51,3125.67,3107.23,3116.99,498540.7
1731927600,3116.94,3118.89,3051.18,3057.35,1895445.8
1731931200,3057.35,3090.75,3054.44,3086.8,1003195.7
1731934800,3086.8,3089.0,3051.6,3067.9,1409887.5
1731938400,3067.9,3110.0,3058.35,3087.32,1460884.1
1731942000,3087.31,3158.47,3083.44,3144.05,1702328.7
1731945600,3144.05,3188.49,3135.5,3169.42,2503108.4
1731949200,3169.42,3191.5,3152.58,3177.2,1232603.7
1731952800,3177.21,3202.01,3157.6,3165.78,1387362.6
1731956400,3165.78,3169.96,3090.23,3127.7,1823116.6
1731960000,3127.69,3191.15,3123.33,3155.94,1465874.0
1731963600,3155.9,3172.9,3144.45,3148.24,491447.1
1731967200,3148.23,3164.99,3147.19,3150.0,225967.6
1731970800,3150.01,3225.77,3140.31,3208.13,1400194.6
1731974400,3208.14,3222.22,3155.21,3157.44,1352158.9
1731978000,3157.21,3164.99,3143.26,3144.72,823117.2
1731981600,3144.71,3161.61,3144.0,3158.15,401153.3
1731985200,3158.16,3160.65,3146.4,3149.72,353663.2
1731988800,3149.73,3160.8,3121.11,3130.96,809427.1
1731992400,3130.96,3142.48,3115.61,3135.86,806372.0
1731996000,3135.86,3135.86,3117.27,3131.03,433581.8
1731999600,3131.04,3133.1,3107.71,3119.25,780007.0
1732003200,3119.26,3129.0,3103.34,3119.59,697728.0
1732006800,3119.59,3128.5,3091.25,3111.59,1001506.1
1732010400,3111.58,3123.0,3102.0,3120.83,501335.2
1732014000,3120.82,3130.99,3112.16,3126.53,510769.0
1732017600,3126.52,3152.88,3126.52,3132.74,978116.6
1732021200,3132.74,3136.6,3075.49,3082.47,1890913.2
1732024800,3082.46,3120.96,3075.26,3097.27,1610695.9
1732028400,3097.26,3108.78,3087.51,3105.33,831797.9
1732032000,3105.33,3117.5,3100.01,3111.34,487347.2
1732035600,3111.26,3130.58,3106.67,3118.24,550412.6
1732039200,3118.25,3145.0,3114.47,3141.56,1057080.3
1732042800,3141.57,3145.9,3118.24,3122.69,628760.8
1732046400,3122.7,3132.0,3085.08,3100.93,758381.7
1732050000,3100.93,3108.0,3067.66,3092.48,1003973.3
1732053600,3092.48,3099.98,3065.01,3093.27,496423.1
1732057200,3093.28,3115.06,3088.04,3108.11,622459.7
1732060800,3108.12,3114.28,3091.31,3108.02,433390.8
1732064400,3108.04,3127.63,3094.36,3099.36,660482.8
1732068000,3099.36,3106.95,3085.34,3087.48,554207.2
1732071600,3087.47,3098.88,3072.0,3097.09,760329.1
1732075200,3097.09,3103.2,3088.41,3099.01,310977.9
1732078800,3099.02,3116.01,3091.86,3109.28,484772.9
1732082400,3109.28,3114.99,3102.21,3104.45,302198.3
1732086000,3104.45,3115.1,3098.56,3109.89,393984.3
1732089600,3109.88,3130.2,3106.09,3123.62,719251.9
1732093200,3123.6,3136.8,3115.52,3118.78,662061.7
1732096800,3118.77,3121.46,3108.67,3110.21,397544.4
1732100400,3110.21,3110.95,3083.62,3100.65,1121257.3
1732104000,3100.65,3103.33,3082.04,3090.21,743166.7
1732107600,3090.21,3115.43,3085.05,3113.99,1160313.5
1732111200,3113.99,3159.93,3091.0,3114.88,3036010.6
1732114800,3115.04,3131.15,3089.63,3130.0,1240118.2
1732118400,3129.99,3135.0,3075.5,3089.31,1680004.2
1732122000,3089.3,3097.5,3064.05,3064.21,979794.8
1732125600,3064.21,3078.26,3037.35,3049.4,1619743.8
1732129200,3049.4,3064.3,3030.0,3058.66,972610.1
1732132800,3058.64,3082.08,3044.84,3072.49,706925.2
1732136400,3072.38,3083.66,3062.54,3078.3,356513.3
1732140000,3078.29,3093.45,3066.42,3075.14,448462.9
1732143600,3075.14,3080.22,3064.01,3070.6,316835.9
1732147200,3070.61,3091.35,3065.62,3080.0,452577.8
1732150800,3080.01,3099.21,3076.88,3079.59,537339.7
1732154400,3079.6,3080.6,3032.25,3056.78,1378606.8
1732158000,3056.79,3101.88,3053.85,3082.2,1464442.2
1732161600,3082.2,3140.37,3080.74,3131.01,2094273.4
1732165200,3131.0,3144.87,3093.01,3108.4,1347087.5
1732168800,3108.4,3129.59,3099.46,3127.68,718835.9
1732172400,3127.68,3141.5,3121.84,3137.06,683721.9
1732176000,3137.07,3149.99,3128.0,3142.11,821586.7
1732179600,3142.11,3145.3,3122.61,3126.67,579524.5
1732183200,3126.67,3139.9,3118.01,3132.11,541929.2
1732186800,3132.1,3156.57,3130.01,3148.48,1119099.2
1732190400,3148.49,3318.8,3146.71,3286.36,5758021.7
1732194000,3286.37,3367.67,3285.6,3349.21,3453042.9
1732197600,3349.21,3373.53,3308.37,3346.71,2848592.2
1732201200,3346.71,3347.99,3239.0,3277.86,4305120.9
1732204800,3277.71,3343.0,3277.7,3333.17,2016212.5
1732208400,3333.17,3353.0,3314.24,3351.52,981974.6
1732212000,3351.53,3385.3,3340.39,3380.8,1200874.0
1732215600,3380.81,3388.47,3337.79,3348.54,1419048.2
1732219200,3348.58,3369.46,3335.37,3349.56,641933.7
1732222800,3349.56,3357.65,3335.3,3346.46,459807.4
1732226400,3346.46,3380.0,3344.94,3371.93,586792.0
1732230000,3371.93,3377.37,3355.01,3356.72,535706.7
1732233600,3356.73,3374.0,3310.9,3317.92,1061543.7
1732237200,3317.65,3332.3,3305.12,3323.2,888820.6
1732240800,3323.2,3344.0,3320.27,3331.43,791952.4
1732244400,3331.42,3382.0,3321.7,3366.8,1434280.7
1732248000,3366.79,3429.11,3358.09,3392.33,2183249.8
1732251600,3392.34,3396.85,3371.01,3377.35,867703.5
1732255200,3377.35,3385.77,3356.05,3373.29,924582.1
1732258800,3373.29,3390.0,3358.49,3363.58,877684.5
1732262400,3363.58,3382.5,3363.57,3373.0,572885.8
1732266000,3373.01,3385.27,3351.0,3365.01,894910.8
1732269600,3365.01,3371.1,3316.71,3322.91,1558710.6
1732273200,3322.99,3347.14,3312.05,3345.48,1013915.2
1732276800,3345.47,3358.21,3328.91,3349.42,1044229.2
1732280400,3349.43,3349.77,3255.17,3294.03,3783023.5
1732284000,3294.08,3312.59,3280.47,3289.09,1534816.7
1732287600,3289.1,3324.45,3283.64,3314.53,1263936.1
1732291200,3314.53,3318.58,3291.12,3309.92,884188.8
1732294800,3309.92,3322.94,3294.01,3297.45,589950.7
1732298400,3297.45,3308.73,3266.28,3280.65,724713.3
1732302000,3280.56,3298.95,3265.01,3283.1,817433.8
1732305600,3283.09,3298.56,3273.4,3291.58,454473.0
1732309200,3291.58,3318.35,3280.0,3317.37,499016.5
1732312800,3317.36,3320.0,3301.3,3308.39,413792.9
1732316400,3308.4,3331.44,3307.14,3328.0,367025.5
1732320000,3328.0,3366.0,3317.49,3342.35,1196814.5
1732323600,3342.36,3358.83,3323.49,3344.4,742236.9
1732327200,3344.4,3349.21,3313.07,3326.8,577340.8
1732330800,3326.8,3346.67,3320.51,3346.67,492487.4
1732334400,3346.67,3357.73,3327.14,3355.42,1094964.5
1732338000,3355.42,3363.66,3328.0,3349.4,627226.7
1732341600,3349.32,3352.67,3341.86,3344.4,249358.6
1732345200,3344.4,3352.46,3335.05,3342.33,411723.4
1732348800,3342.33,3406.0,3336.41,3369.9,2257197.7
1732352400,3369.9,3375.0,3339.2,3360.92,1027616.1
1732356000,3360.93,3368.62,3343.3,3349.19,563348.3
1732359600,3349.19,3365.44,3347.87,3354.93,374370.0
1732363200,3354.93,3429.99,3349.63,3400.16,2034188.9
1732366800,3400.17,3446.58,3392.25,3436.18,1628018.8
1732370400,3436.18,3497.29,3428.31,3472.78,2547028.3
1732374000,3472.6,3481.4,3445.19,3461.58,1288083.8
1732377600,3461.59,3472.4,3379.69,3415.01,3011189.5
1732381200,3415.01,3436.9,3390.31,3426.3,1205836.0
1732384800,3426.3,3432.94,3402.5,3424.92,500196.8
1732388400,3424.92,3434.0,3400.17,3408.76,422684.3
1732392000,3408.76,3409.79,3380.0,3406.24,723764.8
1732395600,3406.25,3428.49,3402.52,3418.0,334098.1
1732399200,3418.0,3424.57,3393.33,3406.5,287332.1
1732402800,3406.41,3407.84,3382.01,3394.59,421527.0
1732406400,3394.59,3426.76,3389.34,3417.77,606201.9
1732410000,3417.77,3437.75,3415.53,3433.5,591107.5
1732413600,3433.5,3450.4,3429.34,3430.72,541533.5
1732417200,3430.72,3433.93,3418.04,3428.67,486649.5
1732420800,3428.68,3433.8,3399.26,3414.88,810034.4
1732424400,3414.99,3422.31,3398.5,3414.19,538567.6
1732428000,3414.12,3431.73,3402.11,3423.97,459994.8
1732431600,3423.97,3428.2,3410.33,3423.4,272320.5
1732435200,3423.39,3429.72,3390.13,3395.79,713122.2
1732438800,3395.78,3407.0,3388.75,3405.0,576095.0
1732442400,3405.0,3405.84,3361.2,3375.94,995866.0
1732446000,3375.93,3381.31,3340.0,3345.26,1792533.9
1732449600,3345.27,3358.0,3281.85,3316.0,2704583.4
1732453200,3316.0,3341.09,3305.93,3325.73,1394859.8
1732456800,3325.58,3334.0,3285.29,3327.09,1600200.5
1732460400,3327.09,3328.67,3293.01,3295.99,899322.9
1732464000,3296.0,3333.51,3288.63,3319.01,898538.4
1732467600,3319.01,3320.21,3299.09,3310.43,583185.0
1732471200,3310.42,3336.59,3308.0,3327.55,418829.5
1732474800,3327.55,3330.05,3310.64,3327.03,280838.6
1732478400,3327.03,3344.46,3322.04,3341.77,306702.4
1732482000,3341.78,3347.25,3331.4,3345.51,208176.7
1732485600,3345.57,3365.0,3337.44,3359.79,575140.7
1732489200,3359.8,3374.0,3351.5,3361.63,875430.0
1732492800,3361.62,3366.4,3335.12,3350.0,696970.5
1732496400,3350.01,3354.8,3301.0,3329.26,1095331.3
1732500000,3329.26,3350.95,3328.56,3338.83,539657.3
1732503600,3338.84,3371.41,3338.83,3362.66,526093.6
1732507200,3362.66,3388.64,3361.48,3366.78,1020559.6
1732510800,3366.78,3392.8,3366.4,3382.39,671897.3
1732514400,3382.39,3390.98,3374.52,3381.38,409080.0
1732518000,3381.38,3421.88,3370.04,3400.0,1372915.6
1732521600,3400.0,3415.49,3397.3,3413.04,649413.5
1732525200,3413.04,3485.7,3410.39,3478.09,2509091.9
1732528800,3478.08,3529.61,3461.03,3503.21,2355123.8
1732532400,3503.21,3509.43,3455.5,3474.1,1608803.3
1732536000,3474.1,3501.81,3471.82,3483.53,1245038.5
1732539600,3483.52,3496.28,3450.0,3476.94,1942448.1
1732543200,3476.98,3522.2,3405.67,3409.2,4134667.6
1732546800,3409.2,3539.57,3348.66,3518.58,5826129.9
1732550400,3518.59,3548.8,3461.08,3485.02,3284865.8
1732554000,3485.0,3486.78,3425.55,3464.02,2114305.3
1732557600,3464.01,3483.26,3438.96,3449.77,1012042.1
1732561200,3449.77,3486.17,3430.61,3465.1,986370.6
1732564800,3465.1,3504.6,3457.66,3503.77,655289.5
1732568400,3503.87,3506.59,3416.21,3440.19,998510.8
1732572000,3440.19,3455.7,3364.0,3452.0,1805236.5
1732575600,3452.13,3472.99,3409.35,3415.59,1150068.7
1732579200,3415.51,3452.75,3396.8,3426.15,1341705.4
1732582800,3426.32,3463.48,3422.96,3448.99,594788.8
1732586400,3448.99,3457.14,3438.01,3446.64,441872.2
1732590000,3446.64,3448.79,3422.22,3435.47,558333.0
1732593600,3435.48,3440.0,3415.6,3421.22,535433.3
1732597200,3421.22,3433.75,3410.2,3432.56,462612.5
1732600800,3432.57,3444.54,3418.0,3423.81,515294.1
1732604400,3423.82,3424.31,3382.5,3395.51,1366727.0
1732608000,3395.5,3398.11,3352.32,3374.41,2018202.2
1732611600,3374.41,3392.7,3343.6,3358.3,1459029.8
1732615200,3358.3,3369.8,3315.0,3319.11,1739044.6
1732618800,3319.11,3332.68,3281.6,3324.51,2375475.1
1732622400,3324.5,3341.65,3300.36,3313.34,1248106.9
1732626000,3313.34,3336.83,3303.51,3312.81,758906.2
1732629600,3312.81,3362.77,3290.61,3345.96,1837480.6
1732633200,3345.95,3354.69,3296.51,3297.08,1490184.4
1732636800,3297.08,3338.98,3292.04,3336.37,1159776.2
1732640400,3336.36,3338.4,3309.06,3327.9,574208.2
1732644000,3327.92,3332.8,3253.0,3282.71,1948945.6
1732647600,3282.67,3301.61,3264.15,3301.21,933071.0
1732651200,3301.21,3334.6,3289.15,3324.71,1022545.3
1732654800,3324.64,3332.75,3303.8,3324.23,470851.2
1732658400,3324.48,3345.69,3320.21,3325.97,434919.8
1732662000,3325.97,3334.29,3316.59,3325.66,298318.1
1732665600,3325.67,3347.27,3306.34,3310.33,734411.2
1732669200,3310.33,3348.29,3302.5,3343.01,660418.2
1732672800,3343.01,3367.39,3319.2,3365.39,989865.4
1732676400,3365.39,3373.7,3351.04,3361.45,641719.6
1732680000,3361.45,3435.98,3359.54,3401.65,2260038.1
1732683600,3401.64,3414.99,3385.01,3400.0,870704.1
1732687200,3400.0,3446.77,3398.86,3427.63,1349377.7
1732690800,3427.63,3438.37,3419.98,3424.5,725159.9
1732694400,3424.49,3439.8,3413.07,3423.11,965751.9
1732698000,3423.11,3424.99,3403.31,3414.0,539733.0
1732701600,3414.0,3487.13,3412.28,3456.0,1655142.3
1732705200,3456.0,3467.5,3434.09,3461.47,1163386.3
1732708800,3461.47,3485.0,3441.55,3477.97,1187732.4
1732712400,3477.97,3507.82,3472.66,3506.45,1490569.6
1732716000,3506.45,3529.52,3468.52,3520.49,2261459.2
1732719600,3520.5,3574.62,3517.33,3552.99,2837294.1
1732723200,3553.0,3575.9,3540.2,3558.4,1891865.4
1732726800,3558.4,3571.93,3535.01,3561.2,992861.9
1732730400,3561.2,3595.79,3553.96,3586.68,1183785.0
1732734000,3586.68,3613.33,3573.65,3590.8,1251392.9
1732737600,3590.79,3631.61,3589.0,3625.68,973602.1
1732741200,3625.69,3647.64,3614.0,3633.91,1223373.9
1732744800,3633.9,3679.0,3633.42,3666.0,1220197.8
1732748400,3666.0,3686.75,3652.0,3654.21,1059740.0
1732752000,3654.21,3663.49,3635.01,3643.56,1036062.4
1732755600,3643.56,3647.91,3617.32,3639.69,758498.4
1732759200,3639.81,3645.59,3618.0,3622.97,477451.3
1732762800,3622.98,3629.68,3565.23,3600.0,1793488.4
1732766400,3600.0,3615.7,3581.33,3605.2,825128.1
1732770000,3605.2,3619.64,3586.0,3590.27,594638.0
1732773600,3590.27,3604.93,3567.4,3595.53,815733.4
1732777200,3595.53,3611.99,3585.06,3593.42,605318.8
1732780800,3593.42,3639.5,3575.66,3629.84,1262430.4
1732784400,3629.85,3632.02,3597.74,3598.8,619102.9
1732788000,3598.81,3624.67,3577.68,3604.21,1145998.2
1732791600,3604.2,3637.67,3590.41,3620.95,942722.9
1732795200,3620.96,3643.79,3607.4,3623.48,968018.3
1732798800,3623.54,3623.99,3583.11,3589.79,1056229.8
1732802400,3589.78,3609.0,3550.01,3568.76,2045005.0
1732806000,3568.76,3577.82,3538.0,3543.25,1663417.8
1732809600,3543.24,3560.62,3530.22,3541.78,965504.9
1732813200,3541.77,3564.82,3541.58,3554.23,563253.8
1732816800,3554.25,3584.0,3553.63,3579.49,444898.9
1732820400,3579.48,3585.78,3565.0,3576.06,264582.2
1732824000,3576.06,3576.13,3550.58,3557.71,280357.5
1732827600,3557.71,3579.19,3557.71,3572.62,184381.9
1732831200,3572.61,3603.6,3568.25,3593.51,433687.0
1732834800,3593.52,3598.0,3576.0,3579.79,501369.0
1732838400,3579.78,3586.65,3552.75,3559.38,592647.5
1732842000,3559.39,3571.87,3551.38,3566.51,345830.9
1732845600,3566.44,3602.98,3565.6,3601.63,746807.7
1732849200,3601.64,3603.6,3580.02,3584.88,476362.1
1732852800,3584.89,3589.49,3563.35,3579.74,485751.5
1732856400,3579.75,3597.46,3576.06,3578.69,461894.8
1732860000,3578.69,3587.97,3556.22,3562.1,673756.1
1732863600,3562.1,3567.78,3533.6,3545.73,1106399.9
1732867200,3545.74,3570.9,3545.73,3570.42,478004.7
1732870800,3570.42,3581.38,3561.12,3568.81,517680.0
1732874400,3568.81,3585.71,3562.9,3585.69,486496.2
1732878000,3585.68,3601.33,3573.08,3594.82,624771.8
1732881600,3594.83,3601.44,3573.34,3587.01,785314.2
1732885200,3587.02,3616.84,3584.63,3610.98,1145986.2
1732888800,3610.98,3637.99,3597.0,3634.59,1211055.4
1732892400,3634.59,3648.0,3602.5,3613.91,1590779.6
1732896000,3613.92,3620.59,3585.34,3597.78,1152117.7
1732899600,3597.79,3602.54,3578.76,3584.17,727707.0
1732903200,3584.17,3594.44,3570.28,3574.6,417252.7
1732906800,3574.6,3586.8,3560.02,3583.83,486997.9
1732910400,3583.83,3604.88,3577.73,3593.09,286832.0
1732914000,3593.09,3595.08,3575.7,3592.55,204515.3
1732917600,3592.31,3605.75,3585.1,3596.86,266178.3
1732921200,3596.86,3599.56,3589.87,3592.64,200974.4
1732924800,3592.64,3611.93,3577.91,3591.09,553348.8
1732928400,3591.09,3624.98,3567.78,3601.01,830703.7
1732932000,3601.0,3649.99,3594.01,3626.19,1226555.6
1732935600,3626.18,3663.47,3617.41,3657.78,1083741.4
1732939200,3657.79,3670.15,3635.0,3652.72,820003.8
1732942800,3652.72,3696.14,3639.45,3695.01,1102547.3
1732946400,3695.01,3727.6,3686.08,3696.73,2022294.0
1732950000,3696.74,3718.0,3686.99,3703.5,775494.8
1732953600,3703.5,3718.58,3691.0,3694.36,619188.3
1732957200,3694.36,3696.85,3678.41,3693.06,583873.6
1732960800,3693.07,3693.93,3638.01,3642.93,1191621.2
1732964400,3642.93,3664.09,3631.4,3654.55,692327.2
1732968000,3654.55,3682.67,3652.83,3682.44,482732.7
1732971600,3682.43,3682.98,3666.2,3668.01,416756.4
1732975200,3668.01,3684.54,3652.43,3656.75,500004.1
1732978800,3656.76,3686.53,3652.0,3674.69,462337.8
1732982400,3674.7,3684.0,3658.07,3676.63,518739.1
1732986000,3676.63,3688.92,3666.0,3677.91,320763.9
1732989600,3677.91,3680.23,3664.55,3672.09,268177.8
1732993200,3672.09,3697.8,3666.6,3690.01,375318.9
1732996800,3690.0,3713.69,3687.01,3712.79,322378.2
1733000400,3712.78,3735.6,3695.11,3720.58,740792.6
1733004000,3720.59,3727.4,3701.21,3708.88,569275.3
1733007600,3708.93,3740.0,3702.0,3703.88,636653.6
1733011200,3703.87,3728.13,3688.03,3689.18,784191.9
1733014800,3689.18,3731.92,3676.02,3710.5,1122411.9
1733018400,3710.49,3714.55,3658.42,3664.55,1331256.7
1733022000,3664.56,3713.53,3663.58,3707.5,738417.4
1733025600,3707.49,3708.0,3688.23,3702.51,497432.8
1733029200,3702.48,3702.48,3682.1,3683.32,294928.3
1733032800,3683.33,3706.71,3681.4,3700.41,318468.9
1733036400,3700.4,3718.1,3694.0,3702.99,421965.8
1733040000,3702.99,3718.15,3699.21,3708.6,640735.6
1733043600,3708.61,3711.7,3691.26,3701.79,375833.3
1733047200,3701.78,3702.21,3675.1,3683.42,591905.3
1733050800,3683.41,3698.49,3679.68,3692.8,367019.0
1733054400,3692.8,3695.82,3680.04,3682.51,273741.9
1733058000,3682.52,3713.48,3679.04,3701.99,621845.9
1733061600,3701.99,3712.63,3695.09,3706.61,452583.1
1733065200,3706.61,3747.99,3701.6,3728.92,1378927.7
1733068800,3728.92,3745.0,3723.5,3726.68,701499.5
1733072400,3726.69,3730.7,3706.07,3724.21,709611.7
1733076000,3724.18,3732.67,3708.27,3712.4,380070.6
1733079600,3712.39,3719.2,3694.3,3708.43,413514.3
1733083200,3708.43,3711.43,3680.0,3691.33,476198.9
1733086800,3691.33,3707.46,3687.27,3707.46,234083.0
1733090400,3707.46,3736.6,3702.8,3722.82,593477.7
1733094000,3722.83,3730.25,3703.28,3709.0,460459.6
1733097600,3708.99,3721.64,3693.45,3703.19,540393.3
1733101200,3703.18,3742.42,3698.81,3735.69,1027506.2
1733104800,3735.69,3743.8,3705.61,3743.79,814895.3
1733108400,3743.79,3764.06,3674.49,3687.0,2028893.8
1733112000,3687.01,3697.35,3650.21,3691.61,1850060.1
1733115600,3691.61,3710.99,3672.69,3677.01,845673.8
1733119200,3677.0,3684.74,3655.6,3681.0,803868.1
1733122800,3680.99,3686.38,3653.0,3667.01,695035.6
1733126400,3667.01,3673.35,3587.57,3604.16,2832611.5
1733130000,3604.16,3623.0,3595.3,3622.52,937917.9
1733133600,3622.51,3623.71,3573.18,3580.2,1283032.3
1733137200,3580.2,3599.75,3570.72,3590.01,849706.5
1733140800,3590.0,3616.13,3583.65,3596.73,714504.7
1733144400,3596.72,3630.69,3591.81,3626.82,788436.9
1733148000,3626.82,3665.26,3615.81,3640.61,1569530.4
1733151600,3640.62,3680.69,3620.7,3672.59,1467850.5
1733155200,3672.42,3682.47,3618.22,3626.91,1446005.3
1733158800,3626.92,3645.88,3557.3,3567.49,1887019.2
1733162400,3567.49,3634.0,3565.32,3623.36,976979.8
1733166000,3623.37,3623.58,3585.0,3613.47,623622.4
1733169600,3613.51,3631.91,3603.04,3615.84,454490.4
1733173200,3615.83,3629.95,3601.0,3616.6,383896.5
1733176800,3616.65,3623.94,3597.54,3615.59,311357.9
1733180400,3615.59,3645.99,3612.41,3644.64,452920.0
1733184000,3644.64,3648.79,3622.25,3638.41,486913.3
1733187600,3638.41,3654.98,3618.53,3620.57,595435.3
1733191200,3620.56,3659.88,3609.0,3644.76,759766.5
1733194800,3644.76,3658.4,3636.43,3641.01,412779.8
1733198400,3641.0,3656.99,3636.66,3645.62,331843.2
1733202000,3645.62,3666.0,3641.48,3656.49,397287.3
1733205600,3656.49,3672.38,3627.5,3635.38,743005.6
1733209200,3635.38,3643.05,3600.18,3617.67,1417958.7
1733212800,3617.67,3635.79,3601.38,3615.0,803265.0
1733216400,3614.99,3616.42,3597.06,3611.41,545375.7
1733220000,3611.4,3619.62,3586.04,3595.67,602610.9
1733223600,3595.67,3615.6,3592.42,3614.54,615208.8
1733227200,3614.54,3619.0,3598.6,3606.41,428439.0
1733230800,3606.42,3610.1,3538.85,3547.0,2115596.0
1733234400,3547.0,3586.37,3502.0,3580.39,3481325.8
1733238000,3580.38,3598.0,3558.0,3572.43,1517038.6
1733241600,3572.43,3595.87,3543.0,3552.89,990283.4
1733245200,3552.68,3579.45,3539.32,3579.21,740797.1
1733248800,3579.21,3584.9,3566.35,3579.37,331795.4
1733252400,3579.37,3580.94,3550.42,3577.9,315762.1
1733256000,3577.89,3611.61,3575.32,3607.71,542655.3
1733259600,3607.66,3629.53,3604.45,3612.89,587651.0
1733263200,3612.9,3633.86,3595.51,3633.41,459767.7
1733266800,3633.41,3634.8,3611.81,3615.37,613460.8
1733270400,3615.37,3698.0,3615.34,3695.57,1493483.4
1733274000,3695.58,3709.55,3675.2,3686.95,1865235.1
1733277600,3686.94,3688.94,3630.45,3649.54,1369394.1
1733281200,3649.54,3677.53,3649.36,3663.0,608917.0
1733284800,3663.0,3676.49,3661.4,3671.12,304220.2
1733288400,3671.12,3688.0,3670.01,3683.85,532252.5
1733292000,3683.84,3696.14,3664.62,3694.99,559341.8
1733295600,3695.0,3722.89,3683.0,3715.55,1102346.5
1733299200,3715.55,3721.0,3697.59,3703.7,724190.4
1733302800,3703.69,3732.99,3697.77,3727.08,822628.3
1733306400,3727.09,3742.91,3712.41,3722.51,930013.8
1733310000,3722.51,3754.04,3718.18,3728.77,1131024.4
1733313600,3728.77,3744.5,3698.01,3718.42,1187755.2
1733317200,3718.41,3737.51,3690.73,3709.29,1429666.3
1733320800,3709.37,3795.89,3694.52,3780.0,2596656.2
1733324400,3779.97,3856.84,3765.6,3822.6,4129347.5
1733328000,3822.61,3831.23,3735.02,3757.45,3329398.0
1733331600,3757.46,3820.63,3756.0,3811.6,1692651.7
1733335200,3811.6,3839.9,3796.58,3823.4,1017603.3
1733338800,3823.39,3844.65,3817.59,3841.6,670625.2
1733342400,3841.61,3888.79,3830.29,3879.8,1648147.6
1733346000,3879.81,3888.0,3833.81,3839.19,988166.6
1733349600,3839.19,3872.71,3834.94,3842.6,493553.9
1733353200,3842.6,3861.0,3821.83,3839.42,733577.0
1733356800,3839.42,3841.57,3798.08,3798.48,867294.5
1733360400,3798.48,3827.99,3767.77,3802.41,1683095.0
1733364000,3802.4,3885.43,3799.0,3859.52,1984176.8
1733367600,3859.52,3910.4,3822.15,3836.92,2673725.6
1733371200,3836.92,3884.0,3834.72,3859.2,1101990.3
1733374800,3859.2,3873.0,3825.4,3850.17,814817.5
1733378400,3850.18,3867.23,3823.0,3853.01,793157.1
1733382000,3853.01,3869.41,3846.01,3852.29,662248.4
1733385600,3852.29,3926.98,3852.29,3910.0,1949800.7
1733389200,3910.0,3924.0,3902.29,3922.79,870861.0
1733392800,3922.78,3938.62,3910.05,3917.7,1070400.1
1733396400,3917.69,3946.58,3911.0,3933.6,862737.3
1733400000,3933.61,3943.36,3920.2,3927.52,766890.4
1733403600,3927.51,3939.88,3917.0,3920.03,547539.4
1733407200,3920.03,3958.8,3903.15,3929.46,1237678.8
1733410800,3929.46,3931.5,3862.0,3889.1,2207029.4
1733414400,3889.1,3923.0,3871.56,3903.79,1130742.1
1733418000,3903.84,3928.0,3894.2,3920.1,572358.7
1733421600,3920.11,3925.11,3866.0,3871.22,714160.4
1733425200,3871.21,3889.23,3821.47,3833.0,1368752.7
1733428800,3833.01,3848.48,3787.05,3826.4,1874023.1
1733432400,3826.4,3859.79,3820.6,3856.76,712718.9
1733436000,3856.51,3862.4,3648.0,3805.35,3538786.1
1733439600,3805.34,3820.99,3764.69,3786.4,1296357.7
1733443200,3786.41,3886.26,3778.95,3863.99,1597637.7
1733446800,3863.99,3890.0,3839.47,3871.31,1098005.2
1733450400,3871.32,3879.8,3851.28,3879.19,634052.9
1733454000,3879.19,3916.65,3851.67,3908.59,1138690.2
1733457600,3908.6,3916.23,3890.82,3904.15,655741.1
1733461200,3904.03,3904.75,3875.0,3890.16,634344.7
1733464800,3890.16,3931.26,3889.72,3907.41,811637.7
1733468400,3907.41,3908.35,3886.27,3894.81,646736.0
1733472000,3894.81,3912.0,3879.08,3880.77,619712.5
1733475600,3880.78,3888.95,3856.67,3870.01,1225692.0
1733479200,3870.0,3877.72,3846.21,3865.5,920254.6
1733482800,3865.51,3880.97,3853.39,3868.27,577848.2
1733486400,3868.55,3884.9,3833.76,3837.96,825561.4
1733490000,3837.99,3895.0,3836.97,3889.37,1514519.7
1733493600,3889.36,3985.92,3874.45,3985.21,2690388.5
1733497200,3985.4,4042.0,3975.15,3994.6,3806813.4
1733500800,3994.6,4016.68,3982.6,4005.19,1005938.0
1733504400,4005.2,4044.62,4005.19,4018.12,1094530.7
1733508000,4018.12,4060.87,4010.02,4052.6,1050996.2
1733511600,4052.6,4076.04,4044.15,4068.62,813109.4
1733515200,4068.62,4090.0,4026.02,4045.95,1173738.6
1733518800,4045.97,4058.7,4020.45,4025.0,528299.6
1733522400,4024.99,4042.42,4022.99,4025.5,374592.0
1733526000,4025.5,4028.52,3991.71,4000.25,760495.2
1733529600,4000.24,4026.81,3993.34,4015.01,595926.2
1733533200,4015.01,4018.67,3980.05,3982.41,882117.5
1733536800,3982.42,4002.92,3976.3,3992.8,439334.2
1733540400,3992.79,3995.5,3970.6,3987.82,424751.0
1733544000,3987.82,4001.26,3981.49,3995.8,403160.5
1733547600,3995.8,4004.0,3982.0,3989.6,374108.0
1733551200,3989.59,3993.0,3976.78,3979.2,313088.4
1733554800,3979.2,3988.88,3966.58,3986.88,534524.7
1733558400,3986.88,3996.68,3975.0,3980.0,364843.1
1733562000,3980.0,3992.71,3978.81,3987.3,213010.0
1733565600,3987.27,3987.59,3975.34,3983.3,212710.9
1733569200,3983.2,4010.8,3981.6,3999.09,521477.3
1733572800,3999.06,4006.15,3989.8,4000.04,278440.6
1733576400,4000.04,4008.9,3992.0,3995.2,246117.4
1733580000,3995.2,4009.0,3975.94,3998.56,573914.0
1733583600,3998.55,4008.17,3988.14,4004.99,381012.7
1733587200,4004.99,4006.75,3985.6,3997.99,369425.8
1733590800,3998.0,3999.2,3987.0,3992.7,196823.6
1733594400,3992.69,4017.95,3992.69,4012.26,326410.6
1733598000,4012.26,4021.71,4003.63,4012.89,265491.3
1733601600,4012.88,4025.83,4008.4,4018.0,176259.7
1733605200,4018.01,4023.57,3998.0,4006.19,209215.6
1733608800,4006.2,4009.55,3991.71,3995.05,246072.9
1733612400,3995.05,4013.6,3994.26,3997.43,203249.1
1733616000,3997.43,4007.49,3994.25,4005.06,167939.0
1733619600,4005.05,4010.5,3986.04,3994.09,266738.1
1733623200,3994.09,4003.86,3990.01,3998.99,142094.3
1733626800,3998.99,4003.0,3989.57,3990.31,168676.6
1733630400,3990.32,3997.55,3980.48,3980.51,394152.8
1733634000,3980.52,3985.8,3960.33,3972.0,663513.9
1733637600,3972.01,3984.0,3960.01,3980.6,419557.8
1733641200,3980.6,3988.0,3973.2,3981.17,248541.9
1733644800,3981.16,3982.57,3935.62,3940.98,1108021.2
1733648400,3940.99,3959.0,3923.32,3936.76,875248.4
1733652000,3936.76,3965.77,3936.76,3963.41,538957.2
1733655600,3963.41,3981.56,3956.83,3972.38,514757.0
1733659200,3972.38,3992.8,3959.05,3985.68,585056.7
1733662800,3985.68,4004.93,3980.0,3998.01,632450.6
1733666400,3998.01,3998.99,3976.89,3979.27,508879.8
1733670000,3979.27,4001.99,3956.05,3991.81,809314.9
1733673600,3991.82,4000.7,3976.64,3984.49,400878.7
1733677200,3984.49,3991.87,3974.12,3986.45,262911.0
1733680800,3986.46,3988.07,3965.16,3968.8,220335.1
1733684400,3968.75,3993.85,3964.6,3990.74,229655.7
1733688000,3990.74,3993.6,3976.76,3977.5,151212.5
1733691600,3977.5,3993.86,3976.47,3992.31,109513.4
1733695200,3992.31,4012.0,3989.33,4010.65,307775.4
1733698800,4010.64,4017.73,3988.59,4005.45,666897.2
1733702400,4005.45,4007.21,3953.19,3972.99,1045913.2
1733706000,3972.92,3981.4,3943.05,3945.71,697806.4
1733709600,3945.7,3959.99,3935.39,3942.68,570969.1
1733713200,3942.67,3956.0,3906.0,3930.79,1036408.0
1733716800,3930.8,3942.0,3904.02,3940.99,963280.0
1733720400,3940.99,3949.77,3935.0,3944.34,346250.0
1733724000,3944.34,3944.42,3907.44,3917.0,682568.8
1733727600,3917.0,3929.07,3881.3,3918.87,1592132.5
1733731200,3918.87,3921.9,3861.84,3868.55,1573887.0
1733734800,3868.41,3888.0,3851.4,3874.17,1210205.7
1733738400,3874.17,3889.63,3866.43,3885.58,526828.5
1733742000,3885.58,3885.59,3842.61,3852.64,1015706.7
1733745600,3852.64,3868.0,3838.0,3864.85,930217.7
1733749200,3864.85,3904.13,3852.08,3897.21,1080454.9
1733752800,3897.22,3945.0,3877.48,3931.64,1587639.1
1733756400,3931.63,3937.78,3805.68,3825.1,3739411.5
1733760000,3825.1,3866.58,3808.41,3846.68,1529469.0
1733763600,3846.69,3864.39,3826.78,3828.0,639930.5
1733767200,3828.01,3859.0,3827.12,3838.01,490530.4
1733770800,3838.01,3838.01,3786.11,3796.54,1081030.4
1733774400,3796.53,3805.0,3723.03,3744.6,2405337.6
1733778000,3744.6,3748.1,3451.16,3698.5,7649243.3
1733781600,3698.5,3730.67,3506.0,3714.03,4351485.0
1733785200,3714.02,3735.0,3689.15,3712.4,1210159.9
1733788800,3712.41,3781.02,3678.27,3767.57,1641474.3
1733792400,3767.57,3774.85,3724.56,3758.31,973868.7
1733796000,3758.31,3758.31,3686.0,3687.34,1022643.2
1733799600,3687.35,3699.0,3615.25,3682.22,2840676.5
1733803200,3682.22,3710.27,3638.08,3708.79,1319141.8
1733806800,3708.79,3714.41,3679.07,3703.58,631210.2
1733810400,3703.57,3742.59,3691.6,3738.62,787008.4
1733814000,3738.63,3739.81,3718.0,3733.89,622362.4
1733817600,3733.88,3752.59,3713.11,3742.81,647908.6
1733821200,3742.81,3765.9,3735.59,3751.47,661198.7
1733824800,3751.47,3773.0,3749.61,3763.13,611950.2
1733828400,3763.12,3763.32,3738.45,3749.67,418414.8
1733832000,3749.64,3754.49,3666.0,3677.27,1747278.6
1733835600,3677.27,3713.91,3674.46,3694.09,1134412.8
1733839200,3694.09,3732.5,3656.0,3671.5,2236421.2
1733842800,3671.5,3687.77,3555.71,3568.68,4399685.9
1733846400,3568.61,3619.15,3529.61,3613.71,3800195.8
1733850000,3613.72,3616.15,3520.01,3528.03,2331535.9
1733853600,3528.03,3596.94,3515.71,3581.12,1659373.6
1733857200,3581.13,3634.54,3577.2,3628.44,875337.6
1733860800,3628.44,3658.4,3619.55,3646.87,844192.4
1733864400,3646.89,3675.05,3627.9,3638.86,792740.4
1733868000,3638.86,3655.62,3629.13,3632.65,587029.1
1733871600,3632.65,3652.55,3612.6,3628.28,663830.7
1733875200,3628.29,3638.0,3580.93,3612.0,838381.6
1733878800,3611.99,3614.58,3565.79,3567.99,898367.4
1733882400,3567.98,3658.76,3563.02,3651.51,1171036.8
1733886000,3651.51,3668.94,3648.3,3665.21,720583.7
1733889600,3665.2,3680.2,3656.71,3667.81,577533.4
1733893200,3667.81,3674.98,3646.22,3659.55,447089.6
1733896800,3659.54,3678.0,3651.01,3674.33,446081.8
1733900400,3674.34,3681.89,3650.47,3652.25,487501.2
1733904000,3652.24,3708.12,3651.27,3696.51,1084520.4
1733907600,3696.51,3700.67,3683.56,3700.39,474161.4
1733911200,3700.49,3708.85,3695.0,3707.99,355724.1
1733914800,3707.99,3728.0,3704.4,3716.99,736178.3
1733918400,3717.0,3737.3,3710.33,3722.54,681886.2
1733922000,3722.53,3750.0,3708.3,3743.62,1338454.8
1733925600,3743.62,3778.0,3716.0,3770.27,1350177.1
1733929200,3770.28,3821.0,3762.38,3787.47,2232880.8
1733932800,3787.47,3803.19,3779.74,3797.02,941301.1
1733936400,3797.02,3813.77,3756.81,3762.45,828855.4
1733940000,3762.44,3808.0,3753.07,3790.15,723323.1
1733943600,3790.09,3812.74,3788.1,3803.68,348349.9
1733947200,3803.68,3843.37,3802.61,3832.43,710389.7
1733950800,3832.44,3834.66,3811.16,3828.34,330749.0
1733954400,3828.33,3846.93,3822.61,3835.69,342869.1
1733958000,3835.7,3848.68,3824.27,3831.99,338904.9
1733961600,3832.0,3837.59,3805.66,3818.0,496514.1
1733965200,3818.0,3823.97,3796.36,3804.56,439336.7
1733968800,3804.57,3887.96,3802.09,3881.28,984349.9
1733972400,3881.33,3948.9,3850.23,3936.0,2359317.8
1733976000,3936.0,3945.98,3895.4,3909.81,1032198.9
1733979600,3909.8,3948.0,3902.38,3926.12,855197.4
1733983200,3926.12,3937.99,3908.0,3937.55,672312.0
1733986800,3937.54,3942.0,3903.85,3906.62,581534.0
1733990400,3906.62,3922.0,3901.01,3912.34,503665.0
1733994000,3912.34,3937.47,3911.68,3922.92,462992.7
1733997600,3922.93,3926.68,3890.99,3926.53,931674.8
1734001200,3926.53,3938.82,3903.77,3913.99,822590.7
1734004800,3913.99,3964.81,3913.99,3956.46,1111168.2
1734008400,3956.45,3981.59,3916.29,3942.55,2476816.8
1734012000,3942.56,3987.21,3931.08,3981.92,1851552.6
1734015600,3981.92,3988.58,3939.36,3958.39,1493904.4
1734019200,3958.39,3987.48,3930.11,3934.89,1190239.4
1734022800,3934.88,3968.0,3928.68,3962.77,685397.7
1734026400,3962.77,3967.78,3913.6,3921.37,608086.5
1734030000,3921.37,3934.0,3854.83,3871.58,1707851.7
1734033600,3871.58,3902.49,3864.98,3887.39,642392.6
1734037200,3887.34,3896.52,3862.26,3866.12,477787.6
1734040800,3866.12,3887.0,3835.11,3882.58,1117216.4
1734044400,3882.59,3887.0,3858.25,3881.58,373588.5
1734048000,3881.57,3906.1,3874.23,3889.1,511885.7
1734051600,3889.1,3890.0,3852.45,3884.63,786477.5
1734055200,3884.63,3928.0,3878.8,3906.99,1055628.2
1734058800,3906.99,3942.2,3901.66,3933.4,860341.3
1734062400,3933.4,3937.49,3913.0,3917.62,511451.3
1734066000,3917.61,3932.46,3904.2,3909.72,493142.1
1734069600,3909.71,3927.88,3886.4,3886.7,662022.7
1734073200,3886.69,3905.0,3871.0,3885.62,929894.6
1734076800,3885.62,3904.0,3874.0,3898.59,474664.9
1734080400,3898.58,3904.3,3875.14,3889.87,423883.6
1734084000,3889.88,3908.0,3872.19,3904.23,609457.4
1734087600,3904.24,3924.29,3901.33,3901.48,568384.4
1734091200,3901.49,3931.97,3901.48,3930.78,689671.4
1734094800,3930.75,3937.65,3908.77,3924.99,608841.4
1734098400,3924.99,3952.0,3918.2,3951.85,766469.1
1734102000,3951.84,3968.66,3879.04,3886.21,2169767.3
1734105600,3886.22,3935.7,3879.41,3912.19,1437274.2
1734109200,3912.2,3947.16,3908.05,3940.08,730913.2
1734112800,3940.08,3941.61,3912.3,3913.05,526499.8
1734116400,3913.06,3927.33,3911.27,3918.4,229492.9
1734120000,3918.4,3936.64,3909.6,3917.51,352663.1
1734123600,3917.51,3918.19,3891.07,3902.22,319179.7
1734127200,3902.22,3907.33,3892.07,3896.6,195363.0
1734130800,3896.59,3914.24,3895.09,3907.13,196966.6
1734134400,3907.13,3927.27,3895.6,3906.0,442882.5
1734138000,3906.0,3946.76,3905.99,3925.7,765225.2
1734141600,3925.69,3928.27,3902.14,3913.01,466343.5
1734145200,3913.0,3922.21,3905.0,3911.21,272934.3
1734148800,3911.21,3918.2,3906.99,3915.81,233836.2
1734152400,3915.81,3922.44,3908.99,3921.0,180237.4
1734156000,3921.0,3936.5,3918.36,3932.13,383727.6
1734159600,3932.14,3934.4,3919.39,3921.0,262213.6
1734163200,3921.0,3932.19,3917.01,3925.8,232893.2
1734166800,3925.81,3927.66,3911.26,3912.11,301047.2
1734170400,3912.1,3912.81,3886.0,3898.2,835902.3
1734174000,3898.2,3906.8,3891.12,3894.61,300095.9
1734177600,3894.6,3899.0,3864.06,3869.58,816742.7
1734181200,3869.58,3876.77,3846.55,3864.29,1180209.7
1734184800,3864.29,3893.33,3863.26,3884.06,612047.8
1734188400,3884.06,3894.22,3877.5,3888.68,387119.3
1734192000,3888.67,3898.23,3868.38,3893.4,565414.3
1734195600,3893.4,3899.11,3841.61,3859.01,871851.3
1734199200,3859.01,3863.88,3827.28,3834.0,748520.6
1734202800,3834.05,3861.6,3831.07,3859.27,408112.1
1734206400,3859.28,3866.53,3824.28,3833.35,405432.0
1734210000,3833.35,3858.0,3832.0,3848.2,220531.5
1734213600,3848.2,3868.0,3839.22,3862.89,213894.4
1734217200,3862.89,3877.95,3855.0,3870.36,346583.2
1734220800,3870.36,3876.02,3856.16,3865.24,178255.3
1734224400,3865.25,3896.0,3864.2,3890.0,429146.5
1734228000,3890.01,3893.97,3882.33,3884.68,250733.1
1734231600,3884.68,3887.8,3873.13,3874.79,197416.0
1734235200,3874.8,3912.86,3873.16,3898.17,603706.9
1734238800,3898.17,3905.22,3891.4,3893.01,277039.3
1734242400,3893.01,3895.46,3876.06,3878.38,393087.7
1734246000,3878.39,3883.83,3831.8,3845.02,1077963.5
1734249600,3845.02,3865.31,3837.1,3861.95,491932.3
1734253200,3861.95,3868.0,3851.07,3863.38,437577.2
1734256800,3863.39,3875.51,3860.32,3860.33,281516.4
1734260400,3860.33,3878.83,3859.2,3878.04,325428.2
1734264000,3878.03,3893.86,3868.66,3884.77,679390.0
1734267600,3884.76,3894.62,3873.16,3884.01,517441.4
1734271200,3884.02,3911.93,3882.97,3907.8,496125.4
1734274800,3907.81,3910.04,3886.51,3895.03,449024.4
1734278400,3895.03,3921.99,3886.21,3912.27,606089.6
1734282000,3912.27,3917.4,3901.97,3910.16,244270.1
1734285600,3910.15,3914.19,3891.78,3898.73,241634.5
1734289200,3898.74,3914.24,3898.21,3903.78,122145.2
1734292800,3903.78,3911.62,3889.03,3891.57,146789.7
1734296400,3891.58,3892.74,3843.62,3856.0,881731.9
1734300000,3855.99,3897.63,3850.0,3889.21,490200.8
1734303600,3889.22,3976.85,3887.21,3960.22,1813041.0
1734307200,3960.21,4020.0,3949.06,4001.37,1732262.4
1734310800,4001.36,4026.74,3991.0,4010.65,1043927.6
1734314400,4010.65,4012.82,3961.26,3972.01,966378.1
1734318000,3972.01,3978.81,3928.0,3943.48,1040088.3
1734321600,3943.48,3962.96,3937.02,3955.29,611547.6
1734325200,3955.29,3972.76,3946.42,3967.03,398896.1
1734328800,3967.04,3975.9,3950.48,3958.12,433946.5
1734332400,3958.12,3983.71,3953.0,3973.99,546209.9
1734336000,3973.99,3976.0,3952.5,3952.81,488125.8
1734339600,3952.82,3960.77,3935.72,3942.98,699900.8
1734343200,3942.99,3955.5,3925.57,3951.47,707713.3
1734346800,3951.46,3953.79,3903.01,3910.76,1003703.6
1734350400,3910.75,3926.67,3886.0,3894.78,1351778.9
1734354000,3894.78,3914.83,3883.0,3898.98,772247.3
1734357600,3898.97,3960.0,3898.61,3929.85,1628447.1
1734361200,3929.99,3949.99,3917.15,3941.6,1176122.7
1734364800,3941.61,3973.5,3939.0,3963.2,1167846.3
1734368400,3963.2,4043.66,3959.1,4034.98,2055473.2
1734372000,4034.99,4109.56,4032.83,4087.59,2274505.1
1734375600,4087.59,4089.4,4032.87,4058.2,1456649.4
1734379200,4058.2,4073.16,4037.44,4044.3,692212.8
1734382800,4044.31,4055.0,4018.43,4047.32,573747.0
1734386400,4047.31,4053.0,4023.44,4030.89,366828.0
1734390000,4030.89,4038.66,3979.73,3986.22,1010300.6
1734393600,3986.21,3990.27,3949.14,3959.11,1154328.8
1734397200,3959.11,3993.33,3942.8,3987.44,899724.4
1734400800,3987.43,4024.0,3987.0,4009.83,976845.0
1734404400,4009.84,4041.65,4008.01,4035.0,720613.8
1734408000,4035.01,4035.01,4000.29,4005.98,696946.8
1734411600,4005.99,4027.99,3999.21,4024.45,477760.3
1734415200,4024.45,4031.37,3996.38,4011.12,600290.3
1734418800,4011.12,4026.01,3982.41,3994.61,787520.1
1734422400,3994.6,4019.18,3993.0,4010.69,554456.7
1734426000,4010.7,4031.63,4004.02,4026.98,531359.7
1734429600,4026.99,4029.99,4004.59,4012.2,486296.8
1734433200,4012.2,4024.48,3989.8,3998.2,582059.6
1734436800,3998.19,4014.32,3986.52,4003.0,610260.1
1734440400,4003.0,4019.79,3995.0,4007.51,513659.8
1734444000,4007.5,4026.0,3975.69,4019.55,1563919.6
1734447600,4019.55,4019.56,3914.7,3938.4,3342490.1
1734451200,3938.4,3962.34,3921.59,3953.14,1201268.1
1734454800,3953.14,3985.72,3942.5,3974.79,737007.1
1734458400,3974.79,3981.94,3925.13,3931.36,913791.9
1734462000,3931.37,3954.92,3917.66,3944.8,706013.6
1734465600,3944.79,3952.26,3924.73,3936.72,542323.7
1734469200,3936.72,3953.46,3921.15,3932.72,445606.0
1734472800,3932.72,3938.0,3852.32,3883.01,1602387.1
1734476400,3883.0,3894.0,3847.2,3892.45,1339091.4
1734480000,3892.44,3903.53,3856.04,3883.49,954749.5
1734483600,3883.41,3897.6,3833.24,3845.1,991998.5
1734487200,3845.21,3880.0,3838.38,3871.03,727650.1
1734490800,3871.03,3875.0,3837.65,3849.68,707887.1
1734494400,3849.68,3851.59,3813.51,3840.68,1341750.3
1734498000,3840.67,3862.15,3828.46,3836.76,834863.3
1734501600,3836.76,3849.99,3803.42,3829.0,955258.6
1734505200,3829.0,3856.0,3825.0,3846.99,595147.1
1734508800,3846.99,3861.68,3841.56,3842.4,450266.5
1734512400,3842.4,3877.98,3841.48,3869.58,681342.7
1734516000,3869.59,3877.12,3860.8,3873.53,388934.7
1734519600,3873.53,3887.77,3872.0,3882.4,432616.6
1734523200,3882.39,3891.61,3852.21,3861.64,966535.4
1734526800,3861.64,3875.64,3852.67,3856.1,482244.7
1734530400,3856.15,3873.6,3833.01,3838.18,1009209.1
1734534000,3838.19,3873.33,3825.62,3868.0,1037315.8
1734537600,3868.0,3880.0,3836.07,3872.01,947359.0
1734541200,3872.02,3893.15,3855.5,3879.99,555933.4
1734544800,3879.99,3903.84,3867.12,3899.21,558942.4
1734548400,3899.4,3910.14,3768.0,3768.0,2722907.1
1734552000,3768.0,3786.39,3630.0,3695.3,7752458.1
1734555600,3695.13,3714.93,3662.56,3692.59,1600060.0
1734559200,3692.51,3703.62,3664.6,3681.08,1000483.0
1734562800,3681.07,3681.47,3618.43,3627.74,1576166.1
1734566400,3627.75,3664.8,3626.19,3655.82,1023413.1
1734570000,3655.91,3657.91,3596.0,3609.89,1181792.3
1734573600,3609.64,3653.0,3541.0,3648.59,3362056.4
1734577200,3648.4,3672.99,3644.0,3668.05,1251482.1
1734580800,3668.04,3676.17,3652.33,3653.63,571552.2
1734584400,3653.62,3679.78,3653.38,3670.7,577600.2
1734588000,3670.7,3692.11,3664.0,3679.53,564156.2
1734591600,3679.52,3696.99,3677.8,3692.87,591108.4
1734595200,3692.87,3692.88,3666.04,3668.92,659058.0
1734598800,3668.92,3680.0,3664.0,3679.98,432059.0
1734602400,3679.98,3720.0,3671.25,3707.45,939934.0
1734606000,3707.46,3712.86,3696.84,3705.79,439300.1
1734609600,3705.78,3710.66,3674.63,3679.85,654681.2
1734613200,3679.85,3699.43,3673.03,3679.11,681647.5
1734616800,3679.11,3702.95,3635.79,3639.02,1642381.6
1734620400,3639.02,3641.47,3572.0,3613.81,3309707.2
1734624000,3613.81,3638.1,3588.93,3620.62,1243907.9
1734627600,3620.61,3621.81,3387.0,3478.69,6441951.9
1734631200,3478.65,3520.98,3401.59,3519.7,4364117.4
1734634800,3519.7,3528.56,3375.0,3440.19,3535770.1
1734638400,3440.19,3443.22,3322.0,3381.97,4534007.0
1734642000,3381.92,3454.0,3349.98,3418.96,1610451.5
1734645600,3419.03,3464.97,3403.74,3459.36,763677.3
1734649200,3459.22,3459.35,3416.02,3417.21,703484.2
1734652800,3417.21,3438.6,3382.2,3412.46,1445559.8
1734656400,3412.45,3431.85,3373.34,3379.78,1264716.9
1734660000,3379.93,3466.0,3370.38,3454.87,1482333.4
1734663600,3454.87,3457.1,3406.66,3413.98,839706.8
1734667200,3413.9,3431.45,3393.31,3394.01,830827.2
1734670800,3394.01,3403.6,3352.82,3357.64,1274181.0
1734674400,3357.64,3390.99,3328.11,3359.96,1799337.5
1734678000,3359.96,3418.99,3358.09,3390.82,1912261.2
1734681600,3390.82,3391.33,3280.01,3291.42,4084154.3
1734685200,3291.42,3315.71,3260.1,3266.37,2800109.2
1734688800,3266.37,3278.88,3120.0,3186.81,6327014.6
1734692400,3186.71,3218.15,3102.28,3104.6,4564182.1
1734696000,3104.82,3254.6,3101.0,3235.8,3923885.6
1734699600,3235.8,3313.0,3206.82,3296.86,3326718.5
1734703200,3296.86,3356.39,3271.96,3328.26,2791711.8
1734706800,3327.95,3396.11,3326.26,3373.8,2606062.3
1734710400,3373.8,3427.22,3366.17,3383.1,2397129.0
1734714000,3383.28,3453.05,3370.85,3437.39,1455698.7
1734717600,3437.22,3450.85,3412.38,3429.0,803497.9
1734721200,3428.99,3498.0,3427.41,3479.66,1271194.2
1734724800,3479.66,3480.75,3438.44,3440.97,679841.1
1734728400,3440.98,3450.63,3394.16,3440.51,1084836.7
1734732000,3440.51,3480.33,3434.38,3471.99,479164.6
1734735600,3472.0,3489.73,3459.41,3472.2,476648.2
1734739200,3472.2,3478.44,3446.5,3457.9,470727.2
1734742800,3457.89,3484.0,3455.08,3473.11,529043.8
1734746400,3473.1,3489.78,3460.02,3474.43,464725.1
1734750000,3474.43,3478.49,3455.42,3468.22,376949.3
1734753600,3468.22,3489.22,3460.92,3483.33,420953.2
1734757200,3483.34,3532.8,3476.52,3532.19,974347.5
1734760800,3532.2,3533.0,3504.0,3531.05,1062796.2
1734764400,3531.05,3554.98,3522.73,3523.15,1054819.3
1734768000,3523.15,3527.64,3480.01,3484.85,931543.6
1734771600,3484.84,3489.08,3457.0,3482.91,1151768.0
1734775200,3482.91,3497.41,3456.02,3466.23,964710.5
1734778800,3466.24,3471.38,3423.82,3442.48,1123850.0
1734782400,3442.4,3444.27,3400.01,3403.05,1558360.5
1734786000,3403.06,3423.3,3345.5,3390.27,2801948.0
1734789600,3390.27,3417.9,3372.1,3374.9,1331553.0
1734793200,3374.91,3404.45,3373.0,3390.4,627424.5
1734796800,3390.4,3401.94,3357.25,3370.38,1228017.9
1734800400,3370.32,3388.82,3349.17,3382.39,918880.3
1734804000,3382.4,3392.86,3351.72,3363.89,576485.0
1734807600,3363.94,3364.91,3325.87,3360.49,1066302.1
1734811200,3360.49,3390.0,3348.49,3357.23,863387.5
1734814800,3357.23,3362.91,3303.46,3318.19,859626.1
1734818400,3318.19,3338.95,3292.86,3331.32,713769.9
1734822000,3331.32,3343.91,3303.28,3339.1,455763.1
1734825600,3339.11,3371.09,3323.52,3363.1,791843.7
1734829200,3363.1,3375.4,3336.0,3356.48,542903.9
1734832800,3356.49,3368.0,3328.88,3336.88,461316.4
1734836400,3336.74,3362.0,3318.7,3356.14,688991.3
1734840000,3356.14,3362.31,3309.05,3311.81,689132.1
1734843600,3311.94,3338.77,3294.75,3330.39,899609.1
1734847200,3330.39,3350.0,3322.66,3342.39,379073.3
1734850800,3342.39,3349.27,3322.5,3332.33,378909.5
1734854400,3332.33,3366.87,3331.05,3357.0,639247.2
1734858000,3356.99,3402.56,3349.6,3383.46,958746.7
1734861600,3383.47,3403.74,3378.02,3379.6,574139.9
1734865200,3379.48,3391.96,3374.43,3381.35,361234.2
1734868800,3381.36,3398.28,3368.3,3375.6,577788.6
1734872400,3375.6,3391.61,3362.64,3371.63,741169.4
1734876000,3371.64,3378.55,3273.58,3278.79,2374824.0
1734879600,3278.79,3316.21,3277.6,3302.35,1150580.9
1734883200,3302.36,3337.35,3290.53,3333.65,889881.2
1734886800,3333.64,3336.48,3311.58,3315.2,417597.1
1734890400,3315.2,3339.53,3297.74,3311.3,633312.0
1734894000,3311.33,3319.39,3237.37,3247.51,1107364.1
1734897600,3247.51,3291.34,3220.27,3290.58,1060357.7
1734901200,3290.6,3310.59,3273.77,3283.59,527818.3
1734904800,3283.58,3291.56,3234.06,3288.69,854848.9
1734908400,3288.68,3306.26,3267.68,3281.88,660720.0
1734912000,3281.88,3290.99,3249.36,3255.22,797261.9
1734915600,3255.26,3297.77,3216.47,3261.39,1635955.6
1734919200,3261.39,3286.72,3230.05,3282.61,970278.0
1734922800,3282.61,3357.55,3275.2,3351.32,1836600.2
1734926400,3351.31,3363.96,3316.81,3325.02,1163732.2
1734930000,3325.02,3332.5,3300.92,3319.72,739049.2
1734933600,3319.71,3322.49,3260.57,3277.02,1313505.4
1734937200,3277.02,3306.76,3272.98,3305.14,673388.9
1734940800,3305.14,3319.57,3293.05,3316.8,579910.1
1734944400,3316.79,3344.37,3315.41,3336.93,850908.9
1734948000,3336.92,3353.99,3333.73,3349.68,662661.8
1734951600,3349.62,3356.51,3331.8,3339.55,467049.1
1734955200,3339.51,3363.0,3335.22,3349.23,695549.8
1734958800,3349.23,3353.29,3308.01,3317.89,1073084.9
1734962400,3317.88,3356.0,3281.67,3313.01,2270816.0
1734966000,3313.0,3313.81,3268.12,3277.81,1772320.8
1734969600,3277.81,3384.42,3271.37,3374.51,2318879.4
1734973200,3374.52,3383.88,3328.05,3336.18,1584740.2
1734976800,3336.18,3348.86,3297.14,3304.81,786954.8
1734980400,3304.81,3354.82,3303.91,3338.7,814284.0
1734984000,3338.69,3417.06,3328.96,3404.35,924359.0
1734987600,3404.35,3459.99,3403.4,3423.2,1322525.0
1734991200,3423.19,3466.99,3416.83,3459.41,650027.1
1734994800,3459.41,3465.5,3415.05,3422.11,664618.7
1734998400,3422.1,3426.89,3390.0,3419.04,665265.3
1735002000,3419.04,3423.05,3376.26,3383.59,692886.5
1735005600,3383.6,3392.76,3358.12,3373.4,871141.2
1735009200,3373.4,3399.5,3373.18,3397.78,535587.6
1735012800,3397.78,3417.67,3387.38,3413.75,611317.9
1735016400,3413.75,3435.5,3408.29,3423.81,478466.8
1735020000,3423.81,3427.28,3387.09,3393.43,653515.8
1735023600,3393.42,3416.17,3385.01,3401.29,518220.2
1735027200,3401.29,3417.51,3393.35,3413.82,456655.8
1735030800,3413.82,3415.49,3385.3,3399.04,502362.7
1735034400,3399.04,3405.99,3390.09,3393.52,306508.1
1735038000,3393.51,3416.09,3392.95,3414.25,436340.9
1735041600,3414.27,3415.98,3395.35,3406.64,467770.0
1735045200,3406.64,3456.66,3401.6,3452.75,1151383.7
1735048800,3452.75,3472.23,3430.64,3455.97,1339668.6
1735052400,3455.96,3512.12,3443.68,3493.55,1924098.2
1735056000,3493.55,3519.77,3476.0,3480.41,1270739.6
1735059600,3480.41,3511.77,3480.0,3502.25,718075.5
1735063200,3502.25,3541.88,3486.54,3493.58,1086887.0
1735066800,3493.59,3500.43,3465.5,3466.05,532650.1
1735070400,3466.01,3469.37,3431.09,3450.44,878205.3
1735074000,3450.44,3493.84,3443.94,3489.75,472623.2
1735077600,3489.76,3500.79,3477.76,3493.52,316833.0
1735081200,3493.51,3505.8,3489.74,3493.7,298482.5
1735084800,3493.55,3497.37,3478.36,3482.92,406610.1
1735088400,3482.9,3492.0,3466.67,3473.67,472815.8
1735092000,3473.66,3493.5,3457.89,3485.88,649130.6
1735095600,3485.88,3496.73,3468.39,3478.52,436110.3
1735099200,3478.59,3492.93,3469.66,3488.99,296976.0
1735102800,3489.0,3498.98,3482.95,3492.73,342412.7
1735106400,3492.74,3510.98,3482.46,3487.21,519610.7
1735110000,3487.21,3506.0,3479.7,3489.42,453992.9
1735113600,3489.41,3502.79,3481.14,3489.78,400513.3
1735117200,3489.79,3500.0,3484.0,3495.47,301089.0
1735120800,3495.46,3548.5,3492.0,3514.32,1741583.6
1735124400,3514.29,3525.0,3464.65,3472.01,1150335.4
1735128000,3472.04,3493.4,3457.0,3478.1,954483.1
1735131600,3478.3,3491.39,3473.42,3482.63,337423.6
1735135200,3482.63,3502.66,3478.37,3490.85,427552.0
1735138800,3490.86,3491.93,3458.54,3473.2,591582.9
1735142400,3473.2,3479.11,3441.0,3454.79,856019.4
1735146000,3454.79,3472.86,3447.21,3471.81,362385.9
1735149600,3471.8,3479.73,3465.47,3471.06,280259.7
1735153200,3471.07,3488.9,3467.32,3481.66,330853.9
1735156800,3481.73,3488.68,3466.13,3473.55,262399.0
1735160400,3473.54,3482.96,3450.22,3468.09,437326.0
1735164000,3468.08,3486.19,3460.56,3475.92,333408.8
1735167600,3475.92,3500.65,3475.0,3497.25,377428.1
1735171200,3497.26,3515.76,3475.0,3482.84,671176.3
1735174800,3482.84,3490.0,3465.0,3476.91,447234.8
1735178400,3476.97,3481.36,3455.97,3460.91,568216.2
1735182000,3460.91,3466.81,3450.24,3455.82,417625.1
1735185600,3455.82,3455.83,3426.01,3441.6,916962.5
1735189200,3441.65,3448.18,3428.08,3442.36,414482.6
1735192800,3442.36,3451.52,3432.69,3440.0,374189.4
1735196400,3440.0,3446.74,3416.69,3422.33,793786.1
1735200000,3422.4,3426.37,3346.26,3366.76,2786708.3
1735203600,3366.76,3380.95,3363.96,3372.5,634695.1
1735207200,3372.51,3378.99,3357.77,3369.67,544976.8
1735210800,3369.67,3384.22,3366.66,3373.39,414466.3
1735214400,3373.38,3373.38,3354.77,3358.26,511766.1
1735218000,3358.25,3362.41,3336.21,3353.98,921059.0
1735221600,3353.98,3374.16,3328.07,3340.26,1139903.3
1735225200,3340.26,3360.32,3329.6,3344.24,669055.8
1735228800,3344.24,3363.9,3335.21,3356.99,823000.4
1735232400,3356.99,3365.69,3312.79,3327.76,1028222.0
1735236000,3327.75,3340.26,3316.99,3337.69,446978.3
1735239600,3337.69,3342.0,3314.02,3339.96,552685.0
1735243200,3339.95,3342.23,3308.05,3330.58,473910.7
1735246800,3330.58,3344.48,3303.53,3337.4,571432.1
1735250400,3337.39,3350.84,3333.63,3340.51,277101.5
1735254000,3340.51,3342.02,3310.53,3334.85,420618.2
1735257600,3334.85,3349.18,3317.06,3347.42,574928.8
1735261200,3347.41,3373.77,3340.82,3363.57,724767.9
1735264800,3363.57,3389.31,3351.02,3365.0,884783.1
1735268400,3364.99,3386.0,3359.69,3379.01,398708.5
1735272000,3378.93,3393.93,3373.63,3379.33,468406.3
1735275600,3379.33,3385.0,3363.21,3383.99,371190.6
1735279200,3383.99,3398.27,3372.01,3397.71,419891.9
1735282800,3397.72,3399.34,3316.79,3326.0,1710421.1
1735286400,3326.0,3372.46,3326.0,3358.94,1151219.9
1735290000,3359.09,3444.0,3357.79,3422.37,2055119.8
1735293600,3422.35,3429.27,3385.23,3402.65,869275.8
1735297200,3402.64,3421.03,3397.31,3419.41,500792.3
1735300800,3419.41,3423.63,3407.49,3413.99,333148.7
1735304400,3413.89,3415.44,3378.52,3388.15,634415.7
1735308000,3388.14,3394.71,3338.83,3359.42,1399719.1
1735311600,3359.42,3360.85,3307.6,3326.03,1679513.4
1735315200,3326.02,3338.0,3309.28,3316.8,791911.8
1735318800,3316.79,3353.0,3308.14,3350.45,910254.0
1735322400,3350.44,3367.0,3342.01,3362.18,593459.5
1735326000,3362.18,3363.0,3342.29,3355.0,442965.6
1735329600,3355.0,3355.7,3334.8,3340.51,365860.2
1735333200,3340.51,3345.0,3317.66,3319.59,314192.0
1735336800,3319.58,3335.0,3309.63,3320.29,424787.1
1735340400,3320.29,3337.45,3315.65,3333.18,358358.0
1735344000,3333.03,3347.98,3331.51,3343.88,365334.7
1735347600,3343.88,3347.43,3321.97,3334.36,424148.3
1735351200,3334.37,3343.6,3327.22,3327.22,200553.9
1735354800,3327.22,3352.41,3326.84,3345.2,292130.5
1735358400,3345.2,3348.3,3339.68,3344.12,160184.4
1735362000,3344.06,3362.99,3344.06,3347.85,375880.5
1735365600,3347.84,3350.66,3333.51,3342.3,300171.6
1735369200,3342.3,3350.0,3333.2,3335.8,259420.2
1735372800,3335.81,3347.88,3333.01,3345.1,204078.4
1735376400,3345.09,3359.8,3342.65,3351.2,367637.9
1735380000,3351.2,3354.05,3337.43,3340.39,294591.7
1735383600,3340.39,3364.32,3340.06,3359.33,384567.8
1735387200,3359.33,3365.54,3352.04,3353.23,369995.5
1735390800,3353.23,3371.62,3351.26,3365.93,451091.7
1735394400,3365.92,3396.79,3363.7,3373.78,1119346.8
1735398000,3373.79,3388.67,3365.34,3368.55,498770.5
1735401600,3368.55,3388.0,3365.16,3387.79,318401.5
1735405200,3387.8,3415.0,3382.13,3394.67,779302.1
1735408800,3394.67,3398.0,3385.0,3391.07,289033.2
1735412400,3391.07,3403.52,3390.82,3401.21,194576.7
1735416000,3401.21,3404.8,3393.2,3400.66,101610.2
1735419600,3400.66,3405.95,3389.62,3403.64,121819.7
1735423200,3403.64,3429.41,3397.45,3410.68,496503.8
1735426800,3410.68,3413.76,3397.11,3404.0,177914.4
1735430400,3404.0,3406.5,3386.57,3393.8,223589.7
1735434000,3393.8,3396.7,3375.57,3378.8,319165.0
1735437600,3378.79,3393.5,3376.57,3388.69,237501.1
1735441200,3388.69,3390.59,3378.15,3383.39,203234.8
1735444800,3383.4,3394.1,3381.48,3389.31,160532.9
1735448400,3389.31,3392.12,3384.54,3387.94,102224.5
1735452000,3387.93,3399.0,3380.0,3397.6,300268.8
1735455600,3397.6,3408.0,3392.53,3407.23,385253.0
1735459200,3407.22,3409.99,3394.38,3396.96,241434.1
1735462800,3397.0,3406.66,3390.09,3405.99,290613.5
1735466400,3406.0,3414.47,3402.21,3404.33,339704.2
1735470000,3404.39,3408.48,3397.05,3398.48,172606.4
1735473600,3398.47,3404.99,3390.81,3392.0,275499.8
1735477200,3392.0,3400.68,3387.52,3399.48,271945.5
1735480800,3399.47,3411.73,3354.26,3370.02,1413051.8
1735484400,3370.01,3384.01,3364.41,3373.66,342025.8
1735488000,3373.66,3376.59,3345.09,3356.83,851583.9
1735491600,3356.83,3366.0,3348.32,3361.69,361537.4
1735495200,3361.68,3370.97,3351.25,3362.17,256861.2
1735498800,3362.18,3370.56,3357.67,3362.96,203897.8
1735502400,3363.04,3363.04,3335.04,3359.38,463973.0
1735506000,3359.38,3369.0,3341.34,3350.65,252176.1
1735509600,3350.61,3362.0,3326.08,3341.05,530843.5
1735513200,3341.04,3367.0,3326.29,3356.66,451207.8
1735516800,3356.66,3392.2,3348.48,3386.0,668698.9
1735520400,3386.0,3437.5,3383.46,3420.7,1473896.2
1735524000,3420.7,3426.5,3404.01,3417.62,502792.4
1735527600,3417.62,3425.96,3402.89,3404.0,435518.1
1735531200,3404.0,3418.13,3391.19,3391.83,406891.3
1735534800,3391.82,3410.2,3388.92,3408.36,361338.8
1735538400,3408.36,3431.68,3406.18,3431.09,720999.6
1735542000,3431.08,3432.88,3408.83,3426.96,533261.3
1735545600,3426.96,3434.96,3413.0,3422.62,408276.3
1735549200,3422.61,3427.84,3413.01,3422.11,291140.8
1735552800,3422.11,3428.48,3412.35,3413.0,287588.9
1735556400,3413.01,3425.48,3395.01,3424.78,668743.7
1735560000,3424.78,3430.95,3404.09,3409.71,495142.0
1735563600,3409.72,3413.8,3330.01,3337.49,2059525.9
1735567200,3337.5,3353.26,3310.0,3315.64,1715179.9
1735570800,3315.63,3345.01,3304.7,3324.02,1580226.1
1735574400,3324.01,3342.92,3317.01,3339.78,698982.0
1735578000,3339.77,3409.59,3331.59,3391.57,1586471.1
1735581600,3391.57,3406.35,3382.66,3397.56,669556.6
1735585200,3397.57,3408.52,3388.57,3402.61,416234.6
1735588800,3402.6,3420.21,3396.58,3399.7,480298.3
1735592400,3399.6,3401.66,3308.16,3318.78,1361788.9
1735596000,3318.79,3368.0,3317.01,3358.76,650152.2
1735599600,3358.77,3368.39,3347.01,3361.32,365886.5
1735603200,3361.32,3364.64,3326.87,3329.01,740418.7
1735606800,3329.02,3347.97,3315.56,3340.98,676313.3
1735610400,3341.0,3349.58,3333.0,3343.88,344701.8
1735614000,3343.88,3347.8,3332.41,3341.2,282020.6
1735617600,3341.19,3354.17,3331.42,3334.54,300347.9
1735621200,3334.55,3348.9,3329.19,3344.99,251673.7
1735624800,3344.99,3364.64,3340.5,3354.19,512179.1
1735628400,3354.18,3362.3,3350.53,3354.52,231866.6
1735632000,3354.51,3410.74,3353.5,3380.02,1414242.8
1735635600,3380.01,3394.98,3378.0,3389.74,396478.5
1735639200,3389.75,3401.13,3380.52,3395.7,411189.9
1735642800,3395.71,3400.63,3389.81,3395.3,261004.8
1735646400,3395.31,3414.45,3393.27,3393.54,617777.8
1735650000,3393.71,3442.68,3393.54,3428.58,1247650.4
1735653600,3428.58,3452.02,3420.2,3427.88,894955.9
1735657200,3427.87,3434.28,3404.46,3413.63,736520.1
1735660800,3413.63,3417.0,3390.57,3409.14,792671.7
1735664400,3409.15,3411.57,3330.24,3363.46,1749707.8
1735668000,3363.45,3373.5,3350.11,3360.87,529104.0
1735671600,3360.88,3369.2,3343.75,3355.87,333287.1
1735675200,3355.86,3365.3,3337.5,3347.32,353629.9
1735678800,3347.32,3355.44,3331.05,3352.79,312474.1
1735682400,3352.78,3352.78,3328.01,3340.12,345189.0
1735686000,3340.11,3346.37,3328.43,3337.53,204354.2
1735689600,3337.52,3366.42,3336.16,3364.3,365897.5
1735693200,3364.29,3366.26,3342.33,3346.45,306978.8
1735696800,3346.45,3368.68,3346.0,3362.63,242432.0
1735700400,3362.64,3363.71,3350.42,3355.23,181483.5
1735704000,3355.23,3356.8,3338.91,3341.01,334655.8
1735707600,3341.01,3351.89,3339.45,3345.61,184168.0
1735711200,3345.61,3348.73,3336.39,3346.87,218427.7
1735714800,3346.86,3349.66,3339.65,3347.38,141004.6
1735718400,3347.38,3349.59,3331.06,3336.52,326440.9
1735722000,3336.52,3340.91,3314.22,3335.19,877931.4
1735725600,3335.19,3340.0,3325.35,3327.35,350832.0
1735729200,3327.34,3349.94,3323.49,3341.71,455332.7
1735732800,3341.71,3352.82,3339.05,3347.71,270823.8
1735736400,3347.71,3354.31,3332.96,3344.21,406396.7
1735740000,3344.21,3360.6,3328.08,3346.53,599708.6
1735743600,3346.53,3355.8,3333.01,3353.6,407410.0
1735747200,3353.61,3357.97,3332.54,3339.28,416339.4
1735750800,3339.28,3346.01,3323.08,3344.24,418223.2
1735754400,3344.24,3352.6,3333.54,3349.28,244514.6
1735758000,3349.29,3366.0,3338.44,3357.51,357153.4
1735761600,3357.51,3363.29,3352.43,3360.44,180465.7
1735765200,3360.42,3371.9,3353.77,3369.0,296482.0
1735768800,3368.99,3375.0,3359.38,3361.6,275546.7
1735772400,3361.6,3367.31,3352.68,3360.39,281326.0
1735776000,3360.39,3401.23,3355.0,3390.6,941143.7
1735779600,3390.6,3406.0,3378.19,3384.04,530377.2
1735783200,3384.04,3398.8,3378.23,3398.79,346471.0
1735786800,3398.79,3402.63,3387.57,3389.0,234376.0
1735790400,3389.0,3427.99,3388.5,3418.33,764391.1
1735794000,3418.32,3419.68,3404.57,3413.0,489161.5
1735797600,3413.0,3416.31,3402.69,3410.91,322470.7
1735801200,3410.9,3422.68,3408.89,3420.24,374585.5
1735804800,3420.24,3443.05,3414.62,3438.09,800289.3
1735808400,3438.09,3471.99,3434.39,3467.99,921384.5
1735812000,3467.99,3476.99,3458.0,3468.86,714314.3
1735815600,3468.86,3475.5,3456.7,3471.06,455514.5
1735819200,3471.06,3481.57,3465.68,3480.3,508551.3
1735822800,3480.29,3484.77,3460.42,3466.36,756449.6
1735826400,3466.36,3511.82,3440.27,3495.5,2561511.1
1735830000,3495.49,3496.38,3456.13,3463.49,1057274.8
1735833600,3463.5,3490.0,3448.27,3469.86,880021.5
1735837200,3469.86,3479.49,3430.12,3451.06,894180.3
1735840800,3451.05,3466.0,3441.0,3465.84,624297.2
1735844400,3465.83,3475.49,3459.56,3463.69,352714.7
1735848000,3463.68,3476.08,3452.5,3453.87,271830.6
1735851600,3453.89,3457.06,3443.53,3455.15,278585.1
1735855200,3455.14,3455.14,3421.75,3441.37,470016.7
1735858800,3441.37,3457.21,3438.07,3456.14,290090.9
1735862400,3456.14,3467.28,3446.63,3450.04,337051.5
1735866000,3450.05,3466.63,3443.0,3465.6,325659.1
1735869600,3465.63,3477.96,3457.1,3457.98,420113.4
1735873200,3457.83,3473.2,3456.28,3470.86,257955.5
1735876800,3470.87,3471.15,3456.09,3458.61,295806.3
1735880400,3458.64,3461.04,3444.63,3456.03,433005.1
1735884000,3456.03,3462.0,3441.84,3442.75,333572.7
1735887600,3442.75,3444.55,3432.0,3433.34,502472.5
1735891200,3433.33,3443.21,3423.23,3430.55,581396.5
1735894800,3430.54,3451.68,3429.73,3444.3,498696.1
1735898400,3444.32,3452.69,3438.68,3446.07,252673.4
1735902000,3446.08,3467.89,3446.08,3465.96,423132.8
1735905600,3465.97,3477.29,3461.48,3464.04,494039.2
1735909200,3464.04,3498.0,3463.67,3481.82,996290.6
1735912800,3481.82,3537.0,3481.0,3527.74,1943744.4
1735916400,3527.73,3575.77,3520.12,3564.99,2020939.3
1735920000,3565.0,3599.41,3564.99,3584.43,1996602.3
1735923600,3584.44,3593.89,3573.17,3575.24,645634.7
1735927200,3575.25,3617.99,3574.36,3605.73,1274413.6
1735930800,3605.73,3632.0,3602.4,3623.23,793095.4
1735934400,3623.23,3623.89,3600.01,3601.03,512088.3
1735938000,3601.03,3617.24,3594.77,3614.42,441599.8
1735941600,3614.43,3623.93,3610.25,3615.98,312347.4
1735945200,3615.98,3618.0,3605.01,3609.68,379058.7
1735948800,3609.68,3622.94,3603.0,3603.24,338380.2
1735952400,3603.24,3605.22,3583.22,3597.09,522555.5
1735956000,3597.09,3601.19,3583.4,3597.0,291885.7
1735959600,3597.0,3601.3,3591.37,3598.48,193497.7
1735963200,3598.47,3598.48,3584.34,3592.31,233664.5
1735966800,3592.32,3596.5,3587.06,3596.39,216361.6
1735970400,3596.39,3608.0,3595.0,3600.23,377418.9
1735974000,3600.23,3611.13,3593.22,3594.04,335050.4
1735977600,3594.03,3604.15,3585.0,3585.01,406094.1
1735981200,3585.01,3596.22,3584.0,3589.79,319289.1
1735984800,3589.79,3593.27,3572.39,3588.54,478257.1
1735988400,3588.55,3606.3,3585.0,3601.91,471533.0
1735992000,3601.9,3644.95,3600.4,3635.0,1390046.0
1735995600,3635.0,3649.76,3627.11,3644.5,790975.4
1735999200,3644.49,3646.85,3632.36,3637.0,396453.9
1736002800,3637.0,3664.82,3592.02,3608.0,1968214.3
1736006400,3608.0,3629.38,3601.42,3622.46,796166.8
1736010000,3622.45,3634.73,3619.99,3633.97,386072.6
1736013600,3633.96,3645.78,3619.2,3627.19,377709.4
1736017200,3627.2,3639.99,3624.05,3631.29,185362.5
1736020800,3631.29,3669.96,3631.29,3660.66,672626.2
1736024400,3660.65,3672.66,3654.78,3658.73,403656.2
1736028000,3658.73,3664.35,3646.48,3660.06,259154.3
1736031600,3660.06,3666.0,3651.02,3657.06,261092.7
1736035200,3657.06,3677.99,3648.35,3650.26,454058.8
1736038800,3650.27,3651.9,3631.89,3637.45,371209.6
1736042400,3637.44,3646.31,3635.54,3641.95,197093.0
1736046000,3641.95,3642.67,3629.52,3638.54,227613.2
1736049600,3638.54,3650.0,3637.62,3644.04,294859.9
1736053200,3644.04,3644.29,3631.11,3633.2,196772.2
1736056800,3633.2,3642.3,3629.0,3639.17,195205.6
1736060400,3639.18,3641.6,3630.69,3632.55,204743.2
1736064000,3632.55,3634.0,3608.0,3620.36,745954.8
1736067600,3620.37,3624.15,3605.39,3610.35,418945.8
1736071200,3610.37,3618.67,3603.02,3616.2,314107.7
1736074800,3616.21,3621.99,3609.64,3614.0,219853.2
1736078400,3613.99,3623.75,3605.29,3614.34,317990.8
1736082000,3614.34,3628.45,3613.0,3615.0,333328.6
1736085600,3614.99,3629.56,3593.15,3623.25,1081542.6
1736089200,3623.21,3639.99,3619.2,3629.49,554369.5
1736092800,3629.5,3641.71,3624.26,3628.29,489495.7
1736096400,3628.34,3648.8,3622.0,3628.25,434726.1
1736100000,3628.25,3633.71,3612.3,3630.81,308062.8
1736103600,3630.81,3640.88,3626.36,3637.87,211832.9
1736107200,3637.88,3658.63,3629.14,3635.99,415225.8
1736110800,3636.0,3648.3,3634.0,3645.6,191533.2
1736114400,3645.6,3649.7,3633.98,3645.6,210626.8
1736118000,3645.59,3655.6,3632.52,3636.0,245677.9
1736121600,3635.99,3655.8,3621.21,3621.7,480076.6
1736125200,3621.71,3656.97,3610.42,3648.99,670253.7
1736128800,3648.98,3685.0,3645.71,3658.99,1515298.3
1736132400,3658.98,3676.03,3653.62,3665.15,375257.3
1736136000,3665.18,3679.55,3660.92,3672.61,403660.8
1736139600,3672.61,3699.32,3667.45,3680.62,981682.8
1736143200,3680.62,3685.0,3665.7,3666.38,516185.6
1736146800,3666.38,3668.5,3643.24,3651.02,782657.8
1736150400,3651.0,3661.0,3636.41,3641.21,667736.7
1736154000,3641.21,3651.18,3640.44,3645.18,228916.8
1736157600,3645.18,3647.17,3633.0,3638.65,349448.8
1736161200,3638.65,3660.0,3636.65,3654.86,522276.7
1736164800,3654.87,3664.27,3641.56,3642.62,444010.2
1736168400,3642.63,3652.97,3625.0,3650.9,800816.5
1736172000,3650.9,3704.97,3622.3,3686.05,2308750.4
1736175600,3686.06,3714.99,3671.43,3714.91,2174321.3
1736179200,3714.91,3746.33,3691.67,3711.07,2173767.3
1736182800,3711.08,3711.08,3655.63,3674.11,1262199.2
1736186400,3674.11,3692.71,3662.69,3683.02,547152.9
1736190000,3683.03,3696.46,3676.0,3688.0,283039.8
1736193600,3688.0,3704.67,3673.25,3683.65,447709.8
1736197200,3683.64,3689.16,3666.04,3667.0,523761.1
1736200800,3667.01,3683.7,3666.83,3678.07,239946.7
1736204400,3678.07,3687.94,3668.54,3687.14,202022.0
1736208000,3687.15,3694.73,3673.33,3675.48,476135.0
1736211600,3675.48,3696.92,3663.08,3695.0,490565.7
1736215200,3695.0,3701.75,3676.35,3678.27,420776.7
1736218800,3678.26,3689.0,3674.06,3682.83,278118.9
1736222400,3682.84,3686.8,3673.64,3673.64,159806.2
1736226000,3673.64,3677.09,3658.5,3669.65,433839.9
1736229600,3669.65,3676.35,3664.29,3672.8,230317.3
1736233200,3672.8,3680.25,3662.56,3668.0,267695.5
1736236800,3667.99,3679.88,3660.6,3675.0,377307.4
1736240400,3675.01,3676.99,3653.04,3661.91,455787.4
1736244000,3661.91,3666.5,3652.5,3658.38,356949.9
1736247600,3658.37,3660.69,3625.89,3640.31,1291054.9
1736251200,3640.31,3644.38,3627.22,3634.03,605008.5
1736254800,3634.04,3646.0,3631.03,3636.19,447841.9
1736258400,3636.19,3643.18,3518.5,3565.64,3296302.7
1736262000,3565.64,3582.84,3411.0,3462.0,9440174.7
1736265600,3462.0,3491.84,3447.03,3458.3,1942625.8
1736269200,3458.3,3471.55,3418.88,3442.7,1895638.8
1736272800,3442.7,3459.98,3413.35,3422.58,1515449.3
1736276400,3422.57,3438.0,3368.21,3385.9,2100588.3
1736280000,3385.9,3400.79,3364.05,3396.8,1349842.8
1736283600,3396.8,3413.96,3360.88,3363.52,1020957.2
1736287200,3363.6,3397.99,3356.26,3396.7,715978.7
1736290800,3396.7,3396.7,3374.72,3380.78,436877.9
1736294400,3380.78,3415.91,3378.09,3411.61,722221.8
1736298000,3411.62,3411.62,3375.01,3391.45,685485.4
1736301600,3391.44,3406.0,3382.74,3382.75,493275.6
1736305200,3382.75,3388.0,3342.0,3360.55,1684275.3
1736308800,3360.55,3374.18,3342.15,3348.79,1076162.9
1736312400,3348.79,3373.84,3336.72,3352.19,1151574.9
1736316000,3352.18,3363.3,3306.84,3309.31,1940779.3
1736319600,3309.32,3358.98,3308.0,3354.41,1137752.7
1736323200,3354.4,3377.63,3351.0,3365.87,1010209.5
1736326800,3365.87,3374.0,3345.75,3347.3,637824.5
1736330400,3347.34,3376.02,3346.27,3362.08,716470.5
1736334000,3362.09,3367.6,3322.7,3349.68,1131240.5
1736337600,3349.68,3361.46,3338.53,3339.31,588452.8
1736341200,3339.32,3366.32,3339.31,3358.57,727799.5
1736344800,3358.56,3382.76,3348.0,3370.19,1325620.8
1736348400,3370.19,3387.0,3332.85,3347.69,1442883.9
1736352000,3347.69,3348.51,3312.48,3314.51,1138597.9
1736355600,3314.5,3320.61,3208.6,3262.92,5070892.1
1736359200,3263.09,3330.98,3258.37,3283.2,1975365.2
1736362800,3283.19,3310.7,3272.09,3280.66,933848.9
1736366400,3280.65,3292.37,3266.0,3286.02,464177.9
1736370000,3286.02,3306.02,3269.61,3299.36,541192.9
1736373600,3299.36,3334.5,3298.83,3333.17,545515.2
1736377200,3333.17,3335.74,3316.21,3327.31,373103.2
1736380800,3327.32,3344.25,3318.54,3342.43,409224.6
1736384400,3342.44,3357.9,3335.7,3346.11,515077.6
1736388000,3346.12,3351.54,3305.98,3341.09,1153652.5
1736391600,3341.08,3342.84,3316.66,3325.01,567695.8
1736395200,3325.0,3345.1,3312.61,3340.96,531429.6
1736398800,3340.93,3343.22,3325.47,3329.27,311225.3
1736402400,3329.27,3335.67,3315.08,3316.58,354976.83
1736406000,3316.59,3325.09,3282.0,3289.63,1009773.27
1736409600,3289.63,3328.28,3265.0,3310.74,1411459.13
1736413200,3310.74,3328.0,3307.51,3318.0,446366.71
1736416800,3318.0,3322.71,3284.57,3312.38,740756.77
1736420400,3312.39,3327.5,3293.33,3302.0,567874.68
1736424000,3302.0,3311.01,3280.46,3296.8,495138.45
1736427600,3296.79,3299.62,3212.05,3221.28,2195676.65
1736431200,3221.28,3253.37,3210.62,3250.8,1352581.69
1736434800,3250.89,3335.99,3244.0,3320.69,1747248.2
1736438400,3320.69,3328.09,3287.58,3302.29,1152241.29
1736442000,3302.28,3304.0,3235.05,3250.58,1317646.42
1736445600,3250.57,3270.57,3245.57,3260.53,716276.82
1736449200,3260.54,3269.29,3188.0,3195.28,1578085.2
1736452800,3195.28,3214.55,3156.74,3195.33,1995496.33
1736456400,3195.33,3226.46,3190.47,3207.45,629019.66
1736460000,3207.44,3239.97,3187.25,3224.47,589008.35
1736463600,3224.47,3233.83,3209.99,3219.78,424891.76
1736467200,3219.79,3234.87,3214.35,3223.43,413888.84
1736470800,3223.42,3241.6,3213.09,3237.68,556898.35
1736474400,3237.68,3261.14,3231.26,3241.65,639443.62
1736478000,3241.66,3256.78,3239.23,3254.52,340637.7
1736481600,3254.52,3266.24,3247.0,3254.56,457509.73
1736485200,3254.56,3282.72,3243.0,3264.13,694638.34
1736488800,3264.1,3281.11,3260.0,3278.59,328373.71
1736492400,3278.59,3313.98,3271.45,3295.82,1050275.01
1736496000,3295.71,3302.0,3287.36,3296.0,460826.65
1736499600,3296.0,3311.23,3290.28,3302.69,502750.22
1736503200,3302.68,3321.7,3298.03,3318.38,530908.21
1736506800,3318.38,3320.95,3296.15,3311.55,492032.14
1736510400,3311.55,3312.77,3293.14,3311.15,522755.55
1736514000,3311.15,3317.64,3216.51,3244.2,3731437.7
1736517600,3244.19,3280.0,3236.03,3256.93,2019872.63
1736521200,3256.88,3276.89,3194.28,3245.21,2873926.28
1736524800,3245.22,3263.36,3231.14,3247.86,1038953.72
1736528400,3248.0,3323.58,3242.02,3315.6,1461330.05
1736532000,3315.6,3315.61,3281.71,3286.82,1007963.88
1736535600,3286.82,3299.29,3270.67,3295.51,606125.72
1736539200,3295.5,3295.5,3256.32,3259.9,442192.44
1736542800,3259.91,3274.37,3256.71,3265.16,252232.65
1736546400,3265.16,3283.28,3259.67,3273.81,307132.19
1736550000,3273.8,3275.9,3265.0,3267.16,168932.8
1736553600,3267.16,3270.72,3257.01,3265.81,320565.58
1736557200,3265.81,3267.71,3235.29,3246.47,481320.05
1736560800,3246.47,3252.48,3237.97,3248.16,280751.09
1736564400,3248.15,3248.94,3230.85,3237.36,433272.14
1736568000,3237.36,3243.33,3229.02,3238.92,288199.83
1736571600,3238.91,3246.73,3232.63,3246.17,247271.37
1736575200,3246.17,3251.53,3237.03,3237.84,260859.67
1736578800,3237.84,3244.98,3225.14,3236.1,421637.81
1736582400,3236.03,3241.99,3216.62,3224.73,411002.76
1736586000,3224.74,3244.54,3223.4,3243.96,362978.37
1736589600,3243.96,3256.49,3243.11,3256.48,539928.98
1736593200,3256.48,3281.41,3253.61,3273.42,786775.88
1736596800,3273.42,3282.64,3267.42,3272.67,411250.84
1736600400,3272.66,3275.65,3258.48,3267.98,440316.52
1736604000,3267.98,3280.63,3258.02,3278.48,345811.0
1736607600,3278.49,3283.39,3266.6,3271.6,276207.77
1736611200,3271.59,3278.56,3261.28,3275.21,337937.89
1736614800,3275.21,3276.0,3258.58,3272.21,369572.59
1736618400,3272.22,3280.89,3267.7,3278.24,161593.31
1736622000,3278.24,3283.99,3270.0,3279.19,186285.47
1736625600,3279.19,3301.75,3276.05,3300.23,322233.73
1736629200,3300.23,3320.85,3299.63,3307.63,399056.45
1736632800,3307.63,3309.05,3286.17,3289.09,313068.29
1736636400,3289.09,3295.4,3281.43,3283.46,197419.99
1736640000,3283.47,3287.9,3278.72,3283.93,177571.21
1736643600,3283.93,3290.26,3274.08,3289.72,211595.34
1736647200,3289.71,3290.86,3280.01,3290.52,194339.28
1736650800,3290.52,3292.37,3278.82,3286.86,186129.38
1736654400,3286.86,3290.51,3280.43,3283.9,192694.13
1736658000,3283.9,3285.95,3273.2,3279.76,198801.39
1736661600,3279.76,3281.7,3267.36,3270.52,271412.35
1736665200,3270.52,3274.56,3263.24,3267.04,288690.49
1736668800,3267.04,3272.33,3235.01,3240.57,809922.74
1736672400,3240.57,3246.29,3223.6,3239.01,750245.81
1736676000,3239.0,3247.45,3234.12,3244.99,435717.25
1736679600,3244.99,3259.0,3240.92,3253.45,432266.57
1736683200,3253.45,3266.62,3247.67,3251.12,518359.45
1736686800,3251.12,3271.8,3248.15,3267.05,415916.95
1736690400,3267.05,3281.27,3265.82,3269.46,492773.39
1736694000,3269.46,3296.58,3265.23,3285.83,687247.17
1736697600,3285.82,3288.23,3268.04,3282.13,417309.54
1736701200,3282.12,3292.78,3278.23,3288.87,333731.75
1736704800,3288.87,3301.45,3281.0,3285.48,313735.32
1736708400,3285.43,3289.38,3277.01,3280.56,204566.37
1736712000,3280.56,3290.43,3273.6,3282.01,138136.76
1736715600,3282.01,3283.09,3262.4,3266.09,337378.55
1736719200,3266.09,3268.19,3233.03,3240.63,731017.14
1736722800,3240.63,3268.7,3238.63,3267.34,320402.96
1736726400,3267.34,3338.98,3265.22,3308.91,1673611.39
1736730000,3308.9,3313.8,3252.99,3261.77,1468135.22
1736733600,3261.77,3272.0,3237.1,3256.0,1044175.13
1736737200,3256.0,3267.98,3235.52,3242.57,692290.93
1736740800,3242.56,3261.63,3238.56,3239.23,700864.9
1736744400,3239.23,3239.7,3212.04,3226.41,1049237.26
1736748000,3226.48,3234.0,3181.05,3191.57,1499134.76
1736751600,3191.57,3209.86,3183.21,3201.79,718211.51
1736755200,3201.79,3206.3,3161.21,3170.25,1205696.07
1736758800,3170.25,3177.5,3121.85,3156.36,2053923.4
1736762400,3156.36,3157.4,3106.55,3118.95,2154918.89
1736766000,3118.95,3124.99,3055.41,3057.28,3133189.73
1736769600,3057.28,3085.99,3038.39,3046.87,2325596.18
1736773200,3046.87,3091.45,3032.62,3059.99,1727969.15
1736776800,3060.0,3060.9,2907.25,3034.59,8453971.47
1736780400,3034.59,3079.2,3025.74,3048.79,2548987.92
1736784000,3048.79,3060.76,3005.6,3009.85,1723182.03
1736787600,3009.84,3037.59,3003.77,3020.34,1305942.31
1736791200,3020.33,3034.06,2986.47,3007.59,1369657.09
1736794800,3007.59,3037.99,2993.01,3025.34,782592.62
1736798400,3025.11,3109.07,3011.53,3091.7,1312152.25
1736802000,3091.75,3120.45,3083.5,3114.09,1308875.87
1736805600,3114.09,3146.15,3112.36,3132.1,819876.31
1736809200,3132.1,3140.98,3125.96,3137.79,326258.22
1736812800,3137.79,3148.9,3125.94,3134.48,588374.9
1736816400,3134.49,3160.6,3133.81,3138.89,813280.78
1736820000,3138.87,3168.0,3131.61,3157.5,709563.75
1736823600,3157.5,3175.97,3155.18,3159.19,455764.57
1736827200,3159.19,3175.65,3159.19,3172.72,358805.02
1736830800,3172.72,3183.36,3160.02,3162.58,650602.29
1736834400,3162.57,3188.8,3158.02,3184.32,612944.76
1736838000,3184.32,3191.11,3171.04,3171.75,390442.17
1736841600,3171.74,3193.55,3169.25,3183.31,526297.9
1736845200,3183.31,3256.87,3178.01,3243.7,2126044.35
1736848800,3243.71,3244.49,3220.5,3235.33,834743.51
1736852400,3235.33,3235.61,3211.0,3218.14,614787.06
1736856000,3218.14,3220.59,3181.2,3184.4,1085986.32
1736859600,3184.4,3234.39,3179.03,3208.88,2216972.7
1736863200,3208.88,3234.42,3186.6,3192.07,1483436.73
1736866800,3192.22,3216.0,3186.75,3199.4,800132.39
1736870400,3199.4,3204.66,3172.24,3191.62,1182793.74
1736874000,3191.62,3213.56,3184.05,3212.79,679081.86
1736877600,3212.79,3232.85,3207.05,3224.62,655552.14
1736881200,3224.62,3235.99,3212.34,3214.03,553607.68
1736884800,3213.92,3226.46,3194.27,3222.79,521451.95
1736888400,3222.78,3234.12,3210.29,3215.8,357884.18
1736892000,3215.8,3241.22,3213.38,3235.01,319447.86
1736895600,3235.01,3238.0,3222.67,3225.4,274909.6
1736899200,3225.39,3243.37,3216.82,3221.8,463303.71
1736902800,3221.77,3245.99,3217.31,3230.8,680335.89
1736906400,3230.79,3240.0,3205.35,3213.33,555260.65
1736910000,3213.33,3242.38,3208.99,3241.59,483356.04
1736913600,3241.59,3253.81,3222.37,3226.31,648152.87
1736917200,3226.31,3236.0,3215.01,3230.0,413838.09
1736920800,3230.01,3233.33,3216.64,3230.5,309311.07
1736924400,3230.49,3250.88,3230.11,3232.61,584127.2
1736928000,3232.62,3248.87,3230.01,3233.04,403223.95
1736931600,3233.04,3238.0,3196.63,3199.28,907002.63
1736935200,3199.27,3218.75,3197.48,3209.49,472315.05
1736938800,3209.49,3210.17,3186.52,3199.61,703153.24
1736942400,3199.61,3212.99,3187.08,3202.62,564368.11
1736946000,3202.61,3300.0,3202.5,3299.14,3405508.63
1736949600,3299.11,3332.31,3275.38,3329.38,2386348.15
1736953200,3329.38,3354.56,3326.0,3334.65,1832354.38
1736956800,3334.65,3367.53,3334.0,3339.6,1077433.93
1736960400,3339.6,3359.41,3323.25,3326.14,790005.38
1736964000,3326.14,3377.59,3326.14,3372.91,830790.55
1736967600,3372.91,3442.89,3368.7,3435.5,1458966.94
1736971200,3435.5,3474.0,3432.25,3433.77,1560668.0
1736974800,3433.78,3447.78,3425.36,3433.39,499563.86
1736978400,3433.39,3436.64,3417.21,3431.0,453169.94
1736982000,3431.01,3453.96,3421.14,3451.2,538262.82
1736985600,3451.2,3461.5,3389.0,3399.49,1307742.09
1736989200,3399.5,3414.45,3393.03,3403.9,447677.42
1736992800,3403.89,3406.55,3381.08,3385.03,601446.67
1736996400,3385.03,3388.22,3345.8,3363.83,1263333.95
1737000000,3363.83,3376.45,3362.49,3374.76,407263.44
1737003600,3374.77,3377.76,3366.31,3368.5,207120.81
1737007200,3368.51,3388.94,3363.27,3380.65,512726.98
1737010800,3380.64,3392.59,3378.62,3384.27,338870.72
1737014400,3384.28,3385.87,3303.23,3317.01,1894902.68
1737018000,3317.01,3338.29,3300.2,3336.58,1334761.08
1737021600,3336.59,3343.71,3329.0,3334.07,504350.05
1737025200,3334.12,3356.5,3321.21,3350.9,1155533.06
1737028800,3350.89,3366.89,3341.5,3357.47,845388.56
1737032400,3357.48,3359.15,3307.34,3328.61,1447982.82
1737036000,3328.6,3343.4,3265.32,3277.6,2532752.8
1737039600,3277.61,3333.69,3269.65,3333.11,1731039.49
1737043200,3333.11,3361.68,3330.3,3340.61,1463130.06
1737046800,3340.61,3366.53,3331.12,3344.08,771212.94
1737050400,3344.08,3351.01,3310.39,3326.39,696371.94
1737054000,3326.39,3346.86,3320.0,3345.01,318851.88
1737057600,3345.01,3354.27,3326.15,3337.44,434612.86
1737061200,3337.43,3338.2,3311.56,3320.58,404697.0
1737064800,3320.59,3320.65,3268.9,3297.91,832462.77
1737068400,3297.91,3313.1,3290.42,3308.31,503967.0
1737072000,3308.31,3318.68,3308.05,3314.29,296892.93
1737075600,3314.29,3391.0,3314.28,3385.99,1369296.4
1737079200,3386.0,3397.92,3354.78,3373.76,1061839.29
1737082800,3373.76,3378.24,3358.57,3361.52,400484.14
1737086400,3361.52,3373.12,3348.11,3371.14,483029.88
1737090000,3371.14,3376.33,3359.2,3367.16,396504.37
1737093600,3367.16,3375.88,3365.01,3367.8,235259.1
1737097200,3367.79,3389.48,3362.83,3373.2,444929.5
1737100800,3373.2,3414.8,3372.62,3407.42,983731.87
1737104400,3407.42,3415.99,3400.56,3404.0,528917.17
1737108000,3404.0,3439.49,3402.21,3427.79,833975.87
1737111600,3427.78,3430.98,3416.72,3423.52,451057.77
1737115200,3423.5,3426.67,3400.47,3408.43,760705.54
1737118800,3408.44,3424.7,3394.2,3402.51,715891.46
1737122400,3402.5,3433.99,3402.5,3429.09,1263885.18
1737126000,3429.1,3450.95,3404.39,3422.14,1565792.56
1737129600,3422.15,3449.98,3412.05,3438.39,964127.02
1737133200,3438.39,3444.04,3407.48,3415.05,798326.07
1737136800,3415.05,3430.88,3410.9,3412.05,355147.66
1737140400,3412.04,3444.93,3411.3,3432.6,546744.05
1737144000,3432.6,3526.21,3425.66,3515.57,2011307.03
1737147600,3515.56,3526.43,3466.99,3474.02,851522.75
1737151200,3474.01,3488.4,3467.99,3470.71,348760.33
1737154800,3470.71,3485.96,3461.1,3473.83,368063.23
1737158400,3473.84,3495.1,3469.16,3488.25,402984.17
1737162000,3488.26,3488.26,3454.34,3466.89,508642.01
1737165600,3466.89,3475.64,3448.0,3451.98,362120.08
1737169200,3451.98,3456.85,3368.0,3384.0,2371885.01
1737172800,3384.0,3395.75,3350.18,3365.72,1254180.26
1737176400,3365.72,3371.2,3290.08,3293.83,2218737.74
1737180000,3293.91,3340.5,3292.83,3314.08,1183951.22
1737183600,3314.08,3315.65,3281.0,3287.99,1322479.71
1737187200,3288.27,3295.8,3251.69,3293.2,1955295.65
1737190800,3293.21,3302.65,3253.2,3270.99,1102301.23
1737194400,3270.98,3279.13,3227.1,3266.97,1943644.05
1737198000,3267.0,3324.65,3248.95,3311.8,1677381.9
1737201600,3311.79,3322.73,3274.22,3290.01,1353490.12
1737205200,3290.0,3324.18,3279.97,3323.2,1030661.84
1737208800,3323.2,3327.69,3289.0,3297.51,745716.1
1737212400,3297.5,3347.16,3285.12,3307.9,1456804.08
1737216000,3307.91,3316.87,3253.89,3254.09,1917043.95
1737219600,3254.1,3287.93,3253.5,3258.31,706302.3
1737223200,3258.31,3284.46,3249.39,3264.41,736526.7
1737226800,3264.41,3293.43,3261.34,3290.17,465606.5
1737230400,3290.17,3291.65,3258.14,3266.31,345523.78
1737234000,3266.3,3286.44,3263.36,3274.6,270696.42
1737237600,3274.6,3288.9,3271.69,3280.96,203459.34
1737241200,3280.97,3322.05,3279.64,3308.2,546395.71
1737244800,3308.21,3323.9,3299.15,3317.06,439035.69
1737248400,3317.06,3366.41,3314.11,3353.42,1090096.17
1737252000,3353.42,3379.06,3348.01,3354.01,613991.63
1737255600,3354.01,3367.0,3333.01,3336.15,658119.18
1737259200,3336.16,3339.14,3276.83,3283.7,1692525.17
1737262800,3283.69,3301.73,3259.34,3300.07,1028642.16
1737266400,3300.01,3301.48,3282.24,3283.77,483660.11
1737270000,3283.77,3293.68,3262.57,3276.32,657003.46
1737273600,3276.32,3278.43,3216.0,3222.6,1557061.9
1737277200,3222.61,3233.99,3143.48,3226.52,3344163.87
1737280800,3226.53,3227.51,3173.11,3175.03,1101405.43
1737284400,3175.01,3189.85,3131.0,3150.75,1575456.36
1737288000,3150.74,3212.52,3145.26,3206.42,1288217.57
1737291600,3206.43,3278.54,3193.55,3277.1,1447517.42
1737295200,3276.96,3396.93,3259.57,3380.65,4974543.79
1737298800,3380.66,3427.23,3354.62,3385.04,2286704.61
1737302400,3385.01,3426.72,3379.0,3411.87,1229939.34
1737306000,3411.88,3449.11,3386.26,3443.2,1379418.33
1737309600,3443.2,3449.99,3407.53,3433.77,665898.84
1737313200,3433.77,3434.19,3408.01,3420.73,360678.2
1737316800,3420.73,3434.0,3361.3,3378.44,964277.67
1737320400,3378.55,3380.0,3205.0,3232.39,3925720.41
1737324000,3232.4,3319.89,3150.8,3266.98,4159267.6
1737327600,3266.97,3267.61,3160.0,3215.3,3717163.39
1737331200,3215.36,3226.49,3142.64,3171.3,2955472.34
1737334800,3171.4,3221.77,3166.08,3201.21,1716287.48
1737338400,3201.21,3275.83,3197.3,3245.45,1787858.74
1737342000,3245.5,3282.05,3227.64,3272.66,1140931.45
1737345600,3272.65,3301.33,3250.07,3271.7,786881.59
1737349200,3271.69,3321.64,3268.45,3292.03,976688.92
1737352800,3292.01,3457.78,3286.89,3418.34,3166584.04
1737356400,3418.23,3444.68,3352.29,3383.81,2945792.49
1737360000,3383.88,3413.99,3381.12,3393.87,873323.33
1737363600,3393.88,3413.93,3353.16,3365.51,1268586.65
1737367200,3365.51,3393.89,3341.17,3355.7,959354.5
1737370800,3355.7,3390.0,3334.36,3376.59,1018634.21
1737374400,3376.6,3380.52,3256.41,3304.57,2763670.56
1737378000,3304.57,3355.72,3295.23,3342.98,1405731.5
1737381600,3342.99,3362.5,3330.0,3359.36,1011340.54
1737385200,3359.36,3379.74,3315.0,3336.08,1864735.37
1737388800,3336.09,3392.16,3276.17,3381.1,2138818.38
1737392400,3381.0,3384.99,3203.26,3293.97,6506432.21
1737396000,3293.7,3342.54,3283.5,3331.59,1469164.01
1737399600,3331.18,3365.12,3308.4,3344.09,965110.6
1737403200,3344.09,3345.39,3313.97,3321.1,509692.35
1737406800,3321.1,3338.69,3280.22,3285.53,652369.3
1737410400,3285.53,3324.53,3256.7,3318.68,694091.96
1737414000,3318.68,3321.07,3261.23,3284.21,683838.07
1737417600,3284.2,3290.54,3220.77,3226.73,1466963.8
1737421200,3226.73,3261.0,3203.95,3250.59,1297074.4
1737424800,3250.33,3273.93,3226.86,3257.6,736781.15
1737428400,3257.59,3271.4,3249.09,3263.49,536676.62
1737432000,3263.49,3263.82,3213.6,3247.34,771036.57
1737435600,3247.34,3255.0,3216.48,3225.66,551796.86
1737439200,3225.67,3255.2,3215.0,3241.9,792759.5
1737442800,3241.99,3267.28,3235.1,3255.18,544787.47
1737446400,3255.18,3264.34,3233.29,3253.91,625006.84
1737450000,3254.1,3277.32,3250.69,3277.08,636847.1
1737453600,3277.09,3310.43,3271.46,3303.12,827451.76
1737457200,3303.13,3314.4,3293.31,3305.72,690247.89
1737460800,3305.72,3328.51,3294.26,3307.36,902908.05
1737464400,3307.36,3315.75,3288.08,3309.86,653203.76
1737468000,3309.86,3336.0,3277.75,3289.99,1541924.35
1737471600,3289.75,3302.5,3265.25,3295.44,966006.7
1737475200,3295.41,3350.62,3290.63,3314.49,1448174.81
1737478800,3314.49,3357.68,3308.02,3351.88,711922.42
1737482400,3351.88,3369.65,3331.02,3346.3,713048.28
1737486000,3346.3,3347.38,3317.09,3332.8,514002.77
1737489600,3332.8,3340.0,3304.41,3314.99,556036.16
1737493200,3314.99,3337.5,3302.24,3332.63,477335.74
1737496800,3332.64,3347.61,3327.24,3334.5,328841.89
1737500400,3334.5,3335.79,3308.22,3327.83,513919.13
1737504000,3327.84,3366.5,3323.42,3362.37,512727.54
1737507600,3362.21,3362.21,3321.05,3329.02,583591.6
1737511200,3329.01,3347.43,3322.2,3344.23,321497.3
1737514800,3344.24,3348.57,3326.3,3331.52,256199.12
1737518400,3331.52,3333.88,3316.11,3332.09,412343.85
1737522000,3332.09,3340.0,3317.8,3318.59,332506.87
1737525600,3318.58,3324.39,3301.08,3309.24,558791.56
1737529200,3309.24,3311.31,3283.9,3287.53,650364.02
1737532800,3287.53,3301.0,3273.13,3299.01,798406.56
1737536400,3299.01,3304.48,3289.4,3298.19,309108.11
1737540000,3298.18,3308.54,3288.59,3308.19,311992.98
1737543600,3308.18,3330.55,3304.29,3326.69,487812.38
1737547200,3326.69,3332.8,3311.42,3316.89,407814.61
1737550800,3316.89,3319.28,3280.22,3284.51,831244.42
1737554400,3284.52,3313.46,3266.0,3293.73,1418892.61
1737558000,3293.74,3306.0,3269.44,3278.9,814888.28
1737561600,3278.9,3283.86,3260.38,3278.46,850642.86
1737565200,3278.46,3288.7,3272.35,3285.91,385489.33
1737568800,3285.9,3293.7,3238.27,3250.82,906295.37
1737572400,3250.81,3281.39,3249.0,3262.62,748046.32
1737576000,3262.62,3277.6,3253.58,3256.51,359063.53
1737579600,3256.51,3265.26,3240.96,3259.66,391733.51
1737583200,3259.66,3266.67,3232.05,3238.77,336285.14
1737586800,3238.77,3247.39,3221.98,3243.39,553267.19
1737590400,3243.39,3262.0,3238.29,3253.71,405775.46
1737594000,3253.71,3258.42,3218.58,3235.4,528990.63
1737597600,3235.4,3237.7,3205.0,3223.6,789496.82
1737601200,3223.59,3243.18,3214.79,3226.87,531110.64
1737604800,3227.0,3232.0,3183.47,3197.22,971699.77
1737608400,3197.21,3221.52,3196.78,3214.83,459445.0
1737612000,3214.84,3226.13,3204.37,3207.86,449653.31
1737615600,3207.89,3233.58,3198.33,3233.11,521773.21
1737619200,3233.12,3233.5,3208.28,3210.01,438769.43
1737622800,3210.01,3222.0,3191.62,3196.82,563287.66
1737626400,3196.82,3214.05,3189.0,3204.59,569180.0
1737630000,3204.59,3217.31,3196.37,3213.51,406286.61
1737633600,3213.51,3219.16,3189.51,3203.74,602094.31
1737637200,3203.73,3244.42,3202.06,3234.47,829321.15
1737640800,3234.47,3287.47,3223.0,3275.83,1785646.8
1737644400,3275.83,3282.87,3226.1,3259.22,2242491.04
1737648000,3259.22,3297.97,3252.37,3254.44,1462371.27
1737651600,3254.44,3272.23,3230.12,3266.15,804279.67
1737655200,3266.15,3271.0,3234.23,3241.13,553320.74
1737658800,3241.12,3246.73,3194.3,3204.5,1059549.24
1737662400,3204.48,3295.76,3195.45,3247.4,3481510.82
1737666000,3247.49,3257.19,3213.28,3249.19,868704.03
1737669600,3249.2,3324.25,3246.34,3322.94,1148349.45
1737673200,3322.94,3349.7,3312.33,3339.08,841062.37
1737676800,3339.11,3351.78,3284.89,3285.71,909692.83
1737680400,3285.71,3326.81,3284.58,3299.1,766118.89
1737684000,3299.1,3314.64,3280.01,3285.89,543341.7
1737687600,3285.9,3313.6,3275.2,3302.59,665310.4
1737691200,3302.59,3341.18,3292.16,3333.54,715999.53
1737694800,3333.53,3410.88,3329.1,3410.29,1612420.19
1737698400,3410.29,3421.52,3378.18,3386.6,1254912.06
1737702000,3386.61,3401.99,3372.86,3381.66,598110.39
1737705600,3381.66,3418.71,3376.0,3401.83,893673.05
1737709200,3401.82,3413.92,3392.3,3402.1,484637.13
1737712800,3402.1,3416.5,3391.17,3413.89,563577.16
1737716400,3413.9,3415.0,3392.5,3399.91,393428.35
1737720000,3399.91,3405.59,3386.63,3404.59,385519.16
1737723600,3404.59,3429.99,3391.35,3395.78,880696.43
1737727200,3395.79,3423.8,3378.02,3400.01,1115206.54
1737730800,3400.01,3410.56,3356.35,3384.1,1391582.83
1737734400,3383.82,3398.55,3377.0,3380.4,617217.7
1737738000,3380.41,3407.99,3373.27,3398.2,529588.71
1737741600,3398.21,3410.41,3374.92,3381.64,452638.36
1737745200,3381.53,3395.69,3365.0,3369.2,516460.05
1737748800,3369.2,3379.0,3326.55,3329.05,939770.49
1737752400,3329.17,3347.19,3323.4,3330.25,429903.59
1737756000,3330.26,3337.73,3321.05,3326.42,507615.39
1737759600,3326.42,3326.8,3303.92,3310.69,545158.07
1737763200,3310.69,3314.96,3270.13,3274.4,867680.09
1737766800,3274.4,3306.94,3268.8,3294.51,597692.75
1737770400,3294.51,3305.0,3288.8,3295.0,277545.34
1737774000,3294.99,3325.1,3292.43,3319.92,507424.3
1737777600,3319.92,3320.59,3297.75,3299.9,411063.38
1737781200,3299.89,3302.96,3287.21,3295.9,498162.77
1737784800,3295.9,3303.84,3283.33,3292.04,453460.02
1737788400,3292.04,3295.39,3283.01,3291.43,197496.68
1737792000,3291.42,3301.53,3282.01,3291.1,343659.74
1737795600,3291.1,3292.98,3280.43,3284.0,223220.81
1737799200,3284.0,3299.52,3271.03,3295.99,506243.32
1737802800,3295.99,3312.44,3291.5,3307.31,438880.23
1737806400,3307.31,3307.88,3294.31,3306.6,273037.0
1737810000,3306.6,3311.0,3300.6,3308.01,219031.25
1737813600,3308.01,3320.93,3298.14,3316.28,281734.38
1737817200,3316.28,3346.45,3310.53,3334.72,1180800.86
1737820800,3334.72,3351.35,3330.58,3343.19,799459.58
1737824400,3343.19,3347.48,3331.18,3344.66,442732.93
1737828000,3344.66,3349.88,3336.0,3342.91,335744.01
1737831600,3342.9,3345.08,3335.01,3340.61,121209.97
1737835200,3340.61,3351.99,3335.53,3337.5,176668.43
1737838800,3337.5,3343.25,3332.55,3340.37,162805.58
1737842400,3340.37,3346.79,3332.76,3334.55,108703.64
1737846000,3334.55,3337.92,3315.09,3319.54,496323.32
1737849600,3319.53,3328.7,3313.6,3321.6,311010.0
1737853200,3321.6,3339.47,3319.04,3331.91,336058.65
1737856800,3331.91,3332.4,3318.01,3329.16,225441.53
1737860400,3329.16,3351.41,3327.2,3339.52,449517.25
1737864000,3339.52,3363.31,3336.6,3352.6,513999.42
1737867600,3352.59,3353.6,3338.3,3342.63,284213.85
1737871200,3342.64,3348.01,3338.84,3341.64,178781.01
1737874800,3341.65,3345.5,3329.26,3339.0,268623.11
1737878400,3339.01,3343.79,3323.02,3332.0,350461.41
1737882000,3331.99,3333.0,3292.0,3298.26,1187369.48
1737885600,3298.26,3307.35,3295.51,3305.64,390260.42
1737889200,3305.64,3317.9,3302.73,3312.01,583060.0
1737892800,3312.01,3312.01,3299.1,3307.59,309753.73
1737896400,3307.6,3310.35,3300.6,3307.99,274205.49
1737900000,3307.98,3314.5,3298.0,3311.66,348446.23
1737903600,3311.66,3321.59,3309.07,3315.24,321498.39
1737907200,3315.25,3320.61,3308.09,3316.18,238629.03
1737910800,3316.21,3345.98,3315.38,3338.61,529229.33
1737914400,3338.61,3344.17,3335.0,3338.23,300220.39
1737918000,3338.24,3343.25,3330.65,3339.48,189628.74
1737921600,3339.49,3343.31,3327.35,3330.46,150616.09
1737925200,3330.47,3331.01,3291.82,3296.83,768324.74
1737928800,3296.83,3309.98,3281.13,3288.09,488306.93
1737932400,3288.08,3288.08,3228.8,3232.27,1681174.72
1737936000,3232.26,3254.24,3208.83,3214.72,1473778.77
1737939600,3214.72,3225.0,3187.46,3195.33,1365160.22
1737943200,3195.32,3195.67,3162.51,3171.58,1528751.64
1737946800,3171.58,3199.45,3160.1,3183.25,800366.72
1737950400,3183.25,3183.26,3153.86,3157.61,808569.73
1737954000,3157.62,3165.44,3113.57,3140.94,1986894.88
1737957600,3140.99,3150.21,3077.32,3083.5,2866706.43
1737961200,3083.5,3091.01,3019.39,3070.01,3245391.55
1737964800,3070.0,3073.0,3037.78,3065.0,1282000.67
1737968400,3065.0,3090.83,3057.32,3080.99,1197455.27
1737972000,3080.99,3081.74,3033.07,3038.21,1043547.2
1737975600,3038.21,3075.73,3037.34,3058.79,768074.72
1737979200,3058.79,3122.8,3053.12,3102.96,1349601.29
1737982800,3102.97,3134.95,3087.01,3099.7,1504322.56
1737986400,3099.7,3147.0,3083.07,3137.42,1484543.01
1737990000,3137.42,3152.3,3112.31,3133.4,1310451.03
1737993600,3133.41,3133.6,3075.01,3083.78,1617613.04
1737997200,3083.78,3099.11,3066.1,3072.51,1097968.5
1738000800,3072.52,3089.58,3045.54,3054.56,918117.39
1738004400,3054.57,3082.77,3054.57,3076.12,632747.66
1738008000,3076.12,3149.0,3073.23,3145.47,855245.64
1738011600,3145.48,3241.0,3142.0,3159.72,2511579.93
1738015200,3159.73,3182.4,3146.82,3171.42,474067.41
1738018800,3171.42,3183.78,3159.41,3183.04,376900.14
1738022400,3183.05,3204.7,3164.27,3167.67,720243.75
1738026000,3167.66,3177.5,3151.41,3167.08,533010.18
1738029600,3167.04,3200.49,3165.61,3193.47,629112.33
1738033200,3193.47,3219.21,3175.5,3203.36,800067.21
1738036800,3203.35,3223.76,3197.96,3212.59,560953.39
1738040400,3212.59,3222.45,3208.77,3212.98,388166.97
1738044000,3212.98,3215.91,3191.41,3194.73,503520.09
1738047600,3194.73,3217.2,3189.0,3196.31,509716.79
1738051200,3196.3,3205.85,3181.28,3198.68,482135.59
1738054800,3198.3,3201.93,3184.09,3197.05,420945.96
1738058400,3197.0,3208.47,3189.2,3194.34,389500.78
1738062000,3194.35,3201.14,3177.22,3186.84,326673.34
1738065600,3186.84,3196.25,3166.95,3175.46,463882.53
1738069200,3175.4,3189.64,3170.41,3175.49,303496.72
1738072800,3175.5,3181.19,3156.3,3172.49,887159.24
1738076400,3172.5,3214.99,3170.52,3181.67,1300591.63
1738080000,3181.67,3183.23,3136.46,3151.0,1226763.11
1738083600,3151.0,3183.67,3150.61,3167.86,748072.65
1738087200,3167.86,3178.11,3140.27,3143.56,479382.68
1738090800,3143.56,3150.91,3121.13,3147.7,693724.95
1738094400,3147.7,3155.7,3092.59,3095.38,875829.96
1738098000,3095.3,3114.9,3051.21,3053.09,1439776.23
1738101600,3053.09,3090.89,3039.35,3083.82,987355.21
1738105200,3083.83,3097.0,3053.22,3077.36,541042.76
1738108800,3077.37,3117.91,3076.47,3109.79,613948.5
1738112400,3109.8,3119.95,3098.23,3110.31,371470.81
1738116000,3110.32,3129.95,3109.77,3114.39,450310.59
1738119600,3114.39,3133.42,3107.48,3130.61,333754.5
1738123200,3130.61,3140.3,3122.84,3124.21,478584.13
1738126800,3124.21,3135.0,3117.25,3131.4,291360.16
1738130400,3131.4,3151.03,3128.5,3147.55,390225.59
1738134000,3147.56,3160.57,3139.11,3157.2,327490.57
1738137600,3157.21,3164.17,3143.62,3147.79,369517.06
1738141200,3147.79,3148.6,3122.46,3130.92,484167.84
1738144800,3130.93,3143.99,3120.3,3138.33,330122.6
1738148400,3138.33,3144.53,3132.2,3135.38,247228.66
1738152000,3135.37,3140.29,3113.13,3119.09,436275.48
1738155600,3119.1,3122.42,3089.0,3102.65,856243.91
1738159200,3102.65,3116.49,3080.2,3096.28,916150.27
1738162800,3096.3,3118.88,3093.15,3100.89,535305.68
1738166400,3100.89,3105.33,3072.25,3086.0,587884.73
1738170000,3085.99,3133.46,3084.4,3111.71,751460.93
1738173600,3111.71,3135.79,3089.0,3128.61,750066.02
1738177200,3128.6,3153.91,3053.37,3126.6,3734305.15
1738180800,3126.6,3184.0,3090.45,3136.64,1879967.68
1738184400,3136.52,3164.14,3113.74,3140.41,800079.03
1738188000,3140.41,3159.04,3124.0,3132.28,498792.76
1738191600,3132.28,3149.22,3109.45,3114.16,472472.03
1738195200,3114.16,3127.3,3090.04,3124.51,606793.12
1738198800,3124.52,3156.0,3120.9,3138.57,578575.41
1738202400,3138.6,3155.93,3128.23,3155.93,522588.11
1738206000,3155.93,3202.61,3154.06,3201.1,939441.74
1738209600,3201.1,3215.97,3187.2,3197.28,851743.76
1738213200,3197.36,3199.28,3183.0,3195.36,309685.6
1738216800,3195.37,3207.83,3185.02,3186.36,393443.85
1738220400,3186.36,3195.45,3178.35,3191.57,395728.22
1738224000,3191.56,3211.94,3181.47,3205.51,457744.82
1738227600,3205.52,3230.5,3200.76,3222.09,805479.52
1738231200,3222.1,3223.47,3208.03,3219.99,313159.92
1738234800,3219.99,3228.0,3215.0,3223.0,283417.95
1738238400,3223.0,3224.75,3209.6,3220.14,286302.2
1738242000,3220.15,3276.98,3215.81,3262.91,1511109.34
1738245600,3262.84,3282.0,3239.8,3271.0,1398301.05
1738249200,3271.0,3277.72,3248.63,3255.98,912457.2
1738252800,3255.98,3280.52,3249.01,3279.29,642828.53
1738256400,3279.29,3284.5,3257.78,3273.03,536604.15
1738260000,3273.04,3277.44,3255.25,3270.5,339499.82
1738263600,3270.5,3276.2,3255.99,3271.8,247250.34
1738267200,3271.8,3273.31,3227.87,3232.03,609418.7
1738270800,3232.03,3248.8,3231.05,3244.89,289422.48
1738274400,3244.88,3272.41,3238.66,3261.42,248658.14
1738278000,3261.42,3270.85,3246.01,3247.95,241263.59
1738281600,3247.95,3272.52,3237.51,3271.1,526873.25
1738285200,3271.1,3274.73,3254.19,3271.03,420458.89
1738288800,3271.03,3280.0,3247.1,3247.68,590000.55
1738292400,3247.69,3247.69,3221.25,3231.11,712846.17
1738296000,3231.1,3236.41,3213.48,3216.61,500796.57
1738299600,3216.61,3249.09,3216.11,3245.17,462270.0
1738303200,3245.17,3272.16,3241.33,3262.98,582121.51
1738306800,3263.0,3277.95,3238.74,3241.71,615877.75
1738310400,3241.71,3249.6,3234.06,3236.81,342158.15
1738314000,3236.81,3272.0,3234.3,3266.67,544645.29
1738317600,3266.66,3272.98,3256.38,3269.87,376696.79
1738321200,3269.87,3338.84,3269.87,3335.58,2034894.46
1738324800,3335.59,3359.52,3325.38,3350.8,1355929.9
1738328400,3350.8,3366.1,3341.2,3354.7,1074809.95
1738332000,3354.71,3374.99,3335.0,3351.6,1419518.6
1738335600,3351.69,3428.4,3351.68,3427.61,2391504.3
1738339200,3427.6,3437.77,3391.66,3403.48,1687025.28
1738342800,3403.49,3405.9,3372.03,3376.32,683618.65
1738346400,3376.33,3385.57,3295.0,3315.24,2492794.42
1738350000,3315.23,3346.6,3308.7,3339.21,1375180.52
1738353600,3339.2,3339.2,3286.22,3316.39,1173102.57
1738357200,3316.39,3321.15,3278.96,3319.28,779845.18
1738360800,3319.28,3321.32,3282.03,3296.11,585001.46
1738364400,3296.1,3303.33,3278.4,3301.49,407661.27
1738368000,3301.49,3321.98,3288.7,3317.83,579403.0
1738371600,3317.79,3333.07,3313.12,3313.67,446125.57
1738375200,3313.66,3326.2,3303.61,3306.6,325177.98
1738378800,3306.6,3310.19,3283.41,3292.97,512959.46
1738382400,3292.97,3307.69,3285.12,3294.95,429199.72
1738386000,3294.96,3303.78,3292.99,3300.08,217220.0
1738389600,3300.07,3306.99,3271.11,3295.99,592054.86
1738393200,3296.0,3301.48,3277.2,3280.35,401862.57
1738396800,3280.34,3287.0,3245.05,3269.0,1272028.13
1738400400,3269.0,3269.59,3224.68,3237.07,1101922.34
1738404000,3237.07,3252.99,3228.03,3234.91,676873.69
1738407600,3234.91,3253.19,3230.01,3252.2,349381.08
1738411200,3252.2,3272.84,3246.56,3267.26,551229.34
1738414800,3267.26,3273.5,3242.07,3246.67,575077.85
1738418400,3246.67,3257.14,3234.0,3239.14,477866.38
1738422000,3239.14,3259.49,3228.44,3251.43,647610.11
1738425600,3251.43,3267.21,3240.37,3242.75,551647.64
1738429200,3242.76,3267.42,3242.75,3262.6,352508.53
1738432800,3262.6,3267.98,3240.37,3242.68,437721.13
1738436400,3242.68,3245.05,3178.07,3196.66,1857746.0
1738440000,3196.6,3196.61,3151.33,3163.47,1269705.49
1738443600,3163.47,3179.38,3142.09,3149.76,710384.96
1738447200,3149.76,3162.61,3124.3,3137.57,836581.63
1738450800,3137.56,3139.1,3100.98,3117.31,1034262.71
1738454400,3117.31,3156.6,3110.72,3151.19,595109.18
1738458000,3151.2,3163.11,3143.15,3152.49,342269.66
1738461600,3152.49,3153.0,3112.74,3115.36,717573.0
1738465200,3115.36,3128.8,3068.02,3077.6,2429781.35
1738468800,3077.53,3111.33,3074.11,3096.39,992442.77
1738472400,3096.4,3123.39,3093.08,3119.27,621647.18
1738476000,3119.26,3138.71,3110.7,3114.59,754927.1
1738479600,3114.6,3115.34,3083.25,3101.71,1060763.63
1738483200,3101.7,3124.27,3090.19,3109.78,661675.28
1738486800,3109.77,3112.29,3096.22,3111.18,395391.66
1738490400,3111.18,3111.19,3090.42,3104.22,431365.56
1738494000,3104.22,3112.61,3051.46,3064.91,1598618.61
1738497600,3064.9,3080.0,3050.01,3052.3,927890.26
1738501200,3052.31,3088.57,3052.31,3087.4,807778.22
1738504800,3087.4,3101.88,3081.78,3087.0,633914.5
1738508400,3087.01,3087.01,3060.6,3080.98,697933.13
1738512000,3080.97,3082.16,3001.68,3015.91,2152621.46
1738515600,3015.91,3037.5,2951.39,2973.48,3924940.44
1738519200,2973.52,2990.67,2916.16,2928.82,2680967.85
1738522800,2928.85,2983.5,2893.35,2958.53,2911143.92
1738526400,2958.54,2986.9,2943.33,2950.52,829867.24
1738530000,2950.52,2956.85,2896.32,2907.98,1135801.6
1738533600,2907.99,2937.7,2733.33,2874.9,4684976.02
1738537200,2874.89,2874.9,2778.01,2869.54,3480544.43
1738540800,2869.55,2873.36,2768.32,2823.39,3861739.63
1738544400,2823.4,2844.0,2363.66,2492.26,13522631.18
1738548000,2492.0,2561.96,2086.11,2485.91,15839630.98
1738551600,2485.94,2544.22,2478.35,2526.52,3289401.28
1738555200,2526.53,2566.0,2448.88,2453.0,2987258.51
1738558800,2452.81,2517.79,2446.45,2514.41,2220151.47
1738562400,2514.4,2536.4,2483.36,2524.77,1474837.13
1738566000,2524.77,2631.52,2520.0,2620.93,2644548.76
1738569600,2620.94,2621.01,2524.18,2572.09,3134154.58
1738573200,2572.08,2616.0,2555.68,2570.97,2686836.01
1738576800,2570.97,2614.82,2562.28,2609.99,1306082.22
1738580400,2609.99,2611.99,2576.07,2580.71,1071139.09
1738584000,2580.71,2635.0,2573.01,2579.8,1908930.73
1738587600,2579.8,2595.85,2546.33,2576.59,1847419.59
1738591200,2576.67,2647.6,2529.01,2619.98,5233302.64
1738594800,2619.98,2727.77,2599.08,2700.04,5255278.78
1738598400,2700.03,2732.99,2677.35,2705.36,2252803.68
1738602000,2705.37,2717.88,2666.52,2706.76,1759735.79
1738605600,2706.73,2734.79,2695.75,2732.1,1117476.52
1738609200,2732.1,2770.27,2727.39,2764.24,1789637.42
1738612800,2764.24,2764.61,2695.39,2703.95,1341058.73
1738616400,2704.1,2819.45,2700.0,2817.64,1374692.46
1738620000,2817.69,2921.02,2810.0,2869.39,2998385.93
1738623600,2869.39,2893.77,2852.5,2879.7,967406.39
1738627200,2879.69,2889.13,2838.5,2841.2,1076155.91
1738630800,2841.2,2861.24,2833.43,2853.8,747581.87
1738634400,2853.84,2858.72,2800.1,2801.77,852297.16
1738638000,2801.75,2816.55,2791.75,2811.0,863704.54
1738641600,2810.81,2837.56,2794.46,2800.99,1056614.37
1738645200,2800.99,2805.48,2662.53,2691.51,4806959.98
1738648800,2691.5,2733.61,2691.45,2727.9,1433639.35
1738652400,2727.89,2735.53,2685.2,2703.87,1265967.69
1738656000,2703.87,2727.07,2676.87,2698.69,1351646.95
1738659600,2698.69,2717.96,2691.38,2695.19,721046.07
1738663200,2695.19,2759.68,2693.93,2750.0,1163490.95
1738666800,2750.0,2789.64,2748.09,2758.26,1264152.29
1738670400,2758.27,2821.2,2757.3,2804.83,1306749.8
1738674000,2804.88,2836.41,2790.2,2795.94,1482513.91
1738677600,2795.94,2845.7,2775.37,2818.2,2187375.52
1738681200,2818.05,2827.52,2730.15,2777.6,3088455.88
1738684800,2777.6,2806.65,2763.69,2790.48,1013026.89
1738688400,2790.48,2843.24,2784.12,2815.41,1313108.57
1738692000,2815.41,2835.7,2795.11,2829.86,574439.84
1738695600,2829.85,2869.99,2770.3,2771.09,2098002.79
1738699200,2771.09,2794.65,2720.8,2732.71,2037720.12
1738702800,2732.7,2733.88,2636.98,2639.63,2470795.69
1738706400,2639.63,2701.1,2632.05,2683.84,1221721.76
1738710000,2683.85,2748.04,2676.15,2731.26,1242973.32
1738713600,2731.27,2746.7,2711.37,2729.06,696285.41
1738717200,2729.05,2771.06,2714.3,2721.96,1046058.76
1738720800,2721.97,2751.22,2699.05,2739.81,1094699.29
1738724400,2739.81,2749.46,2717.53,2720.48,713982.99
1738728000,2720.47,2738.0,2712.56,2729.49,419499.78
1738731600,2729.49,2788.3,2708.69,2784.61,1322279.41
1738735200,2784.61,2785.72,2738.13,2745.0,1357873.9
1738738800,2745.0,2775.21,2734.8,2759.4,803649.51
1738742400,2759.39,2782.33,2753.17,2773.35,795147.4
1738746000,2773.35,2793.5,2746.74,2759.12,1125095.56
1738749600,2759.11,2787.26,2756.0,2778.66,563248.85
1738753200,2778.67,2818.71,2778.66,2800.0,1224242.97
1738756800,2799.99,2811.56,2782.66,2787.44,680761.16
1738760400,2787.44,2821.15,2783.79,2818.3,746726.2
1738764000,2818.3,2828.47,2772.59,2786.9,1315016.93
1738767600,2786.9,2801.43,2757.47,2773.68,1551503.39
1738771200,2773.61,2783.92,2733.8,2771.74,1626463.06
1738774800,2771.76,2781.2,2730.01,2740.63,1053930.53
1738778400,2740.64,2756.95,2715.24,2723.13,1026133.58
1738782000,2723.1,2787.69,2716.41,2775.89,950428.79
1738785600,2775.89,2783.6,2743.5,2763.2,636617.42
1738789200,2763.3,2792.67,2758.46,2786.77,469801.19
1738792800,2786.76,2803.0,2738.31,2759.44,915735.86
1738796400,2759.41,2793.99,2755.13,2788.24,657731.53
1738800000,2788.23,2798.54,2760.8,2768.16,646038.36
1738803600,2768.2,2813.0,2755.44,2790.27,893560.13
1738807200,2790.2,2817.73,2785.79,2807.56,656605.3
1738810800,2807.56,2819.0,2790.28,2806.4,713465.2
1738814400,2806.41,2832.3,2805.67,2820.16,677011.56
1738818000,2820.16,2849.9,2820.16,2832.17,672173.25
1738821600,2832.18,2856.48,2823.29,2853.59,652246.48
1738825200,2853.58,2854.9,2826.11,2832.0,527819.03
1738828800,2831.99,2845.82,2823.52,2829.6,565759.12
1738832400,2829.61,2858.59,2826.33,2851.65,739326.35
1738836000,2851.65,2854.95,2818.16,2829.12,778969.48
1738839600,2829.1,2831.22,2792.67,2804.25,1280517.14
1738843200,2804.25,2808.13,2767.0,2771.2,1286880.14
1738846800,2771.24,2799.75,2768.59,2791.8,1090362.81
1738850400,2791.87,2797.07,2738.0,2748.22,2019052.13
1738854000,2748.22,2761.11,2683.0,2705.7,2597912.59
1738857600,2705.7,2724.89,2695.0,2708.69,1363243.96
1738861200,2708.68,2720.44,2696.2,2699.65,842735.46
1738864800,2699.64,2712.84,2672.73,2693.61,1317242.97
1738868400,2693.61,2727.1,2680.0,2689.87,880493.37
1738872000,2689.86,2725.74,2685.62,2722.87,465078.66
1738875600,2722.88,2723.3,2674.21,2709.58,739783.54
1738879200,2709.58,2710.2,2654.95,2700.62,829406.56
1738882800,2700.61,2702.86,2667.15,2686.71,476474.08
1738886400,2686.7,2716.23,2679.1,2687.32,679832.26
1738890000,2687.32,2739.96,2687.32,2717.32,683202.84
1738893600,2717.18,2734.12,2713.0,2725.41,518264.12
1738897200,2725.42,2736.81,2703.01,2715.8,561533.44
1738900800,2715.8,2731.19,2713.34,2721.01,431916.65
1738904400,2721.0,2727.99,2705.0,2714.4,498776.57
1738908000,2714.4,2715.86,2668.0,2696.36,1238050.32
1738911600,2696.39,2730.5,2695.3,2713.19,900887.4
1738915200,2713.2,2744.98,2705.22,2729.92,833110.13
1738918800,2729.99,2742.0,2725.92,2738.7,473768.36
1738922400,2738.71,2754.4,2736.26,2742.84,476233.72
1738926000,2742.84,2764.9,2738.98,2762.61,683468.75
1738929600,2762.62,2772.6,2746.45,2757.84,858914.22
1738933200,2757.84,2780.87,2720.07,2776.05,2371479.09
1738936800,2776.05,2797.97,2763.52,2782.89,1581312.28
1738940400,2782.9,2783.05,2710.01,2722.02,3280203.93
1738944000,2722.05,2729.51,2690.53,2693.12,1574415.26
1738947600,2693.12,2699.66,2660.83,2679.82,2073842.49
1738951200,2679.82,2704.02,2676.42,2678.3,864777.35
1738954800,2678.3,2679.6,2655.55,2659.16,772273.94
1738958400,2659.16,2661.9,2579.06,2587.42,2125609.93
1738962000,2587.42,2610.21,2575.45,2587.79,904054.89
1738965600,2587.81,2592.0,2561.77,2583.73,953506.2
1738969200,2583.74,2625.87,2578.3,2621.83,821903.18
1738972800,2621.83,2668.0,2615.51,2646.41,1062596.34
1738976400,2646.4,2646.4,2627.29,2630.44,664069.89
1738980000,2630.45,2644.1,2622.0,2641.0,490868.24
1738983600,2641.0,2657.52,2635.58,2641.54,551756.74
1738987200,2641.53,2649.12,2630.56,2634.2,334140.68
1738990800,2634.2,2636.39,2614.38,2620.54,667211.03
1738994400,2620.53,2632.79,2607.4,2616.02,527526.2
1738998000,2616.02,2639.45,2592.85,2629.79,1173483.88
1739001600,2629.8,2632.68,2605.68,2606.5,545720.75
1739005200,2606.51,2619.8,2606.18,2619.49,460141.03
1739008800,2619.48,2631.53,2612.72,2618.26,404821.06
1739012400,2618.26,2621.3,2601.02,2613.64,532325.56
1739016000,2613.63,2621.04,2598.61,2605.21,530834.89
1739019600,2605.21,2637.17,2604.21,2621.31,778349.28
1739023200,2621.3,2626.66,2602.02,2616.76,791522.44
1739026800,2616.76,2626.49,2588.16,2605.61,909659.08
1739030400,2605.61,2614.4,2590.0,2609.89,635852.06
1739034000,2609.87,2633.99,2609.7,2630.37,616618.58
1739037600,2630.41,2641.67,2617.94,2630.93,489922.11
1739041200,2631.09,2649.94,2627.0,2637.4,520859.33
1739044800,2637.4,2643.9,2627.83,2635.88,263110.14
1739048400,2635.88,2642.81,2628.81,2638.3,191554.08
1739052000,2638.3,2645.84,2623.59,2626.55,250778.7
1739055600,2626.55,2644.0,2626.33,2632.11,174737.68
1739059200,2632.11,2641.0,2626.85,2637.06,221159.16
1739062800,2637.05,2656.99,2635.08,2649.31,563252.48
1739066400,2649.31,2652.92,2635.65,2639.42,292721.82
1739070000,2639.42,2699.96,2633.69,2678.3,1354590.64
1739073600,2678.3,2678.76,2660.01,2672.9,515529.27
1739077200,2672.9,2673.3,2656.15,2661.4,332232.65
1739080800,2661.4,2665.0,2649.11,2663.16,431369.41
1739084400,2663.17,2668.95,2658.45,2662.53,260058.48
1739088000,2662.53,2674.07,2661.17,2666.99,374567.86
1739091600,2666.99,2667.36,2651.0,2658.59,331833.55
1739095200,2658.6,2669.68,2651.5,2661.8,424221.16
1739098800,2661.79,2667.12,2652.24,2654.97,306080.0
1739102400,2655.0,2662.14,2644.03,2655.69,483045.46
1739106000,2655.7,2658.51,2611.1,2618.13,1222539.7
1739109600,2618.12,2634.5,2614.78,2627.68,614512.04
1739113200,2627.68,2659.99,2627.0,2653.0,1030029.28
1739116800,2653.0,2666.51,2649.58,2659.18,470388.7
1739120400,2659.18,2665.0,2634.01,2642.19,729903.04
1739124000,2642.19,2642.47,2626.26,2637.09,411169.4
1739127600,2636.91,2643.95,2616.51,2624.37,408957.58
1739131200,2624.37,2650.74,2622.41,2637.71,491977.89
1739134800,2637.72,2641.43,2520.02,2552.26,2467382.04
1739138400,2552.27,2647.39,2526.43,2615.95,1999119.47
1739142000,2615.94,2635.83,2606.56,2627.3,862717.36
1739145600,2627.39,2658.84,2627.0,2642.77,838143.91
1739149200,2642.77,2645.12,2559.2,2574.64,1917957.22
1739152800,2574.64,2596.88,2569.11,2589.39,1084502.59
1739156400,2589.39,2648.94,2584.3,2626.0,1466770.97
1739160000,2626.0,2641.72,2618.17,2628.84,711652.43
1739163600,2628.84,2660.99,2621.0,2638.4,843549.98
1739167200,2638.5,2643.04,2626.64,2636.66,683670.78
1739170800,2636.66,2645.24,2628.85,2637.58,398210.06
1739174400,2637.58,2652.99,2635.0,2644.98,628551.74
1739178000,2644.98,2655.47,2639.25,2650.99,539399.34
1739181600,2651.0,2663.27,2640.01,2647.71,641300.33
1739185200,2647.64,2659.8,2640.17,2653.49,539454.76
1739188800,2653.48,2662.79,2631.0,2639.2,949258.54
1739192400,2639.21,2685.61,2637.44,2677.7,1380440.08
1739196000,2677.7,2681.0,2638.09,2650.55,1517749.23
1739199600,2650.56,2662.41,2642.99,2658.75,791050.4
1739203200,2658.75,2676.59,2649.55,2665.1,830692.89
1739206800,2665.1,2686.84,2650.28,2679.11,1027301.4
1739210400,2679.1,2689.99,2670.0,2682.83,644182.38
1739214000,2682.89,2693.92,2667.07,2672.02,615473.55
1739217600,2672.02,2687.0,2668.1,2684.34,480762.37
1739221200,2684.35,2685.27,2657.12,2664.29,376822.71
1739224800,2664.3,2671.89,2652.58,2658.55,321542.66
1739228400,2658.55,2663.33,2651.4,2661.35,292382.31
1739232000,2661.34,2726.45,2660.59,2705.89,1732600.76
1739235600,2705.84,2721.79,2692.31,2695.32,1104825.05
1739239200,2695.33,2700.0,2666.38,2681.55,1152713.98
1739242800,2681.56,2681.56,2668.03,2678.91,414988.04
1739246400,2678.9,2695.86,2675.78,2693.18,531863.62
1739250000,2693.19,2721.89,2689.63,2716.99,1010751.26
1739253600,2717.0,2725.0,2702.12,2722.69,827252.69
1739257200,2722.69,2724.2,2708.44,2711.8,540262.26
1739260800,2711.71,2721.6,2705.47,2715.44,492969.47
1739264400,2715.45,2717.99,2701.0,2704.99,649134.76
1739268000,2704.99,2706.76,2691.15,2696.75,613718.35
1739271600,2696.75,2710.48,2692.0,2708.81,447449.36
1739275200,2708.81,2710.47,2680.0,2686.23,844639.64
1739278800,2686.23,2694.38,2629.02,2634.21,1941594.19
1739282400,2634.21,2670.0,2626.12,2663.46,1473961.7
1739286000,2663.46,2677.18,2647.6,2662.6,1016774.94
1739289600,2662.59,2671.48,2642.32,2645.79,866658.2
1739293200,2645.8,2654.7,2632.01,2641.31,823163.01
1739296800,2641.3,2642.35,2607.02,2611.28,1234039.21
1739300400,2611.28,2619.95,2581.43,2590.03,1442133.47
1739304000,2590.0,2612.74,2585.6,2598.72,842301.15
1739307600,2598.74,2631.51,2592.9,2621.93,678414.46
1739311200,2621.92,2631.74,2557.25,2586.18,1047482.6
1739314800,2586.19,2611.81,2584.53,2602.63,472069.3
1739318400,2602.63,2617.31,2589.0,2610.41,653657.79
1739322000,2610.41,2624.98,2600.11,2616.99,469882.15
1739325600,2616.97,2618.91,2586.51,2596.52,546957.01
1739329200,2596.52,2601.75,2568.15,2587.0,1197351.72
1739332800,2587.01,2597.22,2577.2,2590.21,625240.39
1739336400,2590.25,2611.0,2584.82,2608.91,562887.26
1739340000,2608.92,2612.76,2597.15,2601.9,408951.56
1739343600,2601.9,2624.19,2599.08,2618.4,604765.41
1739347200,2618.33,2637.99,2618.01,2630.14,732106.84
1739350800,2630.15,2633.28,2611.11,2629.58,671649.06
1739354400,2629.59,2632.7,2610.51,2619.3,457324.77
1739358000,2619.3,2639.88,2619.15,2627.14,484654.69
1739361600,2627.14,2643.59,2625.14,2628.2,510262.08
1739365200,2628.21,2666.0,2557.73,2595.9,5815053.16
1739368800,2595.9,2600.97,2545.48,2599.1,2610874.48
1739372400,2599.11,2616.18,2568.52,2607.1,1694833.83
1739376000,2607.1,2653.05,2583.19,2648.6,1639667.6
1739379600,2648.59,2684.34,2648.09,2673.38,1714749.04
1739383200,2673.38,2675.3,2647.55,2664.0,705717.15
1739386800,2664.01,2681.76,2647.7,2678.2,677470.15
1739390400,2678.2,2696.98,2669.3,2677.96,782207.29
1739394000,2678.0,2694.3,2672.33,2682.19,437876.57
1739397600,2682.2,2796.21,2678.01,2745.47,2678656.87
1739401200,2745.46,2758.18,2726.22,2738.58,849873.18
1739404800,2738.58,2741.98,2716.25,2728.7,609084.78
1739408400,2728.71,2757.88,2723.22,2748.79,714939.3
1739412000,2748.8,2749.5,2731.67,2739.8,435587.25
1739415600,2739.8,2747.57,2736.51,2744.39,269939.12
1739419200,2744.39,2745.57,2713.74,2721.79,566940.18
1739422800,2721.8,2725.9,2704.0,2720.87,682421.23
1739426400,2720.87,2723.93,2680.56,2686.4,1074650.93
1739430000,2686.4,2691.52,2671.3,2681.46,962307.09
1739433600,2681.45,2685.89,2657.12,2666.46,1175439.52
1739437200,2666.46,2687.3,2659.06,2683.29,792923.25
1739440800,2683.29,2688.42,2675.67,2677.44,480835.14
1739444400,2677.44,2679.23,2650.41,2656.18,998543.64
1739448000,2656.18,2669.66,2642.43,2656.3,858825.21
1739451600,2656.37,2679.0,2651.8,2659.09,1109693.83
1739455200,2659.1,2660.0,2615.05,2636.14,2098443.44
1739458800,2636.12,2667.26,2621.11,2647.74,1661417.02
1739462400,2647.74,2648.01,2618.26,2626.68,942581.2
1739466000,2626.87,2648.4,2624.86,2631.5,569883.91
1739469600,2631.49,2640.0,2612.02,2639.9,745106.47
1739473200,2639.89,2661.78,2629.1,2641.09,784993.77
1739476800,2641.08,2659.57,2640.55,2653.7,333586.33
1739480400,2653.7,2675.98,2651.5,2667.16,484988.7
1739484000,2667.15,2677.4,2663.27,2668.92,204049.53
1739487600,2668.95,2680.51,2664.29,2675.99,245621.11
1739491200,2676.0,2683.65,2664.3,2675.2,382659.45
1739494800,2675.11,2687.99,2668.68,2683.33,627144.44
1739498400,2683.32,2706.9,2679.75,2690.9,1084193.15
1739502000,2690.9,2722.22,2689.39,2715.3,696733.8
1739505600,2715.3,2716.57,2696.78,2699.4,584188.06
1739509200,2699.41,2704.75,2689.28,2699.12,525523.2
1739512800,2699.13,2704.48,2691.08,2701.01,342661.78
1739516400,2701.02,2705.5,2698.51,2699.07,277815.8
1739520000,2699.08,2718.0,2695.71,2705.44,709174.22
1739523600,2705.43,2714.99,2703.55,2713.64,459289.37
1739527200,2713.65,2716.72,2702.3,2703.59,418850.12
1739530800,2703.59,2705.65,2682.0,2685.43,772283.08
1739534400,2685.43,2691.66,2677.08,2686.44,638216.81
1739538000,2686.45,2705.9,2685.03,2701.11,877003.79
1739541600,2701.11,2739.63,2693.79,2720.89,1423141.75
1739545200,2720.9,2747.7,2688.54,2734.21,1932751.01
1739548800,2734.21,2744.54,2709.14,2743.4,1281507.8
1739552400,2743.41,2781.45,2732.0,2774.09,1440049.52
1739556000,2774.09,2791.97,2755.01,2756.16,1229827.08
1739559600,2756.16,2764.32,2728.31,2738.27,824262.08
1739563200,2738.38,2752.07,2721.0,2728.33,744884.33
1739566800,2728.4,2751.99,2706.05,2744.55,947544.24
1739570400,2744.55,2749.1,2707.18,2718.11,612430.36
1739574000,2718.2,2731.44,2714.86,2726.28,368779.1
1739577600,2726.29,2727.99,2704.0,2717.4,411649.01
1739581200,2717.39,2731.58,2715.0,2728.97,342841.91
1739584800,2728.96,2735.56,2720.91,2731.85,359537.77
1739588400,2731.87,2739.7,2724.04,2724.8,342505.18
1739592000,2724.8,2734.62,2717.63,2721.0,356749.07
1739595600,2720.99,2725.69,2715.0,2722.79,266967.02
1739599200,2722.79,2723.37,2705.25,2709.5,370383.31
1739602800,2709.49,2710.88,2693.35,2697.63,681450.48
1739606400,2697.62,2712.36,2697.22,2705.26,342223.18
1739610000,2705.25,2712.72,2696.07,2703.22,325108.22
1739613600,2703.23,2712.66,2695.49,2710.32,336482.25
1739617200,2710.32,2715.0,2699.5,2708.48,335568.32
1739620800,2708.49,2714.0,2703.22,2710.15,324074.86
1739624400,2710.15,2714.08,2705.5,2706.69,268008.81
1739628000,2706.61,2706.62,2658.71,2688.52,1468799.07
1739631600,2688.53,2699.55,2683.46,2691.0,455389.68
1739635200,2690.99,2696.55,2682.86,2689.01,371260.78
1739638800,2689.02,2694.26,2678.0,2686.3,305375.59
1739642400,2686.31,2709.49,2685.01,2703.11,400118.72
1739646000,2703.11,2706.08,2690.13,2691.77,289690.73
1739649600,2691.77,2697.36,2679.14,2686.25,315562.03
1739653200,2686.24,2702.87,2686.1,2701.29,292163.29
1739656800,2701.28,2705.0,2687.15,2695.74,182737.0
1739660400,2695.74,2698.33,2690.0,2693.27,170699.11
1739664000,2693.27,2706.0,2690.33,2699.7,255856.88
1739667600,2699.71,2702.97,2692.59,2700.65,182498.59
1739671200,2700.61,2700.61,2687.6,2690.5,258296.45
1739674800,2690.5,2699.38,2687.79,2699.37,275090.11
1739678400,2699.38,2704.22,2697.32,2703.69,234032.84
1739682000,2703.69,2728.02,2697.01,2709.13,687023.67
1739685600,2709.13,2720.88,2706.6,2710.86,385084.46
1739689200,2710.86,2710.86,2690.01,2695.9,673316.98
1739692800,2695.9,2705.59,2692.29,2696.96,301759.96
1739696400,2696.95,2708.68,2688.81,2704.74,380724.41
1739700000,2704.74,2707.75,2693.37,2695.92,318724.51
1739703600,2695.92,2713.19,2694.12,2711.0,405991.66
1739707200,2711.0,2713.0,2703.61,2706.29,239070.77
1739710800,2706.29,2710.26,2689.0,2692.61,559400.48
1739714400,2692.6,2699.43,2676.09,2692.17,997932.61
1739718000,2692.16,2701.93,2686.53,2694.22,443924.12
1739721600,2694.23,2701.37,2689.5,2697.33,344101.14
1739725200,2697.32,2703.89,2685.01,2688.15,301662.94
1739728800,2688.16,2688.16,2658.23,2679.81,1001738.86
1739732400,2679.82,2688.41,2667.37,2683.51,363435.93
1739736000,2683.5,2686.46,2669.25,2670.11,223164.27
1739739600,2670.12,2689.66,2663.04,2687.13,385828.99
1739743200,2687.14,2687.82,2663.57,2679.17,247827.04
1739746800,2679.18,2679.69,2651.0,2661.22,759364.51
1739750400,2661.22,2672.7,2658.67,2671.36,361459.2
1739754000,2671.36,2683.93,2659.0,2679.8,478308.15
1739757600,2679.8,2684.6,2667.0,2669.28,273872.45
1739761200,2669.27,2674.7,2657.51,2672.1,371873.96
1739764800,2672.09,2672.51,2658.32,2661.91,399463.29
1739768400,2661.91,2673.31,2636.39,2670.79,1413852.87
1739772000,2670.8,2689.0,2668.05,2686.46,767956.2
1739775600,2686.47,2695.77,2675.5,2681.97,802835.84
1739779200,2681.98,2717.98,2676.5,2714.68,1063286.51
1739782800,2714.68,2742.31,2711.91,2733.31,1326967.35
1739786400,2733.31,2775.0,2731.07,2750.3,2409919.49
1739790000,2750.3,2765.29,2742.05,2755.68,974456.73
1739793600,2755.69,2779.51,2754.3,2766.03,937479.52
1739797200,2766.04,2784.0,2759.53,2776.21,974166.53
1739800800,2776.2,2827.88,2776.2,2826.31,2730215.47
1739804400,2826.31,2849.9,2746.13,2755.91,3868741.08
1739808000,2755.91,2766.26,2724.25,2726.37,2348291.71
1739811600,2726.37,2750.77,2726.1,2732.62,1091573.3
1739815200,2732.62,2733.18,2696.66,2700.64,1656574.27
1739818800,2700.63,2722.38,2686.6,2717.87,913506.97
1739822400,2717.88,2746.66,2716.43,2732.41,622708.04
1739826000,2732.41,2779.69,2731.58,2776.91,786440.92
1739829600,2776.92,2778.61,2732.37,2737.61,682461.24
1739833200,2737.6,2751.41,2734.48,2744.29,380843.76
1739836800,2744.29,2758.0,2716.66,2721.34,768260.89
1739840400,2721.33,2740.77,2715.29,2736.39,471380.18
1739844000,2736.4,2739.59,2707.07,2713.76,610742.71
1739847600,2713.77,2724.5,2708.77,2711.75,434586.37
1739851200,2711.75,2718.0,2691.15,2702.01,775213.81
1739854800,2702.01,2705.84,2673.49,2677.57,973382.96
1739858400,2677.56,2679.48,2651.64,2663.21,1667127.81
1739862000,2663.21,2678.99,2656.68,2672.26,759642.77
1739865600,2672.26,2677.51,2653.23,2667.58,737281.23
1739869200,2667.57,2697.52,2663.33,2697.33,1080803.19
1739872800,2697.33,2706.65,2691.5,2695.22,791446.62
1739876400,2695.23,2696.85,2675.71,2679.12,541400.22
1739880000,2679.12,2711.65,2677.25,2703.55,775251.17
1739883600,2703.54,2704.46,2690.02,2703.01,495106.82
1739887200,2703.01,2733.0,2672.14,2688.16,2055648.95
1739890800,2688.15,2694.0,2659.15,2673.79,1498281.57
1739894400,2673.79,2685.0,2630.0,2635.51,2031041.46
1739898000,2635.62,2649.67,2605.47,2620.0,1687985.55
1739901600,2620.01,2645.0,2608.86,2632.01,1129831.3
1739905200,2632.0,2647.12,2613.53,2630.19,841698.6
1739908800,2630.2,2643.42,2618.14,2631.1,558472.29
1739912400,2631.2,2658.77,2629.45,2652.71,825061.56
1739916000,2652.71,2667.87,2648.73,2656.06,374425.02
1739919600,2656.02,2672.54,2653.68,2672.09,409111.74
1739923200,2672.1,2679.49,2666.95,2669.73,402547.98
1739926800,2669.74,2671.92,2655.64,2669.98,612873.68
1739930400,2669.98,2701.04,2669.11,2691.25,779334.89
1739934000,2691.26,2696.96,2676.67,2693.85,631137.93
1739937600,2693.85,2694.9,2666.22,2666.23,627650.21
1739941200,2666.22,2696.93,2664.25,2687.36,695937.21
1739944800,2687.37,2705.9,2686.07,2699.0,688996.26
1739948400,2699.0,2717.6,2697.52,2708.01,774739.18
1739952000,2708.0,2726.21,2706.01,2707.7,832559.97
1739955600,2707.71,2729.74,2704.29,2724.19,729544.52
1739959200,2724.2,2737.29,2720.23,2726.49,841792.92
1739962800,2726.49,2737.84,2723.96,2727.34,641570.48
1739966400,2727.34,2727.97,2703.31,2704.44,962971.0
1739970000,2704.45,2721.01,2704.45,2718.11,488295.91
1739973600,2718.1,2731.9,2687.61,2691.2,1659168.33
1739977200,2691.19,2713.0,2677.0,2697.09,1479462.88
1739980800,2697.09,2720.4,2696.97,2711.72,622202.5
1739984400,2711.73,2719.99,2700.0,2710.44,445400.89
1739988000,2710.44,2712.73,2696.0,2700.04,586039.25
1739991600,2700.05,2724.99,2693.78,2712.0,634809.55
1739995200,2711.92,2725.9,2708.71,2721.05,462484.14
1739998800,2721.04,2730.0,2706.1,2710.08,385536.32
1740002400,2710.0,2731.47,2708.2,2721.6,347361.32
1740006000,2721.61,2735.07,2712.75,2715.65,409948.98
1740009600,2715.66,2733.66,2709.68,2729.04,367856.27
1740013200,2728.88,2733.76,2712.8,2719.75,366815.08
1740016800,2719.75,2752.99,2719.74,2741.87,1009344.73
1740020400,2741.88,2748.89,2732.48,2741.91,602245.57
1740024000,2741.91,2759.25,2736.0,2739.77,715732.65
1740027600,2739.76,2743.0,2728.22,2732.4,546088.21
1740031200,2732.41,2736.95,2723.45,2730.69,559792.69
1740034800,2730.69,2738.0,2722.17,2730.29,434163.84
1740038400,2730.29,2737.03,2726.09,2733.52,363012.11
1740042000,2733.53,2734.31,2725.13,2726.14,305632.06
1740045600,2726.13,2746.39,2725.5,2745.61,557079.94
1740049200,2745.61,2747.37,2735.88,2740.79,372986.4
1740052800,2740.78,2746.78,2737.65,2742.35,401820.68
1740056400,2742.35,2755.0,2733.16,2746.34,787584.88
1740060000,2746.35,2771.8,2725.46,2729.22,2314161.62
1740063600,2729.22,2738.7,2706.63,2712.5,1695596.95
1740067200,2712.45,2731.65,2707.0,2713.21,1168825.07
1740070800,2713.21,2738.24,2712.0,2735.33,597221.5
1740074400,2735.34,2751.38,2731.5,2737.38,779903.26
1740078000,2737.38,2768.51,2735.58,2747.86,900284.15
1740081600,2747.81,2761.55,2743.77,2749.65,421073.36
1740085200,2749.65,2751.78,2721.5,2726.23,481742.88
1740088800,2726.23,2738.42,2725.31,2728.42,260339.23
1740092400,2728.41,2746.59,2727.45,2738.01,298822.51
1740096000,2738.02,2745.93,2729.57,2735.56,342947.12
1740099600,2735.56,2745.8,2725.35,2741.49,433851.76
1740103200,2741.48,2746.26,2733.53,2736.72,337050.63
1740106800,2736.73,2749.5,2734.24,2744.53,376462.88
1740110400,2744.54,2754.76,2743.99,2751.42,408490.19
1740114000,2751.42,2758.87,2745.95,2756.32,371586.25
1740117600,2756.31,2761.87,2752.0,2760.62,415907.24
1740121200,2760.62,2769.99,2754.17,2756.15,626777.81
1740124800,2756.15,2761.39,2747.5,2750.81,482974.87
1740128400,2750.8,2832.11,2749.58,2782.42,3524535.01
1740132000,2782.43,2808.7,2781.33,2800.77,900089.4
1740135600,2800.77,2806.0,2785.7,2788.44,720527.8
1740139200,2788.44,2806.8,2788.07,2806.79,519348.54
1740142800,2806.8,2847.0,2801.92,2836.21,1970533.13
1740146400,2836.21,2838.48,2778.01,2806.99,2455598.11
1740150000,2807.0,2832.6,2675.0,2723.84,7817184.71
1740153600,2723.84,2770.76,2691.0,2737.2,4370024.33
1740157200,2737.17,2742.76,2652.41,2672.34,3292314.7
1740160800,2672.33,2691.63,2661.25,2678.76,1514326.3
1740164400,2678.75,2686.41,2625.44,2639.7,2048280.96
1740168000,2639.79,2661.23,2627.09,2633.23,1252235.92
1740171600,2633.23,2646.27,2615.55,2642.27,1147953.63
1740175200,2642.27,2663.27,2632.01,2642.88,934560.34
1740178800,2642.87,2662.59,2633.31,2661.6,596534.54
1740182400,2661.6,2682.33,2651.72,2677.82,802344.4
1740186000,2677.81,2688.32,2675.31,2683.24,548852.68
1740189600,2683.25,2685.55,2665.13,2682.54,634176.23
1740193200,2682.54,2683.08,2666.24,2674.97,361278.48
1740196800,2674.94,2685.7,2672.49,2680.97,413818.55
1740200400,2680.99,2695.0,2675.08,2690.29,457572.04
1740204000,2690.3,2695.56,2683.59,2684.18,286210.37
1740207600,2684.19,2696.99,2683.81,2684.13,455894.39
1740211200,2684.13,2694.0,2676.3,2690.72,405325.68
1740214800,2690.72,2718.45,2690.71,2715.31,1148843.83
1740218400,2715.3,2754.22,2712.42,2733.49,1993709.03
1740222000,2733.5,2743.57,2729.8,2733.44,438331.27
1740225600,2733.45,2743.68,2725.8,2739.92,584555.36
1740229200,2739.93,2745.31,2722.67,2723.2,625216.11
1740232800,2723.19,2742.78,2723.19,2737.59,511359.16
1740236400,2737.59,2786.6,2737.59,2775.94,1485603.39
1740240000,2775.94,2798.12,2771.59,2774.15,1528208.15
1740243600,2774.14,2798.95,2772.61,2785.65,817675.25
1740247200,2785.65,2790.0,2756.01,2762.99,1108083.9
1740250800,2763.0,2771.83,2761.25,2770.0,385214.67
1740254400,2770.0,2776.38,2758.78,2770.31,303794.63
1740258000,2770.32,2778.09,2760.65,2765.84,345692.04
1740261600,2765.85,2774.95,2764.4,2767.59,215637.49
1740265200,2767.58,2771.44,2761.0,2763.4,172308.61
1740268800,2763.41,2773.25,2753.06,2771.43,494558.31
1740272400,2771.43,2776.2,2758.0,2764.54,359617.16
1740276000,2764.54,2766.9,2747.23,2750.85,414382.59
1740279600,2750.85,2759.79,2744.74,2753.29,633737.52
1740283200,2753.29,2765.42,2746.34,2762.9,431305.12
1740286800,2762.9,2788.85,2760.5,2781.39,969593.59
1740290400,2781.39,2797.0,2776.6,2793.81,844996.49
1740294000,2793.82,2829.27,2790.0,2824.52,1781922.7
1740297600,2824.52,2831.79,2800.01,2806.42,1151488.12
1740301200,2806.43,2811.99,2793.71,2807.58,978834.63
1740304800,2807.59,2813.16,2796.98,2806.61,617932.01
1740308400,2806.6,2809.75,2783.21,2797.85,737631.99
1740312000,2797.86,2805.88,2782.34,2789.69,934435.42
1740315600,2789.69,2827.95,2789.21,2812.2,1523543.2
1740319200,2812.2,2815.99,2785.32,2790.32,988762.38
1740322800,2790.33,2805.11,2773.42,2782.97,1093998.86
1740326400,2782.96,2817.44,2782.11,2806.16,1045164.15
1740330000,2806.16,2824.99,2800.85,2814.79,775455.0
1740333600,2814.78,2824.26,2804.21,2809.03,488585.13
1740337200,2809.03,2815.79,2805.6,2807.94,251468.72
1740340800,2807.94,2808.25,2793.68,2806.91,365254.85
1740344400,2806.91,2811.48,2798.32,2807.61,221201.0
1740348000,2807.6,2811.9,2785.88,2803.22,435165.79
1740351600,2803.22,2858.82,2802.41,2819.69,1883875.52
1740355200,2819.69,2840.44,2802.59,2805.3,1150789.91
1740358800,2805.31,2812.0,2783.58,2790.7,969660.38
1740362400,2790.69,2796.56,2773.33,2776.72,1018499.83
1740366000,2776.71,2776.72,2711.11,2717.98,3066491.27
1740369600,2717.98,2725.78,2692.66,2700.48,2261287.21
1740373200,2700.47,2733.5,2693.97,2731.05,1384000.6
1740376800,2731.05,2735.0,2714.24,2730.3,890135.5
1740380400,2730.3,2735.23,2717.54,2721.69,573537.4
1740384000,2721.68,2722.2,2678.0,2681.77,2029757.62
1740387600,2681.77,2712.69,2680.03,2696.72,1063203.44
1740391200,2696.73,2697.88,2662.69,2684.62,1600665.25
1740394800,2684.61,2691.32,2671.89,2689.9,696495.86
1740398400,2689.9,2691.86,2675.68,2679.34,596213.33
1740402000,2679.35,2697.46,2664.45,2674.59,1249515.02
1740405600,2674.58,2688.46,2650.01,2657.1,1900327.77
1740409200,2657.1,2679.32,2636.11,2659.41,2535118.6
1740412800,2659.42,2676.6,2652.7,2661.94,1222181.09
1740416400,2661.94,2683.0,2655.51,2664.75,794462.84
1740420000,2664.75,2671.21,2647.37,2650.2,605114.13
1740423600,2650.18,2661.57,2622.66,2641.49,1332765.3
1740427200,2641.49,2663.95,2637.31,2642.72,803577.81
1740430800,2642.69,2658.58,2627.03,2636.79,683105.5
1740434400,2636.79,2638.27,2484.8,2507.24,6391664.35
1740438000,2507.24,2547.35,2467.4,2513.95,3115078.62
1740441600,2513.95,2531.0,2457.12,2499.19,3868504.63
1740445200,2499.19,2513.36,2470.6,2495.18,1900032.84
1740448800,2495.18,2524.61,2474.79,2513.59,1528630.71
1740452400,2513.58,2517.88,2486.26,2494.99,1092102.14
1740456000,2494.99,2505.48,2479.23,2491.61,1298021.8
1740459600,2491.61,2512.88,2483.1,2506.01,859699.22
1740463200,2506.01,2509.7,2479.32,2480.95,874253.26
1740466800,2480.94,2485.15,2312.19,2368.41,11145240.79
1740470400,2368.41,2417.52,2357.43,2396.88,3193140.5
1740474000,2396.88,2409.5,2377.25,2383.43,1905828.72
1740477600,2383.43,2412.0,2356.79,2395.24,3435436.77
1740481200,2395.23,2439.94,2368.09,2433.85,2458426.83
1740484800,2433.85,2449.99,2418.83,2437.33,1626841.07
1740488400,2437.33,2443.75,2411.11,2412.8,962444.97
1740492000,2412.8,2429.3,2365.01,2379.37,3119604.0
1740495600,2379.37,2428.44,2361.3,2410.11,4065748.77
1740499200,2410.19,2437.16,2383.5,2418.1,2137510.68
1740502800,2418.09,2443.37,2411.16,2421.66,1208158.48
1740506400,2421.66,2436.2,2404.08,2424.55,1020708.59
1740510000,2424.54,2473.72,2411.57,2471.69,1537297.66
1740513600,2471.68,2517.37,2457.25,2493.06,2130675.81
1740517200,2493.01,2514.94,2480.87,2513.68,763666.34
1740520800,2513.64,2533.53,2497.85,2510.7,1003159.06
1740524400,2510.7,2522.77,2493.4,2495.7,779877.62
1740528000,2495.7,2499.4,2471.0,2475.64,1032071.54
1740531600,2475.65,2492.41,2475.23,2486.4,601609.94
1740535200,2486.4,2505.47,2476.64,2498.94,760131.69
1740538800,2498.87,2508.0,2488.0,2491.01,632196.07
1740542400,2491.01,2502.37,2487.0,2489.96,464171.01
1740546000,2489.97,2495.96,2475.66,2475.85,524220.0
1740549600,2475.85,2501.8,2475.55,2500.99,833993.21
1740553200,2501.0,2506.69,2476.65,2484.13,895794.96
1740556800,2484.12,2488.4,2458.06,2464.61,1074776.71
1740560400,2464.6,2494.96,2463.11,2490.21,1137603.56
1740564000,2490.21,2495.84,2478.5,2493.35,625794.86
1740567600,2493.35,2495.61,2463.0,2464.9,839954.26
1740571200,2464.9,2467.08,2422.56,2433.36,1988121.45
1740574800,2433.37,2441.14,2410.16,2416.69,1361038.93
1740578400,2416.69,2436.4,2368.65,2435.21,5236698.65
1740582000,2435.21,2462.0,2423.97,2428.37,2527195.12
1740585600,2428.38,2434.32,2385.0,2398.4,2264813.54
1740589200,2398.48,2408.28,2353.6,2366.7,2314804.91
1740592800,2366.69,2383.11,2264.07,2292.6,6904229.83
1740596400,2292.6,2318.69,2276.01,2296.0,3148269.01
1740600000,2296.03,2341.4,2253.62,2339.61,4021386.76
1740603600,2339.6,2355.55,2301.09,2343.98,2188482.54
1740607200,2343.98,2383.66,2341.51,2348.71,1331798.61
1740610800,2348.7,2360.99,2325.01,2336.49,722193.53
1740614400,2336.5,2349.31,2318.71,2337.4,967525.56
1740618000,2337.4,2365.55,2315.01,2344.14,1246113.37
1740621600,2344.15,2371.36,2328.34,2334.95,976561.49
1740625200,2334.96,2347.58,2323.03,2332.0,810365.5
1740628800,2332.0,2342.32,2303.14,2311.39,1312040.22
1740632400,2311.39,2345.88,2308.01,2341.66,972105.87
1740636000,2341.66,2366.65,2334.0,2348.61,1188077.52
1740639600,2348.61,2373.96,2346.67,2355.99,943523.84
1740643200,2356.0,2361.2,2342.88,2352.22,767113.43
1740646800,2352.21,2366.88,2346.17,2358.9,771511.31
1740650400,2359.0,2378.81,2355.47,2377.61,882590.06
1740654000,2377.62,2381.53,2346.84,2354.2,1160433.18
1740657600,2354.2,2361.62,2340.34,2347.01,929376.31
1740661200,2347.0,2362.77,2326.59,2336.88,1765067.33
1740664800,2336.87,2356.92,2305.2,2308.81,2508372.62
1740668400,2308.81,2337.13,2290.56,2323.31,2475596.19
1740672000,2323.31,2337.68,2291.77,2296.07,1791700.31
1740675600,2296.07,2327.34,2292.78,2322.52,1288319.52
1740679200,2322.41,2334.13,2319.63,2326.8,631378.2
1740682800,2326.79,2327.5,2278.19,2291.95,1317686.05
1740686400,2291.95,2294.25,2240.47,2256.53,2545993.99
1740690000,2256.42,2284.44,2230.02,2282.3,1864567.97
1740693600,2282.29,2293.97,2265.06,2291.87,813728.3
1740697200,2291.82,2312.75,2283.0,2307.71,895449.33
1740700800,2307.72,2314.29,2294.26,2294.93,894595.76
1740704400,2294.93,2300.78,2180.0,2193.5,6427633.2
1740708000,2193.56,2226.33,2121.52,2167.9,6877207.32
1740711600,2167.89,2195.17,2136.31,2147.41,2342765.5
1740715200,2147.41,2156.7,2092.5,2136.81,5039377.49
1740718800,2136.81,2141.0,2099.01,2131.71,3231129.1
1740722400,2131.72,2143.1,2072.92,2109.32,4009358.0
1740726000,2109.32,2135.81,2088.58,2106.01,2646912.32
1740729600,2106.02,2124.99,2076.0,2120.06,3616635.98
1740733200,2120.07,2151.99,2115.07,2143.7,2297174.58
1740736800,2143.7,2146.8,2112.0,2117.02,1443512.36
1740740400,2117.02,2143.21,2117.0,2125.39,1058094.39
1740744000,2125.37,2139.62,2105.06,2120.85,1486094.79
1740747600,2120.85,2164.5,2116.73,2151.28,3321069.9
1740751200,2151.29,2190.87,2138.77,2166.19,3667049.83
1740754800,2166.11,2228.95,2163.71,2222.95,3554019.81
1740758400,2222.81,2246.43,2206.29,2222.53,2092822.06
1740762000,2222.54,2241.73,2208.53,2209.6,1148752.24
1740765600,2209.61,2256.76,2193.07,2228.46,2239964.21
1740769200,2228.46,2239.0,2221.14,2230.62,687186.32
1740772800,2230.61,2238.46,2198.5,2216.67,1060095.98
1740776400,2216.67,2234.99,2210.53,2225.08,635964.9
1740780000,2225.09,2232.12,2209.29,2216.64,555614.29
1740783600,2216.64,2239.86,2213.41,2237.58,436415.92
1740787200,2237.58,2247.09,2215.36,2216.13,641906.99
1740790800,2216.14,2264.18,2213.33,2253.36,1082205.14
1740794400,2253.36,2275.57,2239.66,2255.98,1473706.9
1740798000,2255.98,2270.4,2248.53,2262.39,742100.57
1740801600,2262.38,2281.29,2258.0,2269.98,1165308.76
1740805200,2269.98,2270.37,2252.2,2256.33,717096.76
1740808800,2256.33,2259.8,2229.0,2236.52,1131170.95
1740812400,2236.51,2236.69,2224.34,2229.19,696480.17
1740816000,2229.2,2240.0,2226.69,2234.65,720785.29
1740819600,2234.66,2239.83,2228.17,2233.53,497618.38
1740823200,2233.54,2233.83,2199.33,2205.11,1501953.34
1740826800,2205.1,2207.41,2170.74,2184.5,1829975.36
1740830400,2184.5,2188.34,2171.3,2181.28,1000665.04
1740834000,2181.28,2184.93,2141.65,2152.75,2300947.43
1740837600,2152.74,2167.85,2149.0,2163.29,1129858.13
1740841200,2163.3,2184.6,2158.51,2173.3,1314278.84
1740844800,2173.4,2212.52,2169.05,2210.15,1545783.67
1740848400,2210.04,2210.27,2190.5,2196.88,799852.51
1740852000,2196.89,2218.99,2193.15,2211.72,769527.52
1740855600,2211.71,2235.26,2211.0,2223.14,735689.77
1740859200,2223.15,2225.95,2215.01,2225.13,532511.19
1740862800,2225.12,2233.99,2206.97,2229.3,891035.81
1740866400,2229.3,2236.7,2210.0,2214.85,608327.65
1740870000,2214.85,2220.64,2190.95,2217.85,912115.36
1740873600,2217.85,2225.59,2203.26,2215.78,659670.69
1740877200,2215.78,2227.61,2209.33,2221.11,526364.37
1740880800,2221.1,2228.67,2201.14,2210.2,858011.28
1740884400,2210.2,2231.22,2210.19,2220.51,734014.74
1740888000,2220.51,2235.7,2219.37,2227.24,633315.45
1740891600,2227.24,2234.88,2224.0,2229.74,407164.99
1740895200,2229.75,2234.16,2218.27,2223.38,696458.39
1740898800,2223.38,2227.36,2218.88,2221.71,428622.48
1740902400,2221.71,2223.5,2208.41,2213.0,936207.06
1740906000,2213.0,2255.8,2212.15,2242.25,1665949.66
1740909600,2242.24,2261.6,2239.82,2246.17,845375.71
1740913200,2246.18,2248.19,2236.3,2239.0,545314.97
1740916800,2239.01,2240.59,2223.1,2233.27,806546.04
1740920400,2233.27,2233.27,2205.18,2212.59,1510358.02
1740924000,2212.59,2214.76,2172.0,2196.16,2751134.5
1740927600,2196.16,2291.99,2195.77,2229.96,7333806.01
1740931200,2229.96,2501.93,2211.3,2442.9,15099052.32
1740934800,2442.9,2511.0,2395.84,2480.7,8241703.73
1740938400,2480.7,2518.61,2454.11,2474.77,3699107.94
1740942000,2474.76,2501.49,2466.0,2486.11,1228580.33
1740945600,2486.11,2521.63,2480.13,2510.79,1530534.87
1740949200,2510.79,2543.43,2499.0,2524.98,1634456.82
1740952800,2524.99,2549.56,2507.0,2538.65,1011245.45
1740956400,2538.66,2552.09,2508.18,2518.74,1367854.45
1740960000,2518.61,2524.34,2464.91,2465.98,1859605.49
1740963600,2465.99,2477.05,2451.01,2459.37,1138072.64
1740967200,2459.41,2462.17,2418.84,2448.07,1578785.87
1740970800,2448.06,2456.25,2425.15,2441.76,1111229.77
1740974400,2441.75,2453.21,2432.81,2450.78,695367.0
1740978000,2450.78,2457.79,2440.8,2450.13,510918.33
1740981600,2450.22,2450.31,2360.3,2372.97,2989217.6
1740985200,2372.97,2391.92,2352.58,2387.23,2050832.79
1740988800,2387.21,2388.24,2331.36,2345.66,2188890.37
1740992400,2345.61,2355.76,2322.0,2347.43,2007395.88
1740996000,2347.43,2367.0,2340.6,2359.24,1207457.96
1740999600,2359.22,2363.31,2344.18,2356.59,828911.7
1741003200,2356.58,2377.54,2352.22,2367.88,1691843.04
1741006800,2367.87,2389.28,2361.08,2376.59,1472331.41
1741010400,2376.6,2380.88,2266.0,2274.36,5265411.97
1741014000,2274.39,2309.65,2269.21,2287.8,3500849.04
1741017600,2287.8,2297.36,2257.36,2277.26,1811427.6
1741021200,2277.26,2297.79,2265.47,2277.3,1208893.92
1741024800,2277.3,2280.59,2177.76,2193.56,4783557.1
1741028400,2193.6,2207.87,2095.21,2109.66,5706002.61
1741032000,2109.69,2140.0,2097.15,2128.96,3458921.85
1741035600,2129.15,2147.64,2103.51,2111.79,1135372.2
1741039200,2111.82,2173.3,2110.82,2166.18,1149504.21
1741042800,2166.18,2166.32,2142.6,2149.29,903478.11
1741046400,2149.29,2167.99,2123.41,2125.22,1527847.91
1741050000,2125.23,2134.77,2025.4,2056.99,6632001.53
1741053600,2056.99,2081.9,2002.73,2067.26,5115246.52
1741057200,2067.27,2092.7,2053.42,2074.69,1400553.47
1741060800,2074.69,2093.66,2070.09,2082.05,1215616.71
1741064400,2082.11,2123.47,2078.3,2106.79,2177427.85
1741068000,2106.79,2111.83,2088.96,2097.31,1059923.79
1741071600,2097.31,2103.18,2067.55,2080.5,1532363.31
1741075200,2080.51,2106.59,2070.1,2098.72,1637655.26
1741078800,2098.71,2112.45,2085.01,2087.81,1147316.86
1741082400,2087.81,2108.0,2078.5,2100.15,1070730.62
1741086000,2100.15,2118.29,2095.55,2101.32,1070072.63
1741089600,2101.33,2113.42,2081.83,2103.88,1482883.78
1741093200,2103.87,2103.88,2053.01,2064.73,3102389.21
1741096800,2064.72,2158.97,2040.7,2078.75,8516351.77
1741100400,2078.75,2087.3,2025.4,2074.99,4964277.15
1741104000,2074.99,2077.6,1985.43,2061.88,6240248.95
1741107600,2061.89,2135.0,2058.22,2118.75,4417100.39
1741111200,2118.74,2153.68,2109.35,2147.81,1978226.07
1741114800,2147.81,2175.0,2139.22,2172.54,2292904.02
1741118400,2172.53,2193.3,2136.01,2139.27,1812242.55
1741122000,2139.29,2221.99,2126.6,2177.58,2435989.65
1741125600,2177.58,2188.0,2165.66,2166.89,808829.91
1741129200,2166.88,2180.68,2158.74,2171.84,719109.91
1741132800,2171.84,2176.42,2155.51,2165.23,881618.99
1741136400,2165.23,2193.41,2155.12,2189.75,1037117.84
1741140000,2189.76,2191.17,2166.68,2179.22,859862.44
1741143600,2179.22,2189.34,2159.21,2160.77,704942.12
1741147200,2160.78,2175.42,2157.66,2173.25,636876.32
1741150800,2173.25,2182.8,2170.3,2179.85,480785.17
1741154400,2179.81,2195.68,2174.0,2190.54,623921.68
1741158000,2190.54,2213.55,2187.8,2206.45,1277297.87
1741161600,2206.46,2226.94,2203.86,2213.07,1051914.82
1741165200,2213.08,2262.6,2211.53,2239.04,2560302.86
1741168800,2239.04,2273.53,2230.68,2237.9,2464854.65
1741172400,2237.91,2239.64,2208.62,2217.38,1999249.57
1741176000,2217.38,2232.96,2210.05,2218.16,1524165.27
1741179600,2218.15,2224.0,2193.4,2202.63,1839136.06
1741183200,2202.66,2206.59,2166.02,2171.68,2680149.99
1741186800,2171.51,2205.0,2171.31,2186.79,2754816.37
1741190400,2186.78,2198.52,2161.06,2190.22,1892573.75
1741194000,2190.3,2221.22,2181.62,2194.63,2199582.24
1741197600,2194.63,2208.29,2175.23,2205.06,1218673.29
1741201200,2205.06,2222.96,2201.22,2218.08,978803.17
1741204800,2218.15,2235.23,2213.43,2231.3,810299.56
1741208400,2231.32,2241.62,2218.6,2235.0,574283.04
1741212000,2235.0,2241.67,2227.01,2237.28,344337.66
1741215600,2237.29,2253.48,2230.26,2241.86,877611.76
1741219200,2241.86,2257.93,2233.29,2238.24,932604.31
1741222800,2238.26,2289.37,2234.5,2263.02,1612267.05
1741226400,2263.0,2291.94,2261.0,2284.82,1578588.52
1741230000,2284.83,2297.0,2273.56,2289.95,1026104.09
1741233600,2289.95,2307.64,2275.71,2299.18,1058568.76
1741237200,2299.18,2320.73,2292.7,2313.6,1278212.59
1741240800,2313.61,2314.89,2290.23,2292.1,1049802.11
1741244400,2292.11,2301.27,2278.71,2286.24,941399.35
1741248000,2286.27,2301.64,2279.09,2293.2,907132.09
1741251600,2293.2,2294.36,2276.21,2284.57,1043252.07
1741255200,2284.58,2306.04,2280.0,2294.37,797969.31
1741258800,2294.34,2301.42,2283.8,2297.67,663039.06
1741262400,2297.67,2298.91,2259.27,2267.82,1699362.12
1741266000,2267.82,2275.43,2244.24,2246.66,1855510.61
1741269600,2246.66,2257.89,2208.01,2224.99,3485882.84
1741273200,2224.99,2275.29,2221.76,2257.32,2377303.62
1741276800,2257.33,2265.45,2219.14,2221.89,1587426.59
1741280400,2221.9,2224.43,2175.8,2190.85,2493377.96
1741284000,2190.86,2206.26,2188.38,2201.17,1040454.48
1741287600,2201.16,2218.98,2181.27,2198.03,1066631.84
1741291200,2198.03,2213.26,2191.61,2200.0,725310.0
1741294800,2200.02,2219.6,2197.35,2213.51,704112.29
1741298400,2213.55,2229.42,2195.52,2211.0,1290058.14
1741302000,2210.99,2217.69,2201.1,2202.51,521911.08
1741305600,2202.51,2228.0,2101.56,2117.7,6873089.51
1741309200,2117.71,2192.37,2108.97,2175.05,3291866.03
1741312800,2175.02,2186.34,2155.09,2155.46,1290043.19
1741316400,2155.46,2163.64,2146.31,2148.19,797182.82
1741320000,2148.19,2165.58,2144.4,2155.72,670757.98
1741323600,2155.72,2184.53,2154.58,2174.5,820592.41
1741327200,2174.5,2186.9,2165.34,2182.14,694599.02
1741330800,2182.14,2193.87,2178.0,2192.3,782951.22
1741334400,2192.3,2197.0,2176.65,2185.46,720340.75
1741338000,2185.42,2211.2,2184.75,2193.48,1113040.0
1741341600,2193.49,2198.76,2185.56,2196.96,557038.19
1741345200,2196.97,2208.27,2190.21,2197.66,547224.48
1741348800,2197.66,2199.7,2165.01,2178.52,1447852.58
1741352400,2178.51,2226.55,2177.86,2188.22,3591284.34
1741356000,2188.22,2258.07,2176.42,2221.81,3945819.45
1741359600,2221.82,2239.69,2180.71,2209.6,3181348.48
1741363200,2209.67,2216.19,2143.13,2158.32,3403807.65
1741366800,2158.33,2185.25,2140.58,2162.24,2285907.58
1741370400,2162.23,2201.34,2156.77,2194.92,1490067.91
1741374000,2194.92,2202.94,2161.0,2178.3,1301584.25
1741377600,2178.39,2187.04,2145.19,2157.05,1992368.47
1741381200,2157.02,2163.69,2113.77,2139.2,2218763.01
1741384800,2139.16,2151.87,2116.21,2144.59,825051.32
1741388400,2144.58,2144.8,2115.3,2141.83,734071.35
1741392000,2141.83,2153.49,2130.37,2152.0,520149.91
1741395600,2152.0,2156.34,2104.65,2133.0,1419580.93
1741399200,2133.01,2145.7,2130.95,2143.55,653359.82
1741402800,2143.54,2143.79,2124.33,2137.89,508496.66
1741406400,2137.89,2152.79,2131.19,2149.61,568719.85
1741410000,2149.6,2150.25,2133.23,2140.6,435844.08
1741413600,2140.6,2145.66,2132.77,2139.36,334866.95
1741417200,2139.36,2147.99,2134.2,2137.84,367133.23
1741420800,2137.8,2141.0,2126.19,2128.31,546935.72
1741424400,2128.31,2143.78,2126.59,2129.92,584322.89
1741428000,2129.91,2141.14,2127.74,2139.68,424781.89
1741431600,2139.69,2142.75,2127.01,2142.0,662620.77
1741435200,2142.0,2174.13,2138.0,2168.55,1624675.93
1741438800,2168.54,2199.12,2166.25,2190.16,1703659.02
1741442400,2190.17,2195.77,2174.51,2178.95,1244550.13
1741446000,2178.95,2192.29,2167.61,2181.75,879365.31
1741449600,2181.74,2198.9,2160.58,2190.48,1350516.22
1741453200,2190.48,2219.8,2179.04,2198.79,1727692.68
1741456800,2198.8,2214.31,2194.17,2208.71,502954.28
1741460400,2208.72,2235.26,2200.87,2224.77,1016482.64
1741464000,2224.76,2226.12,2211.1,2213.14,374321.69
1741467600,2213.15,2225.32,2212.55,2216.25,335319.2
1741471200,2216.24,2218.0,2197.6,2207.66,548394.56
1741474800,2207.67,2210.99,2193.42,2203.76,478870.58
1741478400,2203.76,2209.63,2199.5,2206.3,367164.27
1741482000,2206.3,2212.36,2186.04,2191.01,603013.04
1741485600,2191.01,2194.37,2180.09,2181.64,498758.62
1741489200,2181.64,2189.77,2175.8,2185.6,570899.67
1741492800,2185.6,2191.63,2183.41,2189.28,401915.65
1741496400,2189.28,2197.8,2180.1,2182.95,549774.81
1741500000,2182.94,2184.94,2171.16,2179.72,662866.13
1741503600,2179.72,2189.31,2178.04,2184.73,466746.34
1741507200,2184.72,2187.75,2175.28,2176.16,454359.6
1741510800,2176.17,2180.94,2160.49,2165.8,849722.4
1741514400,2165.68,2170.2,2128.02,2134.0,2127833.3
1741518000,2134.0,2148.69,2132.35,2146.85,884260.63
1741521600,2146.86,2146.98,2130.6,2141.83,860263.44
1741525200,2141.83,2144.0,2102.5,2103.83,1856752.42
1741528800,2103.83,2125.26,2096.6,2117.41,1806621.67
1741532400,2117.41,2122.58,2083.0,2097.0,1584967.26
1741536000,2097.0,2109.63,2040.56,2049.19,3843570.06
1741539600,2049.2,2057.2,2013.0,2023.63,2985892.56
1741543200,2023.64,2039.63,1997.01,2021.3,3774688.5
1741546800,2021.29,2049.5,2016.29,2040.38,1485234.71
1741550400,2040.38,2056.78,2036.54,2047.3,815278.69
1741554000,2047.3,2050.84,2013.2,2024.4,1002533.23
1741557600,2024.4,2030.25,2006.06,2010.44,1229044.68
1741561200,2010.46,2032.68,1989.0,2020.48,1893653.72
1741564800,2020.49,2043.42,1994.29,2036.01,1942646.4
1741568400,2036.02,2053.9,2027.03,2043.19,1278451.03
1741572000,2043.18,2070.7,2036.25,2057.59,1280818.65
1741575600,2057.6,2065.67,2043.96,2057.45,752006.23
1741579200,2057.46,2077.0,2055.67,2072.5,768103.14
1741582800,2072.49,2075.8,2059.28,2064.39,558459.73
1741586400,2064.42,2068.5,2054.1,2067.2,589285.9
1741590000,2067.2,2079.99,2062.88,2075.52,801792.76
1741593600,2075.53,2077.4,2047.4,2062.39,1185668.49
1741597200,2062.38,2152.77,2062.0,2102.31,5081324.39
1741600800,2102.31,2107.31,2076.85,2100.2,1548453.64
1741604400,2100.2,2139.4,2098.95,2128.1,1491546.66
1741608000,2128.1,2136.7,2105.69,2126.18,1747807.91
1741611600,2126.18,2131.13,2078.07,2084.01,2638019.99
1741615200,2084.0,2084.3,1996.45,2019.3,7828533.37
1741618800,2019.3,2044.11,2010.72,2017.51,2877283.88
1741622400,2017.51,2025.0,1999.04,2005.6,2488335.59
1741626000,2005.51,2008.93,1906.35,1917.48,8449464.42
1741629600,1917.48,1939.58,1812.22,1824.99,7585169.06
1741633200,1825.0,1883.28,1810.0,1869.47,5856949.56
1741636800,1869.6,1882.51,1842.78,1868.64,2228427.53
1741640400,1868.6,1904.24,1861.05,1887.47,1910078.93
1741644000,1887.47,1890.32,1865.62,1879.97,1000832.99
1741647600,1879.93,1895.45,1856.06,1864.99,1638572.71
1741651200,1865.0,1890.55,1753.0,1813.56,8419273.47
1741654800,1813.55,1858.43,1773.64,1857.99,4842862.76
1741658400,1857.99,1877.44,1851.25,1859.64,2521218.59
1741662000,1859.64,1882.16,1847.05,1849.91,1451851.12
1741665600,1849.9,1879.26,1845.35,1868.76,1532422.5
1741669200,1868.77,1914.3,1866.18,1893.28,2772853.49
1741672800,1893.28,1905.58,1881.08,1884.68,1042299.85
1741676400,1884.69,1909.2,1882.63,1904.21,1464009.57
1741680000,1904.21,1920.93,1899.38,1907.22,1897370.95
1741683600,1907.23,1929.72,1906.0,1916.8,1918421.77
1741687200,1916.8,1928.5,1910.0,1921.34,1042398.47
1741690800,1921.4,1926.53,1905.49,1914.2,1515689.17
1741694400,1914.21,1915.84,1886.7,1895.46,2413886.66
1741698000,1895.45,1964.02,1866.84,1903.56,9350453.18
1741701600,1903.57,1913.22,1840.02,1867.16,7285068.98
1741705200,1867.16,1926.79,1864.47,1914.59,3557057.0
1741708800,1914.6,1936.78,1898.5,1918.4,2482365.74
1741712400,1918.49,1918.69,1886.24,1905.39,2471821.21
1741716000,1905.39,1963.56,1904.25,1952.77,3035539.79
1741719600,1952.77,1962.99,1942.23,1951.31,1401287.65
1741723200,1951.32,1955.37,1935.22,1936.32,821748.19
1741726800,1936.31,1950.69,1935.73,1940.12,430636.42
1741730400,1940.1,1952.49,1936.74,1943.7,450204.18
1741734000,1943.69,1944.4,1917.01,1923.61,802699.37
1741737600,1923.61,1925.53,1905.5,1911.9,852475.69
1741741200,1911.89,1932.76,1910.0,1920.42,1087784.42
1741744800,1920.48,1921.25,1887.32,1895.93,1671534.35
1741748400,1895.93,1898.66,1866.51,1868.82,1502251.2
1741752000,1868.82,1868.88,1852.43,1867.1,1807645.21
1741755600,1867.09,1880.82,1861.8,1878.16,1159498.26
1741759200,1878.17,1879.0,1853.0,1872.81,1537058.5
1741762800,1872.81,1916.6,1871.58,1911.2,3565295.29
1741766400,1911.19,1936.65,1869.0,1928.13,5095258.46
1741770000,1928.17,1956.57,1877.4,1894.37,5734374.21
1741773600,1894.37,1902.52,1883.33,1900.39,1752285.83
1741777200,1900.4,1919.35,1900.39,1916.8,1373906.35
1741780800,1916.79,1949.5,1908.07,1929.55,3812821.36
1741784400,1929.55,1932.6,1878.06,1887.6,3331219.68
1741788000,1887.61,1896.0,1856.1,1861.05,3465136.29
1741791600,1861.05,1870.9,1828.96,1869.57,4081185.43
1741795200,1869.51,1884.26,1862.37,1871.48,2092539.99
1741798800,1871.51,1894.33,1865.33,1867.83,1554803.12
1741802400,1867.84,1888.2,1865.02,1878.7,1011629.56
1741806000,1878.62,1886.38,1867.1,1878.25,934114.58
1741809600,1878.25,1893.78,1873.58,1891.72,552149.91
1741813200,1891.73,1906.31,1890.24,1894.5,770242.85
1741816800,1894.49,1915.99,1894.28,1910.4,658507.15
1741820400,1910.4,1911.03,1901.42,1908.36,439284.12
1741824000,1908.3,1917.46,1896.79,1900.0,968618.08
1741827600,1900.0,1913.88,1893.69,1907.0,932849.9
1741831200,1907.0,1916.67,1888.02,1890.18,890588.91
1741834800,1890.18,1901.26,1882.01,1886.81,1135449.51
1741838400,1886.82,1891.92,1868.85,1873.98,1127738.24
1741842000,1873.98,1882.35,1862.01,1867.69,1285617.99
1741845600,1867.7,1872.09,1858.0,1869.92,1324489.1
1741849200,1869.92,1881.3,1869.0,1871.83,1369303.74
1741852800,1871.83,1880.53,1853.09,1875.4,1931637.22
1741856400,1875.39,1895.88,1875.1,1890.89,1975087.58
1741860000,1890.89,1905.82,1866.51,1899.99,3399339.26
1741863600,1899.99,1903.27,1887.37,1900.44,1156531.53
1741867200,1900.45,1924.6,1889.56,1897.17,2715275.69
1741870800,1897.17,1909.63,1866.11,1871.5,2975445.13
1741874400,1871.5,1898.01,1863.68,1884.8,2520046.53
1741878000,1884.81,1890.2,1867.03,1875.89,1791325.88
1741881600,1875.9,1878.42,1850.01,1857.99,1879244.01
1741885200,1857.99,1861.57,1821.22,1827.01,2568121.35
1741888800,1827.16,1854.55,1826.26,1852.18,1403714.01
1741892400,1852.18,1858.68,1838.46,1851.6,935266.21
1741896000,1851.5,1859.86,1839.21,1842.74,661144.07
1741899600,1842.74,1862.33,1840.12,1862.01,467174.49
1741903200,1862.0,1881.7,1857.63,1879.19,737889.08
1741906800,1879.17,1883.69,1861.5,1864.89,859425.18
1741910400,1864.89,1879.9,1861.57,1874.57,660964.43
1741914000,1874.58,1890.0,1869.0,1881.7,818848.17
1741917600,1881.71,1895.4,1880.37,1893.03,782735.92
1741921200,1893.03,1893.49,1884.22,1889.7,671891.18
1741924800,1889.69,1897.47,1889.1,1891.0,523172.87
1741928400,1891.01,1899.8,1887.74,1895.54,573521.8
1741932000,1895.54,1896.51,1888.29,1895.09,512223.19
1741935600,1895.09,1905.78,1888.11,1893.47,991402.42
1741939200,1893.48,1903.2,1891.44,1895.18,856087.73
1741942800,1895.17,1899.3,1892.01,1894.68,570185.31
1741946400,1894.68,1909.3,1889.42,1898.3,1084114.25
1741950000,1898.29,1906.8,1897.83,1902.5,435102.36
1741953600,1902.5,1908.58,1894.5,1902.98,937224.31
1741957200,1902.98,1914.93,1892.45,1905.0,1805244.36
1741960800,1905.0,1924.4,1875.07,1919.2,3656753.17
1741964400,1919.2,1942.61,1913.03,1922.19,3065711.17
1741968000,1922.19,1937.69,1914.0,1936.31,1573912.14
1741971600,1936.3,1939.99,1927.27,1935.08,854347.84
1741975200,1935.1,1945.89,1927.41,1935.1,942083.46
1741978800,1935.09,1945.59,1930.5,1934.19,739633.53
1741982400,1934.19,1934.94,1915.34,1924.74,815503.97
1741986000,1924.81,1925.67,1915.25,1922.2,368233.75
1741989600,1922.2,1930.99,1920.01,1927.07,330893.18
1741993200,1927.1,1927.31,1908.0,1911.55,619803.49
1741996800,1911.54,1917.94,1909.3,1915.3,378362.69
1742000400,1915.3,1920.5,1903.09,1911.45,613511.42
1742004000,1911.46,1916.88,1904.18,1913.98,580074.34
1742007600,1913.99,1923.35,1912.92,1920.5,707179.15
1742011200,1920.5,1935.57,1915.59,1931.5,977586.9
1742014800,1931.51,1932.77,1925.0,1928.34,461656.62
1742018400,1928.33,1930.91,1923.18,1929.02,341944.39
1742022000,1929.02,1929.59,1914.49,1918.09,731916.1
1742025600,1918.08,1922.2,1912.23,1921.86,769779.36
1742029200,1921.84,1926.7,1914.0,1926.01,565053.9
1742032800,1926.0,1929.43,1919.92,1927.36,610816.2
1742036400,1927.35,1931.6,1925.8,1928.84,360674.74
1742040000,1928.84,1931.28,1922.6,1922.61,469772.97
1742043600,1922.6,1933.0,1922.11,1930.83,550579.16
1742047200,1930.82,1930.82,1922.86,1926.5,458490.66
1742050800,1926.51,1939.62,1926.2,1937.36,806279.28
1742054400,1937.38,1945.39,1932.92,1937.47,720665.77
1742058000,1937.47,1948.5,1935.04,1940.5,641820.52
1742061600,1940.49,1945.52,1930.54,1932.75,655052.4
1742065200,1932.75,1938.09,1928.66,1937.24,434211.13
1742068800,1937.24,1949.96,1937.24,1943.79,613445.85
1742072400,1943.8,1958.0,1940.2,1950.91,630860.47
1742076000,1950.91,1954.5,1939.26,1943.82,411110.74
1742079600,1943.82,1944.9,1936.36,1937.26,225991.05
1742083200,1937.21,1941.09,1931.09,1932.18,365978.56
1742086800,1932.18,1934.7,1920.01,1922.67,766651.08
1742090400,1922.67,1928.13,1916.42,1922.17,715509.98
1742094000,1922.19,1930.5,1921.31,1927.35,423773.35
1742097600,1927.34,1929.32,1923.5,1926.81,352093.32
1742101200,1926.81,1933.8,1925.73,1932.01,488571.47
1742104800,1932.01,1934.26,1927.55,1927.87,288924.95
1742108400,1927.86,1928.98,1921.5,1926.42,535448.25
1742112000,1926.41,1927.3,1918.2,1923.0,574929.77
1742115600,1923.01,1923.48,1905.25,1908.24,1396035.05
1742119200,1908.23,1914.0,1903.01,1905.74,837616.0
1742122800,1905.75,1905.75,1866.03,1873.9,3478831.77
1742126400,1873.89,1890.0,1873.5,1881.2,1553754.85
1742130000,1881.19,1895.26,1874.33,1879.7,1388806.88
1742133600,1879.67,1897.31,1879.0,1896.79,991418.25
1742137200,1896.79,1898.6,1887.61,1894.99,698894.73
1742140800,1894.99,1924.66,1893.34,1906.15,2587158.35
1742144400,1906.14,1916.87,1903.81,1910.35,755952.99
1742148000,1910.35,1910.77,1891.07,1895.8,833396.8
1742151600,1895.78,1896.59,1860.28,1882.79,1655788.22
1742155200,1882.8,1895.42,1881.81,1894.59,621373.4
1742158800,1894.59,1898.99,1884.24,1889.55,467655.75
1742162400,1889.53,1891.5,1873.53,1874.78,651764.26
1742166000,1874.79,1889.0,1870.14,1887.04,613998.78
1742169600,1887.04,1906.83,1886.53,1901.9,731221.03
1742173200,1901.89,1910.93,1896.69,1903.1,751261.9
1742176800,1903.11,1914.0,1901.3,1907.47,792194.71
1742180400,1907.47,1915.5,1906.5,1909.0,607705.59
1742184000,1909.01,1913.19,1902.65,1905.1,575285.16
1742187600,1905.09,1905.5,1893.49,1894.01,712148.6
1742191200,1894.01,1899.23,1879.37,1893.67,1250320.78
1742194800,1893.68,1903.44,1891.67,1900.98,738310.69
1742198400,1900.99,1905.75,1892.73,1903.81,674711.28
1742202000,1903.8,1913.7,1900.68,1912.66,656636.08
1742205600,1912.65,1919.2,1907.75,1912.91,784363.98
1742209200,1912.9,1917.31,1907.7,1910.46,643804.62
1742212800,1910.46,1942.85,1902.35,1908.5,2817629.42
1742216400,1908.5,1914.5,1893.7,1899.01,1966971.15
1742220000,1899.0,1912.41,1888.11,1899.66,1992430.27
1742223600,1899.66,1923.0,1893.51,1919.29,1295723.45
1742227200,1919.29,1925.24,1907.52,1914.45,1019651.34
1742230800,1914.4,1935.8,1912.32,1930.58,1054901.94
1742234400,1930.58,1951.99,1930.08,1948.46,1344842.78
1742238000,1948.46,1952.42,1940.41,1942.3,749392.24
1742241600,1942.21,1943.0,1931.29,1935.5,603340.21
1742245200,1935.48,1949.98,1934.0,1941.09,621599.94
1742248800,1941.09,1942.76,1932.14,1932.47,299796.91
1742252400,1932.49,1932.68,1921.47,1926.34,620049.54
1742256000,1926.35,1930.51,1918.92,1922.22,433280.19
1742259600,1922.22,1924.93,1900.03,1903.71,1355085.5
1742263200,1903.71,1917.85,1903.13,1911.43,978326.22
1742266800,1911.43,1911.65,1897.2,1901.31,978432.18
1742270400,1901.3,1908.8,1900.0,1904.36,508615.32
1742274000,1904.35,1910.73,1904.35,1907.78,480189.79
1742277600,1907.77,1907.99,1893.2,1898.33,997872.21
1742281200,1898.33,1910.34,1897.0,1904.91,969685.31
1742284800,1904.9,1913.67,1901.18,1908.61,732783.86
1742288400,1908.6,1912.35,1900.0,1901.29,780050.89
1742292000,1901.29,1903.28,1885.01,1895.79,1594446.93
1742295600,1895.79,1898.92,1889.0,1892.61,538162.4
1742299200,1892.6,1901.67,1889.67,1896.24,764068.23
1742302800,1896.25,1903.86,1872.07,1880.0,2829930.31
1742306400,1880.0,1897.4,1874.79,1894.87,1772989.32
1742310000,1894.87,1897.79,1877.01,1880.88,1490064.6
1742313600,1880.88,1892.0,1875.67,1887.59,1250745.3
1742317200,1887.58,1889.4,1874.5,1876.7,903821.74
1742320800,1876.7,1892.62,1873.4,1890.38,824998.09
1742324400,1890.37,1909.0,1887.91,1904.53,984432.44
1742328000,1904.53,1910.94,1898.39,1906.89,566787.87
1742331600,1906.89,1914.91,1905.93,1911.7,489026.76
1742335200,1911.62,1920.51,1908.23,1917.81,551415.53
1742338800,1917.81,1936.3,1917.81,1931.5,1347213.22
1742342400,1931.49,1949.49,1929.4,1945.69,1547624.21
1742346000,1945.7,1947.44,1931.38,1931.43,952093.69
1742349600,1931.43,1935.2,1927.76,1933.89,900597.42
1742353200,1933.9,1939.25,1930.34,1938.47,616780.22
1742356800,1938.46,1940.43,1930.39,1933.5,730854.71
1742360400,1933.51,1940.5,1932.09,1939.01,458183.96
1742364000,1939.0,1943.47,1934.3,1939.0,567559.5
1742367600,1938.99,1939.65,1931.2,1932.48,505908.85
1742371200,1932.47,1944.44,1931.91,1940.28,654769.06
1742374800,1940.26,1946.71,1938.1,1943.81,615428.54
1742378400,1943.82,1991.81,1942.45,1973.54,4497707.39
1742382000,1973.54,2034.99,1973.36,2027.89,6308154.11
1742385600,2027.89,2029.61,1995.0,2004.31,2818259.48
1742389200,2004.3,2023.29,1998.26,2016.55,3114701.66
1742392800,2016.59,2043.97,2016.28,2030.86,2605121.27
1742396400,2030.85,2057.59,2025.77,2048.9,2951865.35
1742400000,2048.89,2050.66,2036.36,2048.19,1661116.45
1742403600,2048.2,2049.9,2015.05,2027.71,2183139.8
1742407200,2027.71,2066.56,1997.01,2045.78,6282772.51
1742410800,2045.78,2053.94,2021.01,2031.2,1882003.52
1742414400,2031.21,2045.41,2028.5,2034.15,702187.83
1742418000,2034.15,2046.96,2033.49,2040.44,668089.88
1742421600,2040.43,2058.0,2036.39,2049.38,956007.45
1742425200,2049.38,2070.98,2042.3,2056.37,1234786.07
1742428800,2056.36,2068.49,2028.5,2032.92,1535919.76
1742432400,2032.92,2042.27,2022.28,2027.05,905005.96
1742436000,2027.04,2034.91,2023.22,2033.42,680522.9
1742439600,2033.43,2034.98,2020.31,2022.98,665193.32
1742443200,2022.98,2025.82,2018.1,2021.29,667038.83
1742446800,2021.28,2022.1,2012.15,2017.33,715591.32
1742450400,2017.33,2022.64,2006.94,2013.27,936280.9
1742454000,2013.27,2016.2,2005.25,2007.49,825470.42
1742457600,2007.49,2021.92,2003.01,2019.52,1169815.1
1742461200,2019.53,2019.53,2003.01,2006.0,935417.66
1742464800,2006.0,2006.3,1971.0,1982.47,3525373.49
1742468400,1982.47,1993.83,1982.19,1989.0,880366.57
1742472000,1988.99,1998.95,1985.0,1996.21,842776.92
1742475600,1996.2,1998.49,1978.38,1985.91,1658038.11
1742479200,1985.91,2011.27,1985.04,2003.86,1962722.55
1742482800,2003.87,2004.28,1965.19,1972.35,2871386.52
1742486400,1972.33,1980.72,1952.08,1958.96,2388842.82
1742490000,1958.96,1973.55,1958.02,1970.87,1317388.78
1742493600,1970.88,1979.73,1967.41,1967.81,616728.01
1742497200,1967.81,1979.73,1967.03,1974.94,451850.28
1742500800,1974.95,1982.98,1971.3,1979.56,375221.43
1742504400,1979.56,1985.43,1975.26,1977.18,431076.47
1742508000,1977.17,1983.0,1972.6,1976.7,308330.99
1742511600,1976.7,1984.57,1972.49,1983.92,378004.71
1742515200,1983.91,1994.53,1981.74,1991.37,832358.22
1742518800,1991.37,1996.9,1984.31,1994.09,649188.28
1742522400,1994.09,1995.48,1984.36,1987.96,545653.75
1742526000,1987.95,1988.31,1972.49,1978.2,836684.61
1742529600,1978.19,1990.3,1977.89,1983.39,476157.1
1742533200,1983.4,1983.78,1968.22,1974.68,878155.57
1742536800,1974.67,1979.0,1968.22,1973.82,786171.05
1742540400,1973.82,1977.86,1966.19,1976.91,716136.89
1742544000,1976.91,1982.72,1963.89,1974.99,893881.12
1742547600,1974.99,1979.8,1967.46,1969.41,765103.82
1742551200,1969.41,1973.34,1956.78,1968.01,1146603.05
1742554800,1968.0,1969.0,1961.8,1967.08,451338.69
1742558400,1967.08,1974.38,1935.65,1945.89,2557932.7
1742562000,1945.89,1955.95,1936.56,1952.22,1741654.06
1742565600,1952.21,1955.2,1938.33,1954.27,1238405.13
1742569200,1954.28,1958.51,1945.79,1950.32,875615.41
1742572800,1950.3,1968.2,1945.6,1966.45,1234742.16
1742576400,1966.44,1972.7,1960.91,1968.46,673640.51
1742580000,1968.46,1977.43,1963.0,1970.01,711625.63
1742583600,1970.05,1977.92,1967.06,1973.46,477767.82
1742587200,1973.45,1978.38,1972.41,1974.7,357342.44
1742590800,1974.69,1984.24,1971.26,1973.84,407195.17
1742594400,1973.83,1974.4,1962.21,1966.51,522168.41
1742598000,1966.5,1970.94,1964.05,1965.89,255117.29
1742601600,1965.89,1983.4,1964.26,1980.57,620631.2
1742605200,1980.57,1987.47,1972.59,1974.8,811810.84
1742608800,1974.8,1986.25,1973.4,1982.67,560133.25
1742612400,1982.67,1986.92,1977.63,1986.01,392990.02
1742616000,1986.01,1991.17,1985.58,1989.0,445765.41
1742619600,1989.0,1989.67,1983.92,1987.72,402038.88
1742623200,1987.71,1993.4,1985.5,1987.91,422445.3
1742626800,1987.92,1990.61,1983.09,1984.48,390317.17
1742630400,1984.47,1990.41,1981.41,1988.02,698995.3
1742634000,1988.02,2006.53,1988.02,1994.09,1694693.08
1742637600,1994.1,2000.43,1992.96,1996.37,675338.63
1742641200,1996.37,1997.4,1987.54,1990.6,733067.7
1742644800,1990.59,1996.78,1988.2,1995.6,524755.81
1742648400,1995.6,1998.0,1985.08,1990.59,557721.72
1742652000,1990.58,1993.49,1983.15,1984.63,576110.85
1742655600,1984.64,1988.82,1981.03,1986.36,515562.13
1742659200,1986.35,1989.87,1982.17,1985.15,390871.22
1742662800,1985.14,1994.5,1985.14,1992.5,560951.36
1742666400,1992.49,2000.76,1990.99,1995.21,578720.51
1742670000,1995.21,1998.37,1993.02,1995.99,232707.86
1742673600,1996.0,2004.21,1992.6,1993.34,513723.24
1742677200,1993.34,1994.99,1983.64,1986.04,557236.94
1742680800,1986.03,1990.08,1983.2,1984.63,284535.28
1742684400,1984.63,1985.65,1973.68,1980.5,895641.47
1742688000,1980.51,1986.59,1976.67,1985.31,425430.57
1742691600,1985.31,1998.79,1984.57,1997.98,613211.3
1742695200,1997.98,2003.5,1992.58,2001.54,625519.22
1742698800,2001.53,2008.89,1995.95,2008.2,842191.02
1742702400,2008.2,2008.65,1998.79,2000.2,597932.33
1742706000,2000.18,2001.73,1992.56,2000.0,805073.85
1742709600,2000.0,2005.64,1997.34,2002.69,452652.28
1742713200,2002.69,2021.27,2001.36,2008.2,1135697.21
1742716800,2008.19,2016.53,2005.49,2009.69,746040.41
1742720400,2009.68,2016.23,2009.68,2014.29,342585.33
1742724000,2014.29,2021.27,2010.79,2013.34,654077.88
1742727600,2013.34,2021.0,2002.08,2008.17,1223342.01
1742731200,2008.18,2013.95,2006.37,2009.2,639301.82
1742734800,2009.2,2020.68,2004.81,2019.0,843396.67
1742738400,2019.0,2020.5,2002.0,2004.41,1121766.01
1742742000,2004.4,2012.5,2003.1,2007.24,932123.34
1742745600,2007.24,2008.84,1996.0,1997.24,1085861.17
1742749200,1997.23,2003.41,1987.13,1993.0,916250.71
1742752800,1992.99,1999.65,1990.36,1997.32,407711.82
1742756400,1997.32,1998.4,1993.0,1996.36,353056.84
1742760000,1996.36,2000.77,1992.0,1992.31,221413.23
1742763600,1992.3,1997.01,1985.0,1995.27,508742.94
1742767200,1995.27,1999.12,1980.01,1987.69,826847.61
1742770800,1987.69,2007.65,1987.06,2006.26,796778.1
1742774400,2006.26,2021.9,1996.33,1998.68,1546059.65
1742778000,1998.68,1998.88,1977.49,1980.75,1467554.3
1742781600,1980.75,1993.58,1978.52,1991.9,693132.02
1742785200,1991.9,2017.43,1990.2,2014.61,1793360.81
1742788800,2014.61,2044.55,2014.61,2040.32,2217406.64
1742792400,2040.31,2054.36,2038.86,2048.71,1535846.23
1742796000,2048.72,2077.0,2048.71,2066.15,2329055.74
1742799600,2066.16,2079.65,2066.1,2069.24,1528320.7
1742803200,2069.25,2096.8,2068.96,2090.06,2451201.47
1742806800,2090.06,2095.1,2084.8,2094.0,1096920.12
1742810400,2094.01,2099.51,2088.29,2094.14,1121784.94
1742814000,2094.13,2104.99,2087.32,2092.9,1227925.59
1742817600,2092.91,2095.0,2078.0,2084.0,1368301.05
1742821200,2084.0,2087.9,2073.65,2082.43,1354527.45
1742824800,2082.43,2104.0,2077.54,2081.37,2732916.99
1742828400,2081.37,2091.3,2075.14,2089.85,959970.85
1742832000,2089.8,2093.66,2067.4,2079.6,1407398.14
1742835600,2079.6,2093.5,2077.27,2088.38,1269371.98
1742839200,2088.38,2101.68,2081.29,2097.0,1130380.29
1742842800,2097.01,2097.8,2084.59,2088.8,964450.25
1742846400,2088.71,2095.47,2082.42,2085.26,340658.99
1742850000,2085.27,2092.7,2080.22,2083.83,419315.94
1742853600,2083.87,2087.19,2075.77,2077.22,418528.96
1742857200,2077.22,2084.36,2068.2,2081.31,839585.01
1742860800,2081.31,2098.11,2077.0,2086.23,1007109.91
1742864400,2086.22,2086.4,2055.33,2064.89,1680729.31
1742868000,2064.9,2069.89,2061.9,2062.8,746784.2
1742871600,2062.8,2065.49,2041.25,2043.25,1780701.52
1742875200,2043.25,2050.69,2036.02,2045.88,1087491.92
1742878800,2045.89,2051.8,2040.61,2048.61,806710.84
1742882400,2048.61,2060.9,2046.78,2055.96,1120314.41
1742886000,2055.96,2067.36,2050.5,2055.88,1106551.77
1742889600,2055.88,2063.61,2053.42,2061.06,675283.36
1742893200,2061.11,2074.68,2057.11,2070.07,1024483.35
1742896800,2070.06,2076.0,2062.39,2070.87,769126.14
1742900400,2070.95,2073.7,2065.4,2068.44,630598.84
1742904000,2068.43,2070.09,2056.88,2059.84,1303530.93
1742907600,2059.84,2081.0,2051.67,2061.59,2042449.52
1742911200,2061.6,2080.0,2053.39,2076.1,1660318.27
1742914800,2076.11,2079.64,2065.0,2067.51,952758.45
1742918400,2067.51,2075.38,2059.43,2068.46,907233.48
1742922000,2068.46,2083.94,2068.38,2076.46,934009.32
1742925600,2076.45,2077.06,2056.4,2062.37,932305.15
1742929200,2062.36,2080.0,2062.32,2075.92,1019813.5
1742932800,2075.92,2083.7,2063.02,2064.59,1143417.98
1742936400,2064.59,2077.35,2062.5,2063.37,854959.73
1742940000,2063.37,2068.6,2053.0,2062.66,812949.57
1742943600,2062.66,2069.95,2056.94,2066.39,417555.41
1742947200,2066.39,2077.21,2061.3,2072.1,870950.9
1742950800,2072.1,2079.0,2066.58,2074.36,706968.96
1742954400,2074.37,2075.0,2045.89,2048.69,1674578.16
1742958000,2048.69,2055.72,2042.54,2049.29,977141.62
1742961600,2049.29,2056.85,2047.22,2052.91,758937.67
1742965200,2052.9,2068.77,2049.67,2059.38,895284.16
1742968800,2059.39,2070.0,2056.95,2067.3,754710.05
1742972400,2067.29,2072.0,2063.34,2069.34,920468.69
1742976000,2069.33,2072.64,2061.86,2063.62,754179.78
1742979600,2063.63,2065.8,2057.04,2062.94,744139.83
1742983200,2062.94,2075.91,2062.7,2073.01,832986.61
1742986800,2073.0,2074.97,2066.46,2068.59,506266.82
1742990400,2068.6,2070.55,2058.88,2064.6,779294.03
1742994000,2064.61,2064.61,2027.0,2028.3,2870650.52
1742997600,2028.3,2038.18,2006.39,2018.03,3799340.16
1743001200,2018.03,2021.36,2007.55,2012.6,1433191.87
1743004800,2012.6,2022.66,2007.46,2014.41,1160776.22
1743008400,2014.41,2017.4,2002.41,2006.52,1277718.87
1743012000,2006.53,2014.67,1991.5,1994.86,1361041.95
1743015600,1994.87,2005.41,1981.3,1999.77,2110210.98
1743019200,1999.7,2017.88,1999.16,2010.58,1146857.36
1743022800,2010.58,2011.77,1991.41,2007.82,689147.03
1743026400,2007.83,2009.36,1994.8,2000.16,608096.12
1743030000,2000.16,2010.49,1996.41,2009.42,576339.15
1743033600,2009.41,2018.39,2006.72,2017.86,705008.55
1743037200,2017.85,2025.69,2017.41,2020.51,960399.85
1743040800,2020.51,2037.49,2019.64,2030.6,1084978.01
1743044400,2030.6,2037.1,2027.82,2031.4,883366.53
1743048000,2031.4,2032.92,2025.0,2030.81,558538.42
1743051600,2030.81,2031.0,2021.05,2022.83,553738.71
1743055200,2022.84,2030.25,2022.2,2024.66,458495.35
1743058800,2024.66,2028.5,2022.11,2026.2,342230.91
1743062400,2026.2,2029.57,2017.49,2025.47,844097.67
1743066000,2025.48,2032.73,2020.22,2028.64,744359.24
1743069600,2028.7,2036.41,2020.89,2024.65,1019409.75
1743073200,2024.64,2030.51,2012.19,2016.51,1330800.36
1743076800,2016.51,2026.16,2013.41,2018.1,916165.21
1743080400,2018.1,2022.22,1986.58,2003.29,3411069.37
1743084000,2003.29,2026.59,1996.16,2026.21,2478464.34
1743087600,2026.2,2026.65,2000.01,2005.6,1665352.01
1743091200,2005.59,2015.28,2000.5,2000.97,963180.8
1743094800,2000.97,2008.74,1992.61,2000.29,993525.4
1743098400,2000.29,2015.2,1999.5,2009.54,645460.26
1743102000,2009.54,2014.62,2003.14,2004.34,442574.82
1743105600,2004.34,2011.58,2000.54,2007.44,397388.56
1743109200,2007.43,2020.0,2002.9,2018.19,586671.23
1743112800,2018.2,2019.1,2006.35,2007.77,338232.14
1743116400,2007.77,2008.75,1999.25,2004.0,508090.43
1743120000,2004.0,2007.4,1991.08,2005.0,747649.36
1743123600,2005.0,2015.68,1995.05,2009.22,1060396.98
1743127200,2009.25,2016.32,2004.85,2008.17,552145.59
1743130800,2008.16,2009.2,1995.37,2000.29,831064.51
1743134400,2000.28,2005.0,1900.27,1937.37,7024540.51
1743138000,1937.4,1937.4,1908.11,1915.31,2737659.45
1743141600,1915.31,1928.8,1911.19,1915.09,1574741.86
1743145200,1915.1,1921.24,1902.64,1909.79,2104218.44
1743148800,1909.8,1918.54,1903.79,1907.2,1276198.87
1743152400,1907.21,1916.0,1902.54,1909.19,905266.07
1743156000,1909.2,1915.5,1905.55,1909.97,757579.06
1743159600,1909.88,1925.0,1853.81,1900.35,4817631.43
1743163200,1900.34,1904.42,1880.01,1884.39,2330420.4
1743166800,1884.38,1902.83,1880.29,1886.96,1618088.77
1743170400,1886.96,1894.42,1876.0,1887.69,2038244.74
1743174000,1887.69,1888.86,1871.46,1872.36,1755934.52
1743177600,1872.37,1879.13,1861.64,1870.08,1994020.96
1743181200,1870.0,1884.69,1865.75,1883.98,1086298.9
1743184800,1883.97,1887.5,1872.51,1879.29,848962.94
1743188400,1879.3,1883.9,1870.24,1874.21,605074.03
1743192000,1874.21,1891.91,1873.62,1877.09,1049412.3
1743195600,1877.09,1888.99,1873.6,1885.84,689034.12
1743199200,1885.84,1901.99,1885.33,1901.62,903462.99
1743202800,1901.61,1902.0,1892.33,1897.23,395736.4
1743206400,1897.24,1912.86,1894.77,1903.77,807554.73
1743210000,1903.77,1913.81,1901.69,1909.89,698298.12
1743213600,1909.89,1913.1,1893.39,1895.17,996808.85
1743217200,1895.16,1906.28,1885.72,1900.0,1279981.34
1743220800,1899.99,1905.39,1890.73,1894.84,624631.76
1743224400,1894.85,1896.0,1884.2,1888.63,645077.36
1743228000,1888.62,1888.75,1876.51,1882.71,991369.92
1743231600,1882.71,1885.62,1875.33,1880.52,645367.2
1743235200,1880.51,1886.0,1876.86,1884.69,624923.92
1743238800,1884.68,1887.79,1860.01,1877.32,1834825.3
1743242400,1877.32,1880.48,1863.72,1868.86,1066452.64
1743246000,1868.86,1875.0,1832.74,1844.72,4361752.5
1743249600,1844.72,1857.49,1841.75,1851.69,1491650.8
1743253200,1851.69,1864.0,1851.34,1859.0,1195312.47
1743256800,1859.0,1859.23,1844.19,1845.2,973272.26
1743260400,1845.2,1849.34,1833.01,1840.27,1339285.28
1743264000,1840.26,1848.3,1812.63,1821.62,3058301.63
1743267600,1821.61,1831.0,1796.08,1818.12,5039140.69
1743271200,1818.12,1828.5,1808.51,1818.1,1863403.93
1743274800,1818.11,1828.8,1811.45,1827.79,1003497.67
1743278400,1827.79,1828.46,1812.22,1818.31,1262038.7
1743282000,1818.3,1825.5,1813.68,1817.49,814942.12
1743285600,1817.48,1820.5,1811.4,1817.79,577118.41
1743289200,1817.78,1830.99,1814.41,1828.42,595886.44
1743292800,1828.43,1831.41,1812.14,1827.0,1374851.32
1743296400,1827.0,1843.0,1825.65,1835.29,998622.55
1743300000,1835.3,1844.44,1834.21,1838.81,661399.76
1743303600,1838.8,1844.72,1831.68,1834.3,1100030.68
1743307200,1834.31,1846.76,1834.0,1842.69,638066.87
1743310800,1842.69,1845.19,1834.68,1838.1,647438.63
1743314400,1838.1,1843.43,1832.22,1839.23,608331.9
1743318000,1839.23,1844.3,1835.82,1837.79,422957.66
1743321600,1837.78,1849.3,1837.52,1846.97,563659.9
1743325200,1846.97,1847.61,1841.1,1843.6,447372.53
1743328800,1843.61,1846.11,1825.52,1830.14,1277302.61
1743332400,1830.13,1842.4,1829.08,1833.33,1465784.77
1743336000,1833.33,1840.79,1829.35,1834.0,849017.47
1743339600,1834.0,1835.99,1788.0,1806.67,3446811.47
1743343200,1806.62,1819.72,1803.7,1813.58,1556633.66
1743346800,1813.59,1826.9,1812.12,1813.62,1038603.68
1743350400,1813.62,1817.67,1786.0,1795.32,2664379.91
1743354000,1795.31,1809.55,1786.23,1804.95,1541824.1
1743357600,1804.96,1826.67,1804.95,1824.99,1946240.86
1743361200,1824.99,1834.88,1812.33,1814.4,1385571.18
1743364800,1814.4,1818.16,1808.9,1814.99,409006.65
1743368400,1815.0,1821.9,1801.01,1806.01,699233.35
1743372000,1806.01,1817.12,1766.6,1804.98,3360473.5
1743375600,1804.99,1807.87,1792.13,1807.87,955857.59
1743379200,1807.87,1813.49,1776.41,1786.56,2011540.16
1743382800,1786.57,1820.79,1783.42,1814.3,2184623.98
1743386400,1814.3,1823.8,1804.2,1812.17,1579491.7
1743390000,1812.17,1817.57,1795.53,1798.66,1509855.92
1743393600,1798.66,1809.52,1792.54,1804.91,989373.35
1743397200,1804.91,1813.99,1802.46,1809.43,866754.54
1743400800,1809.43,1812.0,1799.3,1804.3,783930.94
1743404400,1804.29,1810.82,1789.09,1798.74,1570110.81
1743408000,1798.74,1808.32,1794.21,1795.71,1228210.61
1743411600,1795.83,1800.71,1781.32,1786.59,2011658.08
1743415200,1786.6,1810.79,1778.0,1803.64,2510858.4
1743418800,1803.64,1820.0,1799.02,1813.6,1872645.03
1743422400,1813.59,1848.52,1809.01,1834.59,2965698.23
1743426000,1834.6,1838.0,1794.0,1818.8,4083029.12
1743429600,1818.8,1847.97,1818.5,1839.83,3338756.53
1743433200,1839.83,1854.5,1837.6,1842.02,2308878.48
1743436800,1842.02,1847.17,1834.15,1840.11,1369323.71
1743440400,1840.1,1846.97,1817.23,1825.48,1919974.31
1743444000,1825.5,1847.75,1825.5,1839.9,1195193.82
1743447600,1839.89,1845.68,1824.37,1827.88,1032823.63
1743451200,1827.81,1835.01,1818.53,1820.01,616465.46
1743454800,1820.0,1830.05,1819.13,1824.8,493955.28
1743458400,1824.89,1825.4,1816.56,1824.99,559789.67
1743462000,1825.0,1832.6,1820.18,1822.61,633250.27
1743465600,1822.6,1843.76,1817.81,1831.9,1281582.96
1743469200,1831.89,1833.33,1820.89,1826.44,730274.26
1743472800,1826.44,1839.54,1824.41,1839.43,729628.67
1743476400,1839.44,1841.58,1833.14,1834.99,664536.33
1743480000,1835.0,1840.86,1832.04,1838.34,519982.17
1743483600,1838.34,1850.66,1836.75,1841.6,1079172.9
1743487200,1841.59,1868.0,1839.52,1857.78,2124506.33
1743490800,1857.79,1862.87,1852.58,1854.36,993479.75
1743494400,1854.36,1893.3,1854.0,1884.22,3792417.87
1743498000,1884.21,1890.19,1878.0,1885.5,1067596.14
1743501600,1885.5,1886.0,1872.39,1873.59,976084.33
1743505200,1873.59,1873.99,1856.69,1862.3,1464345.9
1743508800,1862.31,1871.2,1859.27,1865.69,1057204.05
1743512400,1865.7,1881.65,1863.63,1871.87,2030334.81
1743516000,1871.87,1889.64,1842.18,1882.66,5216894.61
1743519600,1882.65,1928.89,1882.51,1918.48,5895032.13
1743523200,1918.47,1924.45,1907.29,1916.09,1723158.68
1743526800,1916.09,1923.23,1913.91,1915.63,872341.43
1743530400,1915.62,1916.1,1901.52,1908.75,1491973.83
1743534000,1908.75,1911.72,1903.3,1910.25,613315.83
1743537600,1910.25,1916.48,1896.92,1913.19,1039835.86
1743541200,1913.18,1923.77,1909.0,1915.26,664407.4
1743544800,1915.27,1920.23,1911.3,1912.1,467085.76
1743548400,1912.1,1915.76,1905.0,1905.33,590913.86
1743552000,1905.32,1909.0,1886.53,1889.94,1159003.73
1743555600,1889.99,1897.06,1882.8,1892.81,1233389.22
1743559200,1892.81,1893.59,1872.27,1878.55,1610438.85
1743562800,1878.54,1887.56,1875.33,1876.31,647161.3
1743566400,1876.31,1883.25,1875.71,1879.22,455937.87
1743570000,1879.22,1879.4,1854.18,1855.94,2316611.48
1743573600,1855.93,1862.61,1851.6,1854.03,1492573.47
1743577200,1854.03,1866.78,1852.6,1865.06,1058704.82
1743580800,1865.06,1876.42,1862.57,1867.98,1189143.9
1743584400,1867.97,1888.79,1866.24,1879.35,1590940.49
1743588000,1879.35,1887.74,1870.63,1872.82,1042335.05
1743591600,1872.82,1878.58,1867.85,1868.84,769486.44
1743595200,1868.84,1873.87,1857.57,1872.32,1448518.8
1743598800,1872.32,1893.7,1853.53,1870.98,3238273.32
1743602400,1870.98,1881.66,1857.25,1875.91,2483509.29
1743606000,1875.99,1919.5,1874.41,1901.1,6267561.74
1743609600,1901.09,1910.29,1895.25,1903.12,1561614.04
1743613200,1903.12,1914.98,1882.3,1892.83,1971389.5
1743616800,1892.83,1905.0,1888.53,1898.49,1025814.29
1743620400,1898.48,1916.7,1893.46,1911.75,1040217.08
1743624000,1911.76,1957.3,1865.52,1881.01,9774440.05
1743627600,1881.19,1884.72,1855.0,1867.55,1909443.8
1743631200,1867.55,1867.55,1788.8,1798.11,5367093.73
1743634800,1798.03,1802.97,1781.58,1795.01,2558611.2
1743638400,1795.0,1827.99,1789.0,1820.77,2410755.07
1743642000,1820.8,1835.5,1814.3,1826.37,1593977.72
1743645600,1826.36,1833.12,1818.18,1830.3,1213145.19
1743649200,1830.3,1830.84,1819.6,1824.67,757006.01
1743652800,1824.66,1845.66,1822.63,1835.62,1368445.28
1743656400,1835.61,1840.49,1821.14,1821.96,902344.76
1743660000,1821.96,1828.09,1813.13,1817.4,921477.5
1743663600,1817.4,1822.43,1806.75,1815.21,1947441.67
1743667200,1815.2,1825.3,1814.58,1821.51,1009002.17
1743670800,1821.5,1823.4,1809.28,1811.7,729638.14
1743674400,1811.69,1817.83,1790.1,1793.5,2266901.52
1743678000,1793.5,1802.8,1786.77,1795.5,1492809.94
1743681600,1795.49,1800.7,1748.0,1759.58,5416145.54
1743685200,1759.51,1792.28,1755.71,1784.09,3550189.88
1743688800,1784.0,1784.93,1751.0,1757.92,3162096.96
1743692400,1757.91,1783.26,1755.01,1782.48,1963977.07
1743696000,1782.49,1791.45,1770.41,1773.21,1672770.18
1743699600,1773.22,1782.81,1767.19,1776.3,1049881.64
1743703200,1776.29,1799.73,1770.11,1788.5,1348194.99
1743706800,1788.49,1795.0,1782.44,1787.34,771168.6
1743710400,1787.35,1804.05,1779.66,1799.23,777466.91
1743714000,1799.22,1819.16,1796.3,1812.35,865468.77
1743717600,1812.35,1816.3,1805.48,1811.25,726823.57
1743721200,1811.25,1822.47,1803.03,1817.34,884528.38
1743724800,1817.36,1823.68,1808.66,1810.62,968680.22
1743728400,1810.62,1818.47,1771.5,1783.0,2159703.63
1743732000,1782.99,1803.73,1782.99,1789.38,1620060.79
1743735600,1789.38,1797.35,1782.21,1793.1,888908.04
1743739200,1793.09,1793.99,1784.06,1787.93,745174.13
1743742800,1787.93,1806.68,1784.22,1806.21,1249701.24
1743746400,1806.21,1808.83,1798.95,1800.0,1010393.83
1743750000,1800.0,1822.0,1799.69,1817.77,1852107.76
1743753600,1817.77,1835.91,1814.74,1828.11,2164926.44
1743757200,1828.11,1833.31,1822.45,1829.3,915718.3
1743760800,1829.31,1832.33,1780.38,1784.0,4625311.16
1743764400,1784.0,1788.37,1758.27,1784.2,3740817.01
1743768000,1784.15,1800.0,1769.22,1789.03,3999598.14
1743771600,1789.03,1809.49,1772.2,1802.15,3490878.96
1743775200,1802.25,1805.68,1775.97,1790.16,2740944.6
1743778800,1790.16,1821.96,1787.4,1795.37,4409324.38
1743782400,1795.37,1805.24,1783.12,1797.85,2181333.41
1743786000,1797.84,1829.0,1788.0,1821.37,2655294.24
1743789600,1821.37,1823.7,1804.7,1806.77,1295123.89
1743793200,1806.76,1815.94,1802.08,1810.25,956095.7
1743796800,1810.25,1823.2,1807.67,1819.13,912893.41
1743800400,1819.12,1828.0,1812.76,1818.33,529500.62
1743804000,1818.34,1826.66,1815.74,1819.25,411160.29
1743807600,1819.25,1820.09,1809.34,1817.01,555671.54
1743811200,1817.01,1825.28,1812.43,1823.05,522769.78
1743814800,1823.04,1827.59,1819.24,1819.66,594902.33
1743818400,1819.66,1821.69,1813.08,1815.85,521369.57
1743822000,1815.85,1816.55,1809.19,1810.02,485233.34
1743825600,1810.01,1816.03,1807.1,1808.51,426444.33
1743829200,1808.51,1815.65,1807.06,1810.1,372609.44
1743832800,1810.1,1814.0,1803.77,1809.8,526700.59
1743836400,1809.8,1814.77,1807.09,1813.53,413893.94
1743840000,1813.53,1815.45,1810.11,1814.03,434140.91
1743843600,1814.04,1822.4,1814.04,1821.01,700795.11
1743847200,1821.0,1821.77,1816.12,1818.2,393495.99
1743850800,1818.2,1819.57,1806.5,1807.65,890321.89
1743854400,1807.64,1808.58,1792.57,1798.04,1500416.54
1743858000,1798.04,1798.97,1783.15,1787.5,1725532.64
1743861600,1787.49,1795.7,1786.58,1791.37,1004672.93
1743865200,1791.36,1791.37,1778.02,1782.27,1260870.75
1743868800,1782.28,1788.67,1780.56,1784.94,723947.07
1743872400,1784.94,1790.93,1782.74,1787.77,412082.48
1743876000,1787.78,1794.8,1787.22,1793.18,410478.37
1743879600,1793.19,1795.75,1779.6,1782.22,550877.71
1743883200,1782.22,1804.98,1763.05,1790.64,2243065.63
1743886800,1790.64,1795.42,1784.58,1790.36,541413.83
1743890400,1790.36,1797.95,1790.15,1797.6,357864.06
1743894000,1797.61,1810.56,1796.9,1805.77,723343.43
1743897600,1805.9,1814.0,1803.0,1810.51,863075.74
1743901200,1810.51,1817.9,1807.25,1810.79,735976.5
1743904800,1810.8,1813.6,1804.47,1804.58,613801.55
1743908400,1804.58,1810.0,1801.73,1810.0,653913.47
1743912000,1810.0,1811.32,1805.99,1809.85,387613.37
1743915600,1809.84,1813.67,1807.16,1811.13,418688.96
1743919200,1811.13,1812.6,1798.3,1798.31,696312.91
1743922800,1798.31,1801.8,1790.0,1798.01,1006997.45
1743926400,1798.01,1798.39,1782.03,1795.74,1517662.3
1743930000,1795.74,1796.9,1789.47,1791.29,472128.82
1743933600,1791.29,1792.69,1785.01,1790.46,779306.68
1743937200,1790.46,1791.7,1783.41,1789.38,598099.67
1743940800,1789.37,1792.5,1777.0,1778.23,1329744.59
1743944400,1778.22,1781.82,1735.86,1748.73,5640212.63
1743948000,1748.73,1771.24,1745.0,1769.93,2843660.22
1743951600,1769.92,1773.92,1758.33,1759.73,1155219.82
1743955200,1759.72,1760.09,1716.0,1731.24,3517487.17
1743958800,1731.24,1734.26,1669.01,1684.91,9569173.2
1743962400,1684.91,1685.16,1602.06,1618.4,14694997.68
1743966000,1618.4,1636.16,1608.72,1626.07,6028881.98
1743969600,1626.18,1631.38,1549.89,1574.79,8789289.44
1743973200,1574.8,1597.71,1570.75,1587.55,2540633.58
1743976800,1587.55,1608.54,1563.98,1577.19,5596659.0
1743980400,1577.18,1584.6,1535.3,1580.77,7237399.63
1743984000,1580.77,1586.39,1552.55,1573.09,4413559.51
1743987600,1573.1,1614.35,1570.71,1598.52,5198106.57
1743991200,1598.51,1601.57,1572.48,1579.18,2450573.25
1743994800,1579.18,1582.6,1520.01,1543.67,6277602.04
1743998400,1543.67,1559.31,1533.47,1548.42,3845145.25
1744002000,1548.42,1561.7,1537.11,1540.65,3025754.22
1744005600,1540.64,1553.0,1411.0,1431.31,18887314.69
1744009200,1431.32,1477.89,1430.95,1460.13,8946514.84
1744012800,1460.12,1511.53,1455.33,1495.71,8090456.75
1744016400,1495.71,1506.19,1476.25,1484.39,5371307.54
1744020000,1484.4,1521.28,1481.71,1491.36,5676873.06
1744023600,1491.36,1503.8,1473.32,1482.96,3138467.31
1744027200,1482.99,1526.66,1477.66,1520.52,6645223.44
1744030800,1520.52,1558.37,1486.87,1550.34,10174020.04
1744034400,1550.35,1639.83,1538.6,1569.7,23876323.13
1744038000,1569.73,1577.78,1533.2,1556.46,7043418.63
1744041600,1556.45,1557.65,1526.07,1529.41,3849693.01
1744045200,1529.41,1572.8,1529.24,1565.91,4214956.3
1744048800,1565.91,1572.23,1546.61,1549.5,2490673.14
1744052400,1549.5,1562.91,1542.0,1545.44,2021307.7
1744056000,1545.51,1580.0,1545.03,1570.9,1653371.36
1744059600,1570.9,1576.97,1555.09,1568.56,924517.76
1744063200,1568.57,1585.33,1565.16,1578.51,1397948.18
1744066800,1578.46,1582.34,1551.43,1553.2,1486780.69
1744070400,1553.19,1563.67,1544.16,1544.72,1581135.93
1744074000,1544.73,1593.87,1541.08,1591.0,3077031.4
1744077600,1590.99,1618.9,1586.46,1589.5,4205325.8
1744081200,1589.5,1592.99,1579.48,1584.78,1512324.09
1744084800,1584.78,1602.81,1583.81,1598.59,1653912.09
1744088400,1598.59,1602.44,1581.76,1592.01,1447919.27
1744092000,1592.0,1592.0,1574.05,1576.39,1493664.67
1744095600,1576.39,1578.87,1561.83,1570.91,1535794.12
1744099200,1570.9,1571.61,1554.07,1567.05,1567391.41
1744102800,1567.01,1576.99,1564.2,1568.33,1765290.1
1744106400,1568.33,1574.66,1565.31,1566.36,974193.77
1744110000,1566.37,1590.48,1565.0,1588.29,2122224.38
1744113600,1588.29,1593.67,1567.46,1571.65,2226048.53
1744117200,1571.66,1586.8,1550.01,1568.25,4776724.0
1744120800,1568.25,1583.52,1530.4,1531.09,4940787.45
1744124400,1531.09,1539.32,1518.01,1531.36,4512865.05
1744128000,1531.36,1533.0,1482.13,1486.8,6316900.75
1744131600,1486.81,1490.16,1454.29,1480.81,8029243.02
1744135200,1480.92,1501.55,1471.37,1476.01,3684162.1
1744138800,1476.0,1479.0,1455.08,1466.91,3626893.07
1744142400,1466.92,1482.81,1460.33,1482.29,1605267.41
1744146000,1482.3,1486.51,1464.11,1477.49,1285642.43
1744149600,1477.48,1478.78,1444.6,1467.27,2997535.87
1744153200,1467.21,1476.75,1462.53,1473.6,1507831.06
1744156800,1473.59,1482.87,1463.86,1467.67,2283495.6
1744160400,1467.65,1469.15,1384.06,1434.89,10894599.72
1744164000,1434.89,1454.26,1415.01,1419.07,4232495.51
1744167600,1419.07,1426.67,1407.36,1418.61,3373200.32
1744171200,1418.58,1450.87,1414.52,1440.53,4175143.7
1744174800,1440.52,1463.98,1439.2,1459.0,2757131.76
1744178400,1458.99,1476.83,1457.91,1459.99,2808026.63
1744182000,1459.99,1492.76,1458.46,1483.41,4473864.64
1744185600,1483.42,1488.39,1470.61,1482.39,2513772.34
1744189200,1482.4,1486.24,1471.21,1479.4,1441261.56
1744192800,1479.4,1496.57,1472.43,1486.86,2674877.44
1744196400,1486.8,1487.09,1445.01,1455.6,8124003.55
1744200000,1455.6,1469.88,1440.26,1461.81,3266466.66
1744203600,1461.8,1499.89,1455.43,1487.67,6674034.55
1744207200,1487.67,1501.99,1469.56,1471.18,5138894.59
1744210800,1471.18,1496.94,1469.5,1485.4,3240848.59
1744214400,1485.4,1509.83,1482.01,1502.54,3311367.34
1744218000,1502.54,1640.4,1484.53,1632.9,20601979.19
1744221600,1632.8,1674.69,1612.86,1628.34,11052689.0
1744225200,1628.34,1647.29,1623.36,1640.61,2690858.16
1744228800,1640.64,1679.34,1640.18,1673.55,2184835.89
1744232400,1673.55,1689.87,1661.0,1671.7,2472276.16
1744236000,1671.69,1684.27,1665.98,1671.29,1400945.28
1744239600,1671.28,1674.77,1656.0,1669.44,1297698.2
1744243200,1669.44,1670.0,1634.38,1646.55,1942868.45
1744246800,1646.55,1651.85,1628.65,1638.2,1434860.61
1744250400,1638.2,1646.71,1629.7,1633.32,1253342.55
1744254000,1633.32,1636.45,1601.81,1617.31,2936814.68
1744257600,1617.3,1621.35,1605.5,1619.72,1442647.22
1744261200,1619.72,1626.49,1614.07,1617.12,1183833.31
1744264800,1617.11,1622.74,1606.53,1616.35,1254877.22
1744268400,1616.34,1620.55,1582.78,1595.51,3557235.72
1744272000,1595.52,1599.31,1582.75,1592.75,1618903.77
1744275600,1592.74,1606.96,1586.06,1603.98,1953720.92
1744279200,1603.92,1605.95,1587.7,1594.97,1452461.13
1744282800,1594.97,1596.96,1580.35,1594.82,1510282.35
1744286400,1594.81,1628.0,1581.66,1593.39,6440102.17
1744290000,1593.39,1596.57,1560.4,1569.05,5596051.63
1744293600,1569.04,1584.69,1556.12,1565.6,4042930.87
1744297200,1565.57,1567.9,1483.55,1495.99,12013026.23
1744300800,1496.0,1513.84,1471.72,1510.58,7802307.19
1744304400,1510.58,1520.0,1487.27,1511.43,4266638.73
1744308000,1511.44,1522.83,1507.2,1518.52,2252398.68
1744311600,1518.52,1532.34,1510.49,1514.26,1959267.41
1744315200,1514.23,1533.5,1513.84,1531.11,1049154.16
1744318800,1531.12,1533.28,1518.63,1524.73,701606.99
1744322400,1524.74,1532.71,1520.4,1524.72,752893.61
1744326000,1524.72,1528.96,1514.15,1522.48,1131368.45
1744329600,1522.47,1529.34,1504.49,1508.33,1692657.43
1744333200,1508.32,1548.31,1507.0,1542.91,3241680.09
1744336800,1542.9,1551.34,1533.48,1534.52,1816108.13
1744340400,1534.51,1546.98,1534.47,1544.66,1107157.34
1744344000,1544.64,1558.49,1542.52,1547.43,1715330.37
1744347600,1547.44,1553.3,1540.74,1549.04,1231212.68
1744351200,1549.04,1563.49,1549.04,1552.53,1673280.13
1744354800,1552.54,1558.78,1546.7,1552.79,1264886.92
1744358400,1552.79,1572.96,1538.02,1551.33,4253904.55
1744362000,1551.33,1570.69,1544.41,1563.83,2273169.94
1744365600,1563.82,1584.99,1553.76,1568.11,3027519.1
1744369200,1568.1,1575.0,1555.36,1558.83,1547164.17
1744372800,1558.83,1576.41,1553.13,1557.68,1948624.11
1744376400,1557.68,1581.78,1549.18,1570.56,3683381.33
1744380000,1570.56,1570.56,1541.03,1556.39,3966890.03
1744383600,1556.38,1571.22,1553.81,1565.61,1877146.01
1744387200,1565.61,1573.77,1555.61,1565.71,1672051.76
1744390800,1565.71,1592.4,1563.3,1580.11,2929682.34
1744394400,1580.11,1582.61,1560.31,1562.24,1659709.68
1744398000,1562.25,1572.6,1561.44,1565.7,790526.7
1744401600,1565.67,1574.97,1562.7,1571.41,602412.41
1744405200,1571.4,1587.0,1565.19,1572.74,1114440.01
1744408800,1572.75,1575.55,1565.4,1566.3,507175.88
1744412400,1566.29,1571.24,1558.06,1566.5,707667.25
1744416000,1566.51,1569.7,1560.58,1561.96,655997.91
1744419600,1561.96,1564.58,1552.01,1554.57,960404.38
1744423200,1554.57,1557.33,1545.1,1547.64,1213591.01
1744426800,1547.64,1559.47,1546.52,1554.48,889669.23
1744430400,1554.49,1571.21,1550.42,1567.74,1421212.75
1744434000,1567.8,1572.79,1564.51,1568.7,949019.11
1744437600,1568.7,1578.9,1568.69,1573.97,946108.56
1744441200,1573.96,1585.64,1571.29,1581.97,1184779.22
1744444800,1581.97,1607.37,1580.81,1591.7,3010185.07
1744448400,1591.69,1602.95,1588.62,1597.4,1281403.49
1744452000,1597.4,1597.64,1587.36,1592.21,914788.54
1744455600,1592.22,1598.5,1592.21,1593.97,623993.09
1744459200,1593.96,1617.17,1590.55,1607.3,2216692.28
1744462800,1607.29,1647.35,1605.88,1638.65,5473810.66
1744466400,1638.65,1669.87,1635.58,1653.85,4921113.04
1744470000,1653.86,1667.49,1648.0,1655.78,2355105.1
1744473600,1655.78,1662.4,1637.2,1643.72,2294382.11
1744477200,1643.71,1647.14,1628.3,1634.2,2148307.91
1744480800,1634.19,1656.0,1633.57,1650.8,1325469.53
1744484400,1650.8,1651.8,1634.8,1642.95,956700.96
1744488000,1642.95,1660.48,1641.33,1649.5,1140092.14
1744491600,1649.49,1655.18,1645.71,1647.5,522076.35
1744495200,1647.52,1656.45,1647.51,1650.27,441069.92
1744498800,1650.27,1652.38,1643.32,1644.31,422201.16
1744502400,1644.32,1649.8,1634.8,1642.37,1023589.22
1744506000,1642.37,1650.36,1609.0,1617.16,2221152.77
1744509600,1617.16,1629.32,1606.31,1625.2,1816497.47
1744513200,1625.2,1629.49,1621.3,1624.23,1097107.86
1744516800,1624.22,1624.5,1602.22,1608.9,1533795.44
1744520400,1608.9,1613.68,1596.62,1609.21,1894074.52
1744524000,1609.21,1624.03,1607.75,1616.88,1268708.45
1744527600,1616.89,1621.5,1610.45,1613.28,755870.75
1744531200,1613.28,1621.89,1608.17,1620.27,958723.96
1744534800,1620.27,1628.0,1616.74,1627.01,1291540.5
1744538400,1627.0,1628.0,1611.47,1617.8,1049380.95
1744542000,1617.81,1618.8,1590.01,1604.18,2873048.87
1744545600,1604.26,1609.54,1599.46,1602.99,1366653.44
1744549200,1603.0,1608.09,1566.0,1574.3,4746741.29
1744552800,1574.35,1589.68,1568.18,1586.03,2388251.57
1744556400,1586.04,1589.05,1579.35,1586.72,989307.12
1744560000,1586.72,1602.75,1586.48,1595.55,2216450.48
1744563600,1595.55,1650.0,1593.99,1637.31,5115453.67
1744567200,1637.3,1647.6,1626.3,1629.99,1864524.76
1744570800,1630.0,1630.48,1561.01,1590.25,4854593.9
1744574400,1590.24,1617.26,1583.96,1590.99,2694082.29
1744578000,1590.98,1604.0,1572.06,1593.9,1830135.26
1744581600,1593.91,1600.0,1583.52,1586.43,1075831.13
1744585200,1586.44,1600.78,1581.64,1597.82,951777.55
1744588800,1597.82,1634.96,1595.69,1612.12,2552763.36
1744592400,1612.12,1622.99,1609.24,1617.6,953739.5
1744596000,1617.59,1660.48,1614.51,1635.6,3381528.62
1744599600,1635.6,1637.93,1626.31,1630.0,1501679.03
1744603200,1630.01,1642.69,1627.89,1636.7,1186144.54
1744606800,1636.74,1640.57,1620.66,1624.51,1873893.88
1744610400,1624.5,1628.45,1614.47,1623.84,1640385.78
1744614000,1623.84,1636.66,1612.44,1635.76,1729670.09
1744617600,1635.76,1642.49,1629.35,1638.33,1415713.77
1744621200,1638.33,1645.7,1631.01,1641.23,1500457.31
1744624800,1641.23,1685.0,1639.11,1679.0,5316449.52
1744628400,1679.0,1692.78,1671.66,1675.51,2989762.67
1744632000,1675.5,1678.63,1666.11,1678.2,1625248.06
1744635600,1678.19,1681.31,1648.1,1658.53,3701829.69
1744639200,1658.54,1689.99,1655.02,1673.35,3107700.05
1744642800,1673.35,1675.12,1618.32,1628.0,6072437.41
1744646400,1628.01,1637.26,1614.4,1628.01,3322909.9
1744650000,1628.0,1650.56,1627.29,1648.39,2023393.99
1744653600,1648.4,1652.22,1635.28,1640.82,1368005.12
1744657200,1640.81,1647.77,1631.27,1636.76,863566.39
1744660800,1636.8,1638.62,1626.75,1635.71,839814.36
1744664400,1635.71,1636.1,1605.74,1624.67,1361649.73
1744668000,1624.67,1625.23,1614.2,1621.3,597053.56
1744671600,1621.31,1629.33,1618.01,1623.72,827113.95
1744675200,1623.71,1634.63,1614.77,1631.21,1341867.52
1744678800,1631.2,1639.26,1615.5,1634.47,1609217.88
1744682400,1634.48,1638.36,1617.13,1631.99,1390354.76
1744686000,1632.0,1644.3,1627.72,1638.09,1381391.6
1744689600,1638.08,1641.7,1632.39,1639.58,886231.52
1744693200,1639.59,1648.59,1639.01,1639.04,1402960.13
1744696800,1639.05,1643.58,1634.0,1636.92,811752.39
1744700400,1636.93,1647.47,1636.43,1644.94,822330.04
1744704000,1644.94,1648.0,1638.85,1641.1,1026354.41
1744707600,1641.09,1652.79,1635.14,1648.8,1721121.74
1744711200,1648.81,1651.94,1625.56,1633.44,2206293.1
1744714800,1633.44,1633.54,1622.3,1632.11,1489314.3
1744718400,1632.12,1643.21,1628.75,1642.08,1325027.9
1744722000,1642.07,1661.31,1618.33,1629.02,4595522.46
1744725600,1629.11,1637.0,1601.0,1620.5,5403154.72
1744729200,1620.5,1631.44,1611.92,1621.11,2036175.21
1744732800,1621.11,1628.26,1619.02,1622.77,1401067.23
1744736400,1622.77,1627.31,1612.32,1616.31,1160493.14
1744740000,1616.31,1619.2,1604.27,1610.7,1337006.67
1744743600,1610.7,1613.47,1596.0,1607.15,1344123.31
1744747200,1607.16,1615.0,1586.1,1595.1,1376551.1
1744750800,1595.11,1606.2,1589.69,1603.62,827190.62
1744754400,1603.62,1604.05,1582.65,1590.96,1063780.86
1744758000,1590.96,1597.56,1585.23,1588.6,943514.15
1744761600,1588.59,1595.33,1576.01,1580.72,1890361.67
1744765200,1580.71,1601.3,1578.24,1596.48,1434590.86
1744768800,1596.48,1604.32,1592.9,1598.48,1014666.15
1744772400,1598.48,1601.1,1589.04,1591.0,721486.26
1744776000,1591.01,1593.9,1576.86,1587.19,2055595.47
1744779600,1587.19,1593.21,1550.73,1569.13,4682710.1
1744783200,1569.12,1579.99,1566.3,1576.4,1031179.67
1744786800,1576.4,1579.0,1563.0,1564.29,1233306.64
1744790400,1564.36,1583.83,1556.37,1575.29,2751116.08
1744794000,1575.3,1579.88,1567.33,1568.2,992670.5
1744797600,1568.19,1582.89,1567.66,1581.44,1076363.81
1744801200,1581.43,1586.54,1576.0,1584.0,1169292.99
1744804800,1583.99,1588.79,1575.03,1577.5,1398016.35
1744808400,1577.5,1582.72,1566.4,1567.51,2213939.83
1744812000,1567.5,1599.68,1567.03,1591.0,3501140.37
1744815600,1590.99,1614.74,1585.34,1590.8,3399031.72
1744819200,1590.8,1597.4,1575.45,1592.67,2094123.73
1744822800,1592.67,1613.0,1536.0,1545.66,6541151.69
1744826400,1545.66,1580.26,1543.0,1566.38,4470212.06
1744830000,1566.39,1595.87,1552.06,1588.66,2574207.9
1744833600,1588.66,1594.3,1569.77,1573.52,1219394.54
1744837200,1573.51,1598.91,1571.51,1592.27,1312191.31
1744840800,1592.28,1593.1,1583.68,1587.89,562915.36
1744844400,1587.89,1588.72,1572.65,1577.39,692706.03
1744848000,1577.38,1587.23,1574.71,1585.53,836007.38
1744851600,1585.52,1594.18,1582.8,1589.5,972221.21
1744855200,1589.5,1593.75,1582.0,1591.89,704185.8
1744858800,1591.9,1595.43,1577.2,1584.86,1102148.76
1744862400,1584.86,1592.8,1580.8,1591.27,784724.12
1744866000,1591.27,1603.82,1589.75,1598.8,1668623.03
1744869600,1598.8,1609.49,1597.26,1602.0,1555320.07
1744873200,1602.0,1610.73,1599.43,1601.69,1314106.88
1744876800,1601.68,1604.34,1594.1,1595.42,880468.19
1744880400,1595.42,1597.7,1591.56,1595.2,1005450.39
1744884000,1595.19,1597.2,1588.53,1593.8,865583.71
1744887600,1593.82,1598.99,1588.72,1593.35,886702.89
1744891200,1593.36,1603.49,1593.14,1601.61,1184490.48
1744894800,1601.61,1601.87,1589.12,1593.93,1548856.28
1744898400,1593.93,1594.77,1562.26,1569.62,3902390.58
1744902000,1569.62,1588.0,1569.61,1583.1,2361169.49
1744905600,1583.09,1617.7,1577.53,1605.47,5280829.14
1744909200,1605.48,1616.4,1600.5,1609.98,1909268.91
1744912800,1610.03,1615.83,1600.64,1600.8,1457158.44
1744916400,1600.81,1603.99,1576.43,1581.26,2734555.74
1744920000,1581.2,1590.77,1580.24,1584.62,1213620.33
1744923600,1584.62,1591.84,1582.73,1587.51,514039.92
1744927200,1587.51,1591.83,1578.57,1579.28,565528.23
1744930800,1579.29,1588.66,1579.28,1583.71,525905.81
1744934400,1583.72,1585.36,1577.1,1579.86,675060.96
1744938000,1579.86,1589.62,1578.0,1583.15,784339.27
1744941600,1583.16,1587.83,1578.88,1584.62,620711.03
1744945200,1584.62,1585.57,1579.08,1584.19,523878.02
1744948800,1584.18,1585.29,1578.56,1581.0,423481.88
1744952400,1581.0,1581.59,1573.28,1581.4,1005534.43
1744956000,1581.4,1582.0,1575.81,1581.24,511101.69
1744959600,1581.23,1585.57,1576.8,1584.18,748991.98
1744963200,1584.18,1592.96,1583.53,1586.75,1114464.39
1744966800,1586.76,1591.92,1583.85,1588.4,638411.01
1744970400,1588.39,1590.0,1583.02,1584.3,504844.18
1744974000,1584.3,1591.49,1582.06,1590.69,657991.64
1744977600,1590.69,1597.62,1587.15,1593.3,1022242.12
1744981200,1593.3,1593.89,1587.25,1592.93,718035.95
1744984800,1592.93,1596.75,1586.11,1589.08,928432.38
1744988400,1589.08,1589.92,1578.4,1582.94,1399417.71
1744992000,1582.95,1587.9,1581.62,1587.43,644340.91
1744995600,1587.43,1593.21,1585.13,1591.93,657403.53
1744999200,1591.92,1595.0,1589.52,1593.54,675777.15
1745002800,1593.54,1595.34,1590.62,1593.4,456242.16
1745006400,1593.4,1595.0,1590.53,1593.69,343805.34
1745010000,1593.7,1601.84,1592.77,1599.83,679904.82
1745013600,1599.83,1600.3,1592.06,1593.01,351881.47
1745017200,1593.0,1593.44,1587.03,1588.71,543566.69
1745020800,1588.71,1590.53,1585.13,1586.48,457605.09
1745024400,1586.49,1591.26,1585.84,1590.3,364602.63
1745028000,1590.3,1596.5,1587.81,1592.42,704183.17
1745031600,1592.43,1600.82,1592.3,1597.75,1021784.47
1745035200,1597.76,1613.67,1596.8,1603.56,1850563.76
1745038800,1603.57,1605.94,1601.12,1602.41,506006.86
1745042400,1602.4,1603.44,1595.48,1596.59,731877.73
1745046000,1596.58,1604.3,1596.58,1600.99,651072.13
1745049600,1600.99,1605.54,1598.5,1602.98,521568.13
1745053200,1602.98,1606.51,1597.07,1598.31,675302.68
1745056800,1598.31,1601.17,1593.52,1596.52,919166.44
1745060400,1596.52,1598.86,1594.7,1597.0,424766.17
1745064000,1597.0,1599.25,1595.09,1597.27,331327.47
1745067600,1597.27,1606.5,1595.11,1604.59,762204.47
1745071200,1604.59,1608.6,1603.11,1606.2,848528.71
1745074800,1606.2,1612.69,1603.17,1607.28,1290077.24
1745078400,1607.28,1611.31,1598.1,1599.74,1368646.11
1745082000,1599.74,1633.0,1599.1,1619.0,2472933.45
1745085600,1619.0,1623.53,1614.5,1615.19,909766.14
1745089200,1615.19,1618.82,1613.2,1614.87,399936.22
1745092800,1614.87,1617.18,1610.8,1614.0,390306.06
1745096400,1614.0,1622.49,1614.0,1620.79,515052.15
1745100000,1620.79,1621.38,1615.81,1619.4,268122.19
1745103600,1619.4,1620.68,1611.99,1613.31,456738.82
1745107200,1613.3,1615.28,1607.6,1610.25,669338.37
1745110800,1610.25,1619.0,1609.58,1617.89,661261.82
1745114400,1617.89,1619.29,1613.35,1615.93,453011.52
1745118000,1615.93,1616.86,1609.34,1611.96,561240.91
1745121600,1611.96,1617.61,1611.34,1614.44,373385.06
1745125200,1614.45,1616.35,1609.57,1610.01,335017.78
1745128800,1610.01,1613.44,1602.5,1605.73,1068147.33
1745132400,1605.72,1605.73,1585.82,1597.56,2788978.6
1745136000,1597.55,1597.85,1586.26,1590.16,1104003.45
1745139600,1590.16,1593.44,1588.25,1591.81,768291.17
1745143200,1591.81,1592.8,1568.6,1574.59,2733396.68
1745146800,1574.59,1580.45,1565.01,1572.73,2132905.65
1745150400,1572.72,1579.93,1571.33,1575.85,1256311.67
1745154000,1575.84,1581.75,1570.74,1577.4,998863.86
1745157600,1577.4,1584.19,1576.51,1580.12,797046.46
1745161200,1580.12,1580.72,1571.04,1573.74,783068.15
1745164800,1573.73,1582.68,1571.57,1581.43,792685.76
1745168400,1581.43,1581.79,1575.74,1579.58,433272.72
1745172000,1579.5,1582.2,1578.18,1581.26,301916.02
1745175600,1581.27,1588.25,1578.75,1586.11,581071.18
1745179200,1586.11,1601.36,1584.84,1590.19,1647195.82
1745182800,1590.19,1591.4,1583.31,1589.12,567197.57
1745186400,1589.11,1589.32,1574.32,1582.37,966835.85
1745190000,1582.38,1588.17,1582.37,1587.63,691779.89
1745193600,1587.63,1620.88,1586.33,1610.3,3968758.5
1745197200,1610.29,1629.9,1608.1,1628.9,2400438.5
1745200800,1628.9,1645.98,1625.13,1632.55,3661546.66
1745204400,1632.55,1643.32,1632.05,1634.84,1780267.61
1745208000,1634.84,1641.45,1631.51,1640.11,1174128.75
1745211600,1640.11,1657.42,1637.22,1648.13,2417069.62
1745215200,1648.13,1659.07,1645.48,1647.72,1428585.72
1745218800,1647.72,1650.39,1641.53,1645.87,1069884.39
1745222400,1645.91,1649.79,1643.76,1649.41,555564.62
1745226000,1649.41,1655.0,1639.32,1642.89,1385048.57
1745229600,1642.89,1643.77,1628.03,1635.88,1853107.66
1745233200,1635.88,1636.39,1618.0,1626.5,2606395.36
1745236800,1626.5,1631.99,1623.54,1623.7,1680190.71
1745240400,1623.69,1630.93,1611.5,1611.86,2774860.72
1745244000,1611.85,1642.65,1608.6,1634.2,4952712.01
1745247600,1634.2,1635.5,1618.55,1623.48,2352510.41
1745251200,1623.49,1626.44,1586.48,1589.77,3498350.51
1745254800,1589.78,1590.2,1570.27,1578.43,4838267.93
1745258400,1578.42,1579.24,1566.86,1567.41,2046445.28
1745262000,1567.4,1580.99,1562.04,1573.42,2025098.02
1745265600,1573.42,1578.4,1571.36,1577.78,752635.76
1745269200,1577.78,1580.35,1572.03,1578.5,449379.31
1745272800,1578.5,1578.73,1571.4,1577.64,499441.61
1745276400,1577.64,1580.98,1572.01,1579.43,620859.51
1745280000,1579.43,1581.0,1533.51,1568.82,4020800.96
1745283600,1568.82,1589.27,1564.78,1587.27,2587453.0
1745287200,1587.26,1593.79,1566.41,1577.0,2399615.34
1745290800,1577.0,1580.75,1571.1,1578.98,959717.2
1745294400,1578.99,1586.96,1577.4,1577.76,939287.69
1745298000,1577.76,1584.57,1573.61,1583.92,949807.99
1745301600,1583.92,1585.69,1574.8,1583.92,1085756.95
1745305200,1583.91,1624.63,1582.61,1619.19,4811953.05
1745308800,1619.2,1634.99,1619.0,1627.66,3077823.79
1745312400,1627.67,1634.0,1621.79,1625.55,1682925.56
1745316000,1625.56,1630.59,1612.72,1628.55,2039866.44
1745319600,1628.55,1639.54,1625.6,1630.92,1530565.44
1745323200,1630.91,1640.65,1627.29,1634.93,1693722.87
1745326800,1634.91,1654.64,1625.83,1643.28,4914281.61
1745330400,1643.28,1680.89,1638.05,1675.32,6123960.04
1745334000,1675.31,1726.79,1674.38,1703.36,10159160.26
1745337600,1703.36,1711.05,1686.76,1691.81,2754653.6
1745341200,1691.82,1703.46,1682.77,1700.5,2372341.51
1745344800,1700.49,1707.8,1695.44,1703.72,1127371.4
1745348400,1703.72,1705.45,1683.52,1698.22,1194512.43
1745352000,1698.22,1702.0,1692.39,1695.47,780489.44
1745355600,1695.47,1779.0,1694.2,1754.46,6073336.34
1745359200,1754.45,1761.98,1738.45,1745.79,2507705.41
1745362800,1745.8,1764.67,1745.0,1756.06,2406981.35
1745366400,1756.09,1763.73,1744.71,1751.43,1909668.91
1745370000,1751.44,1788.67,1747.51,1761.95,4397805.01
1745373600,1761.95,1808.82,1760.91,1791.87,4287971.72
1745377200,1791.87,1797.28,1779.57,1795.24,2044633.12
1745380800,1795.24,1819.22,1781.8,1816.82,2447518.4
1745384400,1816.81,1816.82,1794.3,1797.61,3335002.48
1745388000,1797.6,1802.5,1786.07,1788.96,1938579.86
1745391600,1788.97,1794.99,1773.36,1792.1,2480317.06
1745395200,1792.09,1802.0,1786.01,1791.05,1827741.12
1745398800,1791.06,1801.77,1785.1,1785.25,1251663.45
1745402400,1785.24,1809.55,1778.21,1803.6,2726399.72
1745406000,1803.6,1813.83,1792.35,1797.27,2157886.65
1745409600,1797.27,1832.03,1795.15,1815.12,3964111.97
1745413200,1815.01,1837.0,1782.4,1786.98,7541870.59
1745416800,1786.98,1803.35,1781.32,1788.43,3899473.68
1745420400,1788.43,1800.0,1761.88,1794.9,5633713.63
1745424000,1794.9,1798.42,1782.01,1792.58,2273370.82
1745427600,1792.54,1804.97,1787.0,1800.98,1803358.15
1745431200,1800.97,1810.62,1794.06,1798.22,1549358.4
1745434800,1798.23,1799.37,1774.08,1786.42,1730596.19
1745438400,1786.41,1799.98,1785.78,1795.5,817036.37
1745442000,1795.41,1798.82,1786.71,1791.75,523767.61
1745445600,1791.77,1806.19,1789.37,1803.68,663710.57
1745449200,1803.68,1807.2,1791.24,1795.31,750585.6
1745452800,1795.3,1798.4,1783.0,1790.1,1130317.47
1745456400,1790.11,1798.0,1781.45,1794.1,1114428.19
1745460000,1794.09,1803.0,1775.22,1779.54,1793385.11
1745463600,1779.55,1791.36,1766.15,1768.01,2083712.87
1745467200,1768.02,1773.79,1757.3,1772.29,2284568.59
1745470800,1772.29,1776.36,1766.13,1769.22,1068907.45
1745474400,1769.22,1775.89,1761.59,1768.05,1141332.19
1745478000,1768.06,1774.5,1751.18,1756.47,2029180.9
1745481600,1756.48,1760.66,1722.01,1734.69,5102925.83
1745485200,1734.7,1746.94,1734.24,1743.13,1986992.7
1745488800,1743.13,1751.23,1739.43,1749.76,1075311.29
1745492400,1749.77,1757.63,1741.0,1754.63,1446677.27
1745496000,1754.63,1757.58,1746.9,1757.43,1507955.68
1745499600,1757.43,1760.98,1743.65,1753.2,1810972.79
1745503200,1753.19,1775.92,1752.31,1764.89,3803281.51
1745506800,1764.89,1777.0,1761.8,1764.2,1960338.6
1745510400,1764.19,1777.0,1762.78,1769.61,1619020.82
1745514000,1769.6,1773.33,1745.05,1755.18,3042600.03
1745517600,1755.18,1769.27,1754.72,1762.73,1221405.44
1745521200,1762.72,1766.06,1755.56,1762.51,1101658.35
1745524800,1762.51,1769.45,1760.48,1761.6,449656.52
1745528400,1761.59,1764.0,1748.65,1760.79,772105.59
1745532000,1760.79,1764.93,1755.01,1759.61,441139.67
1745535600,1759.61,1774.68,1758.47,1769.12,896855.57
1745539200,1769.12,1775.19,1762.6,1773.72,881763.65
1745542800,1773.71,1790.32,1764.16,1765.19,2238533.98
1745546400,1765.18,1769.89,1737.74,1743.9,2614533.34
1745550000,1743.9,1761.48,1739.18,1759.97,1646316.53
1745553600,1759.98,1771.38,1757.2,1765.3,1259162.45
1745557200,1765.3,1770.3,1762.2,1766.64,712638.39
1745560800,1766.65,1779.6,1765.0,1775.97,1290805.52
1745564400,1775.97,1781.0,1769.08,1776.42,1177132.31
1745568000,1776.42,1778.22,1771.61,1774.26,800054.33
1745571600,1774.26,1793.25,1763.31,1787.51,2310785.36
1745575200,1787.51,1791.36,1768.1,1770.93,2150065.18
1745578800,1770.94,1789.63,1770.82,1789.62,1540828.8
1745582400,1789.62,1803.25,1770.06,1772.37,3139589.72
1745586000,1772.38,1778.76,1756.15,1768.5,2668944.39
1745589600,1768.49,1813.6,1767.12,1807.58,4828790.3
1745593200,1807.59,1827.0,1800.45,1805.8,4710685.17
1745596800,1805.8,1808.69,1787.4,1801.13,2121579.26
1745600400,1801.12,1810.39,1782.04,1785.25,2073273.57
1745604000,1785.25,1802.71,1785.25,1795.8,858813.67
1745607600,1795.8,1802.5,1790.85,1801.82,613131.84
1745611200,1801.83,1805.5,1791.54,1797.38,729328.94
1745614800,1797.39,1808.86,1784.47,1789.16,1209834.88
1745618400,1789.16,1798.84,1787.75,1795.13,410706.21
1745622000,1795.13,1798.13,1782.76,1783.84,826877.38
1745625600,1783.84,1798.3,1783.73,1796.13,954027.38
1745629200,1796.12,1815.62,1790.78,1806.64,1371841.27
1745632800,1806.64,1814.8,1800.71,1807.2,1121719.07
1745636400,1807.2,1809.44,1792.0,1796.88,1216282.99
1745640000,1796.88,1799.89,1789.06,1790.98,705277.38
1745643600,1790.98,1797.33,1788.22,1793.5,651491.63
1745647200,1793.5,1806.28,1793.19,1802.08,791523.53
1745650800,1802.07,1809.96,1798.97,1799.61,938073.83
1745654400,1799.61,1841.36,1797.57,1805.58,4615669.35
1745658000,1805.59,1814.94,1792.13,1803.0,2080247.95
1745661600,1803.0,1810.48,1800.63,1803.17,902603.61
1745665200,1803.17,1806.05,1778.09,1785.11,2454568.07
1745668800,1785.11,1798.74,1783.28,1791.22,1281697.08
1745672400,1791.26,1794.96,1778.87,1789.99,1138083.72
1745676000,1789.99,1796.54,1784.13,1791.6,911170.42
1745679600,1791.6,1804.44,1791.59,1799.58,1124570.53
1745683200,1799.58,1804.17,1795.0,1802.57,785294.05
1745686800,1802.56,1806.8,1798.29,1803.83,601359.18
1745690400,1803.83,1807.94,1800.13,1801.97,410172.08
1745694000,1801.97,1814.85,1800.3,1812.39,556353.83
1745697600,1812.38,1818.0,1804.51,1805.04,692021.67
1745701200,1804.97,1814.98,1804.9,1811.1,441175.41
1745704800,1811.15,1831.05,1811.15,1815.32,1042940.55
1745708400,1815.31,1822.2,1813.15,1819.99,539004.3
1745712000,1819.98,1849.32,1819.17,1841.12,2537402.63
1745715600,1841.13,1856.88,1800.23,1803.79,4640683.76
1745719200,1803.79,1817.44,1800.0,1812.21,1287693.15
1745722800,1812.2,1816.68,1804.17,1809.01,774366.31
1745726400,1809.01,1810.97,1795.58,1797.31,1002649.1
1745730000,1797.3,1807.0,1789.01,1798.0,1465975.54
1745733600,1798.0,1803.38,1796.6,1800.0,698556.23
1745737200,1800.0,1804.53,1796.24,1802.93,531728.69
1745740800,1802.93,1815.0,1800.67,1809.29,1183423.81
1745744400,1809.29,1812.36,1804.56,1809.8,615063.72
1745748000,1809.79,1812.44,1805.33,1808.66,531508.69
1745751600,1808.66,1809.5,1802.58,1805.38,738638.04
1745755200,1805.38,1806.93,1793.33,1795.08,1587298.95
1745758800,1795.07,1799.92,1780.0,1796.9,2310026.03
1745762400,1796.91,1807.81,1792.0,1795.56,1312441.82
1745766000,1795.57,1796.88,1788.38,1793.1,895045.67
1745769600,1793.1,1797.54,1786.3,1794.75,900001.47
1745773200,1794.75,1801.35,1792.1,1797.41,583985.01
1745776800,1797.41,1807.49,1796.3,1802.6,842343.05
1745780400,1802.6,1807.44,1799.67,1806.92,409660.65
1745784000,1806.93,1807.35,1797.55,1801.52,589012.15
1745787600,1801.53,1806.49,1795.08,1802.07,365975.12
1745791200,1802.07,1802.34,1783.41,1793.82,1143351.01
1745794800,1793.83,1795.72,1787.44,1790.5,530847.23
1745798400,1790.5,1793.14,1766.3,1772.85,3350769.1
1745802000,1772.85,1777.8,1750.48,1763.18,3712222.76
1745805600,1763.19,1773.45,1761.11,1772.27,1326741.33
1745809200,1772.28,1786.67,1768.76,1783.29,1260433.25
1745812800,1783.29,1793.08,1783.12,1786.71,1211690.66
1745816400,1786.71,1802.25,1784.91,1795.0,1739569.85
1745820000,1794.99,1805.5,1794.81,1803.91,1242954.06
1745823600,1803.92,1811.37,1799.41,1803.79,1344109.06
1745827200,1803.79,1809.93,1800.27,1808.44,804884.66
1745830800,1808.44,1814.9,1803.36,1804.86,1131443.27
1745834400,1804.87,1823.77,1786.85,1814.5,3994207.5
1745838000,1814.5,1828.0,1809.5,1815.53,1885316.18
1745841600,1815.54,1816.44,1803.86,1805.96,1533169.55
1745845200,1805.97,1809.68,1780.5,1783.28,3010333.88
1745848800,1783.28,1798.35,1778.58,1781.21,2468956.47
1745852400,1781.21,1784.67,1752.2,1762.45,3739363.34
1745856000,1762.45,1768.0,1742.47,1757.32,3359772.86
1745859600,1757.32,1773.75,1753.69,1769.73,1495645.87
1745863200,1769.74,1781.28,1762.8,1777.23,1523064.84
1745866800,1777.23,1804.17,1776.67,1796.25,2682279.93
1745870400,1796.22,1798.3,1782.5,1785.2,937281.41
1745874000,1785.21,1793.8,1780.11,1792.7,561260.14
1745877600,1792.69,1805.0,1790.72,1800.9,1080904.34
1745881200,1800.91,1805.75,1794.2,1799.0,865771.78
1745884800,1798.99,1805.14,1792.07,1801.01,927845.32
1745888400,1801.0,1811.59,1791.43,1795.68,1693345.91
1745892000,1795.68,1801.29,1786.68,1793.83,1114156.21
1745895600,1793.84,1804.4,1791.2,1800.99,806118.42
1745899200,1800.99,1804.0,1787.47,1791.59,1107821.85
1745902800,1791.6,1795.78,1787.2,1793.94,679224.72
1745906400,1793.95,1821.71,1793.1,1820.12,2685686.59
1745910000,1820.11,1824.21,1815.29,1820.52,1506251.43
1745913600,1820.52,1836.98,1815.5,1831.35,2699259.67
1745917200,1831.34,1834.5,1823.33,1830.86,1403745.97
1745920800,1830.86,1842.56,1822.1,1824.95,2544908.75
1745924400,1824.94,1837.74,1824.18,1829.05,1226545.29
1745928000,1829.05,1832.66,1820.37,1821.11,1279670.25
1745931600,1821.12,1824.35,1800.31,1813.81,4055577.51
1745935200,1813.82,1825.92,1808.42,1822.41,2554087.92
1745938800,1822.42,1824.89,1810.5,1814.18,1387447.34
1745942400,1814.18,1831.95,1812.31,1815.3,2058317.7
1745946000,1815.29,1828.87,1806.01,1824.29,1778693.2
1745949600,1824.3,1827.85,1819.72,1824.49,733914.71
1745953200,1824.49,1827.89,1817.8,1820.89,694422.8
1745956800,1820.9,1825.38,1805.31,1807.36,1160860.22
1745960400,1807.36,1810.67,1788.58,1799.5,2190849.16
1745964000,1799.5,1799.5,1789.27,1791.62,882869.68
1745967600,1791.61,1799.2,1779.4,1796.68,1874857.66
1745971200,1796.67,1812.64,1793.94,1804.7,1641852.47
1745974800,1804.63,1805.86,1788.0,1797.0,1115620.51
1745978400,1797.0,1805.55,1792.73,1802.11,827377.05
1745982000,1802.11,1811.98,1797.7,1808.0,788491.18
1745985600,1808.0,1811.97,1804.36,1810.97,741432.91
1745989200,1810.97,1811.4,1800.59,1805.33,903001.85
1745992800,1805.33,1807.93,1801.89,1802.43,485950.7
1745996400,1802.41,1807.21,1790.0,1795.79,1215208.15
1746000000,1795.79,1801.68,1792.0,1794.22,1240125.77
1746003600,1794.22,1807.5,1793.95,1805.51,949715.19
1746007200,1805.51,1809.97,1802.56,1806.45,769258.62
1746010800,1806.46,1816.6,1806.45,1814.72,1040582.81
1746014400,1814.71,1815.39,1766.01,1774.54,5811963.7
1746018000,1774.54,1775.37,1733.2,1740.21,6637160.96
1746021600,1740.2,1772.59,1730.25,1758.21,5827587.84
1746025200,1758.21,1770.69,1756.47,1763.7,1740360.27
1746028800,1763.71,1770.55,1755.23,1766.95,1361043.46
1746032400,1766.95,1778.95,1760.51,1774.69,1446906.57
1746036000,1774.7,1788.9,1772.02,1781.79,1877630.83
1746039600,1781.78,1792.4,1774.58,1786.14,1256742.94
1746043200,1786.14,1808.88,1783.94,1792.78,2295845.52
1746046800,1792.78,1799.98,1789.59,1791.4,759831.11
1746050400,1791.4,1798.92,1788.01,1794.49,663226.94
1746054000,1794.49,1798.81,1791.11,1792.57,618085.35
1746057600,1792.56,1798.36,1791.61,1796.76,571974.42
1746061200,1796.76,1809.89,1796.76,1808.99,1326705.51
1746064800,1808.99,1818.09,1805.15,1806.75,1573897.54
1746068400,1806.76,1813.41,1803.5,1806.94,833472.06
1746072000,1806.94,1809.99,1803.15,1808.39,610463.45
1746075600,1808.39,1816.3,1805.0,1812.69,836462.04
1746079200,1812.68,1814.41,1804.17,1805.65,702226.9
1746082800,1805.65,1813.85,1801.35,1809.59,661803.61
1746086400,1809.6,1820.0,1807.55,1816.48,1236340.12
1746090000,1816.49,1823.51,1813.67,1816.45,1601463.33
1746093600,1816.45,1850.0,1816.45,1847.09,4368484.23
1746097200,1847.09,1858.6,1837.13,1844.7,2829693.19
1746100800,1844.69,1855.03,1840.34,1848.19,1747367.47
1746104400,1848.2,1851.05,1823.78,1825.79,3980126.96
1746108000,1825.8,1849.31,1825.8,1847.73,2649456.29
1746111600,1847.72,1873.55,1843.85,1852.17,4721736.31
1746115200,1852.17,1869.99,1851.08,1858.75,1773782.93
1746118800,1858.75,1864.16,1845.6,1855.19,1410621.42
1746122400,1855.19,1857.78,1846.53,1855.1,1051947.74
1746126000,1855.1,1855.45,1836.25,1842.2,1085860.11
1746129600,1842.19,1850.6,1836.34,1838.9,1088635.05
1746133200,1838.89,1848.87,1838.64,1843.1,459771.8
1746136800,1843.1,1845.45,1836.68,1837.98,440541.89
1746140400,1837.98,1840.46,1832.01,1837.31,653676.37
1746144000,1837.31,1849.99,1834.5,1846.98,1188232.78
1746147600,1846.97,1851.2,1838.19,1841.94,859305.54
1746151200,1841.95,1848.88,1838.2,1845.92,583086.29
1746154800,1845.92,1849.98,1842.99,1846.7,495302.24
1746158400,1846.71,1850.6,1838.43,1840.75,795192.92
1746162000,1840.75,1843.5,1827.88,1831.2,1131008.13
1746165600,1831.2,1836.65,1827.07,1831.52,1171262.32
1746169200,1831.51,1831.51,1815.01,1815.46,2249485.45
1746172800,1815.45,1826.12,1811.35,1822.9,1424545.84
1746176400,1822.9,1826.52,1818.69,1819.49,802626.84
1746180000,1819.49,1834.37,1819.48,1828.33,1486520.7
1746183600,1828.32,1834.75,1828.32,1832.29,748053.39
1746187200,1832.29,1844.85,1821.78,1839.97,2369853.34
1746190800,1839.97,1841.4,1828.15,1832.88,1260558.46
1746194400,1832.89,1850.98,1832.81,1847.93,2215101.82
1746198000,1847.92,1853.81,1831.32,1840.15,1751022.71
1746201600,1840.15,1870.45,1839.87,1851.67,4204074.54
1746205200,1851.68,1852.8,1840.24,1851.54,1812983.92
1746208800,1851.54,1854.79,1844.33,1848.23,814106.33
1746212400,1848.23,1849.61,1830.01,1838.7,1382766.56
1746216000,1838.7,1847.0,1834.09,1845.64,716748.11
1746219600,1845.65,1845.78,1831.78,1836.71,513025.73
1746223200,1836.71,1839.15,1831.78,1834.47,508101.89
1746226800,1834.47,1841.74,1833.57,1841.26,437148.96
1746230400,1841.26,1842.0,1835.01,1837.79,517858.79
1746234000,1837.75,1839.59,1825.19,1828.29,1191875.35
1746237600,1828.29,1834.95,1827.9,1833.18,601151.83
1746241200,1833.19,1836.9,1830.2,1833.84,432678.0
1746244800,1833.84,1838.71,1832.7,1837.5,531816.47
1746248400,1837.5,1837.77,1832.22,1832.38,349712.12
1746252000,1832.37,1832.57,1823.13,1826.48,1283112.03
1746255600,1826.47,1829.0,1824.0,1825.68,604141.26
1746259200,1825.68,1829.78,1821.01,1824.54,732154.85
1746262800,1824.55,1827.65,1818.01,1826.24,1007949.54
1746266400,1826.21,1829.49,1816.05,1818.24,1192649.5
1746270000,1818.23,1825.59,1817.69,1823.25,662796.97
1746273600,1823.26,1831.8,1822.94,1828.34,841248.45
1746277200,1828.34,1835.86,1828.0,1833.98,876304.23
1746280800,1833.98,1836.25,1830.31,1834.06,483328.66
1746284400,1834.06,1839.27,1831.81,1833.48,621480.94
1746288000,1833.48,1834.36,1822.38,1826.2,1106721.37
1746291600,1826.21,1826.48,1807.57,1822.76,2583579.07
1746295200,1822.76,1830.15,1821.57,1825.03,670329.71
1746298800,1825.02,1838.3,1823.61,1837.48,702658.6
1746302400,1837.48,1838.86,1833.75,1838.02,484225.41
1746306000,1838.02,1847.95,1835.42,1840.12,1011721.3
1746309600,1840.13,1844.86,1834.56,1841.8,548028.54
1746313200,1841.8,1842.29,1827.12,1832.59,1109763.32
1746316800,1832.58,1841.38,1828.84,1835.57,1001196.06
1746320400,1835.56,1840.38,1828.32,1836.49,880492.18
1746324000,1836.48,1849.24,1829.35,1833.34,1483152.64
1746327600,1833.34,1835.73,1825.5,1831.28,767381.0
1746331200,1831.28,1836.39,1828.75,1829.85,441851.89
1746334800,1829.84,1849.2,1829.23,1844.77,1552950.05
1746338400,1844.78,1848.37,1838.55,1844.65,743723.3
1746342000,1844.64,1845.91,1835.6,1840.0,638617.42
1746345600,1840.0,1840.78,1828.54,1830.24,1099639.58
1746349200,1830.25,1831.78,1822.4,1827.09,1227843.63
1746352800,1827.09,1828.67,1820.69,1826.48,714707.91
1746356400,1826.47,1835.48,1824.56,1826.65,942536.09
1746360000,1826.64,1833.13,1826.03,1829.18,366931.32
1746363600,1829.18,1832.15,1817.01,1824.4,1101257.08
1746367200,1824.4,1831.8,1823.4,1830.2,592603.38
1746370800,1830.21,1832.8,1824.69,1829.78,762185.38
1746374400,1829.77,1832.31,1821.72,1826.89,846300.04
1746378000,1826.89,1830.5,1821.06,1826.88,770931.31
1746381600,1826.89,1829.89,1824.48,1825.0,306331.62
1746385200,1825.0,1830.14,1823.72,1827.35,304672.79
1746388800,1827.35,1841.99,1827.3,1835.43,896182.68
1746392400,1835.42,1836.49,1830.92,1834.53,317975.33
1746396000,1834.52,1834.52,1810.67,1816.86,1746342.26
1746399600,1816.86,1818.24,1801.92,1807.86,1645204.92
1746403200,1807.85,1817.86,1805.42,1815.01,932513.24
1746406800,1815.0,1816.35,1780.01,1790.83,3069942.33
1746410400,1790.82,1801.67,1781.0,1798.36,2364920.46
1746414000,1798.36,1799.9,1792.23,1793.71,700080.29
1746417600,1793.7,1804.76,1791.89,1803.96,790153.49
1746421200,1803.95,1817.81,1800.2,1815.52,1190071.96
1746424800,1815.53,1821.33,1810.78,1819.11,1407307.47
1746428400,1819.1,1829.17,1815.62,1825.57,1387608.38
1746432000,1825.58,1831.25,1822.5,1827.47,1038127.75
1746435600,1827.47,1829.8,1821.33,1822.59,695551.9
1746439200,1822.59,1823.06,1797.0,1804.0,2587515.98
1746442800,1804.0,1810.2,1798.2,1803.9,1542197.09
1746446400,1803.9,1808.67,1799.01,1804.77,976698.83
1746450000,1804.76,1808.5,1793.24,1807.89,2306326.11
1746453600,1807.89,1814.99,1798.33,1803.61,1944853.12
1746457200,1803.6,1807.34,1794.4,1800.37,1271924.0
1746460800,1800.37,1811.33,1799.72,1807.19,1192896.33
1746464400,1807.19,1816.79,1804.25,1813.58,910596.16
1746468000,1813.58,1828.0,1811.17,1821.79,1225480.28
1746471600,1821.79,1825.63,1812.34,1815.61,915945.45
1746475200,1815.62,1815.85,1798.12,1808.07,1128749.7
1746478800,1808.06,1819.18,1807.4,1815.81,715345.89
1746482400,1815.8,1832.98,1815.39,1825.38,1257929.04
1746486000,1825.38,1829.29,1815.8,1819.43,826940.88
1746489600,1819.44,1819.91,1810.1,1813.51,766249.93
1746493200,1813.51,1820.15,1802.31,1803.65,1429566.71
1746496800,1803.65,1806.5,1791.43,1802.8,1956644.89
1746500400,1802.79,1806.4,1796.76,1805.53,911005.81
1746504000,1805.53,1807.9,1802.69,1806.08,604428.83
1746507600,1806.07,1807.0,1797.2,1798.33,729637.48
1746511200,1798.32,1805.65,1797.83,1805.52,476768.95
1746514800,1805.51,1808.51,1800.55,1805.04,571670.03
1746518400,1805.03,1805.4,1787.01,1800.85,1795410.52
1746522000,1800.85,1801.08,1791.36,1797.39,611651.4
1746525600,1797.38,1797.41,1781.66,1784.59,1446282.38
1746529200,1784.58,1789.93,1756.41,1769.47,4307501.13
1746532800,1769.46,1776.22,1766.2,1774.5,1640123.19
1746536400,1774.5,1775.0,1750.17,1758.19,3353228.93
1746540000,1758.18,1778.74,1758.18,1767.77,2377904.95
1746543600,1767.71,1778.0,1759.45,1769.38,1639144.61
1746547200,1769.37,1774.45,1761.3,1762.14,1481940.4
1746550800,1762.15,1775.72,1762.1,1767.37,1225996.49
1746554400,1767.37,1790.65,1766.0,1789.27,1258202.14
1746558000,1789.27,1798.4,1783.15,1783.88,1593472.98
1746561600,1783.87,1788.15,1767.26,1774.43,1248195.39
1746565200,1774.42,1780.38,1764.03,1775.0,798823.01
1746568800,1775.0,1812.64,1774.64,1810.32,3256369.81
1746572400,1810.32,1818.53,1800.94,1816.0,2040972.6
1746576000,1816.0,1846.6,1813.45,1841.49,3803635.64
1746579600,1841.48,1849.78,1827.05,1832.0,2297714.22
1746583200,1832.01,1834.49,1821.1,1824.29,2011795.25
1746586800,1824.29,1827.92,1816.5,1825.75,1460294.83
1746590400,1825.76,1832.96,1823.81,1827.92,871698.91
1746594000,1827.92,1829.99,1825.0,1827.65,473975.01
1746597600,1827.65,1833.5,1825.5,1829.84,753594.61
1746601200,1829.84,1837.88,1829.27,1837.25,846516.21
1746604800,1837.25,1843.78,1833.43,1839.77,1326517.46
1746608400,1839.76,1844.99,1836.16,1843.01,891977.78
1746612000,1843.01,1846.37,1829.5,1832.81,1755367.4
1746615600,1832.81,1836.45,1830.16,1835.76,716207.11
1746619200,1835.75,1836.48,1826.03,1829.86,1057226.94
1746622800,1829.87,1834.65,1821.84,1828.16,2045296.8
1746626400,1828.17,1832.79,1815.66,1821.59,1792310.67
1746630000,1821.59,1824.68,1813.04,1816.73,1444550.16
1746633600,1816.73,1817.33,1799.13,1811.15,2488246.94
1746637200,1811.16,1812.52,1787.19,1795.42,2258821.09
1746640800,1795.41,1816.43,1787.47,1805.72,3991822.38
1746644400,1805.73,1807.5,1786.15,1795.19,1955566.94
1746648000,1795.19,1800.37,1788.1,1797.5,816388.96
1746651600,1797.5,1808.54,1795.38,1801.7,852954.02
1746655200,1801.69,1821.16,1799.7,1816.01,1720190.15
1746658800,1816.01,1824.71,1807.15,1810.05,1055034.84
1746662400,1810.05,1827.64,1807.38,1825.9,1071004.7
1746666000,1825.9,1836.5,1819.0,1822.07,2377085.9
1746669600,1822.07,1846.89,1822.07,1840.56,2707261.19
1746673200,1840.56,1907.0,1837.74,1900.14,7145635.44
1746676800,1900.15,1916.69,1892.0,1893.15,4751767.85
1746680400,1893.15,1904.0,1891.41,1896.02,1606451.9
1746684000,1896.01,1911.33,1895.13,1910.37,1458351.29
1746687600,1910.38,1944.3,1907.09,1927.78,3782559.97
1746691200,1927.77,1947.0,1925.05,1934.01,2541610.14
1746694800,1934.01,1942.4,1928.65,1940.1,1755216.6
1746698400,1940.11,1967.99,1938.05,1960.01,3697769.87
1746702000,1960.01,1960.6,1944.15,1956.66,2329471.04
1746705600,1956.66,1976.96,1952.79,1958.89,3939378.27
1746709200,1958.88,1984.0,1958.7,1974.99,4061924.98
1746712800,1974.99,2009.97,1967.9,1988.39,6421008.47
1746716400,1988.4,2076.52,1986.32,2050.61,14287879.52
1746720000,2050.61,2065.5,2035.52,2049.79,4429239.26
1746723600,2049.79,2056.91,2035.12,2045.31,2061371.4
1746727200,2045.32,2073.53,2043.14,2066.68,2577368.33
1746730800,2066.68,2141.36,2060.3,2117.32,6514964.57
1746734400,2117.32,2199.66,2110.46,2184.73,7171281.59
1746738000,2184.62,2226.78,2156.53,2179.49,6885111.45
1746741600,2179.48,2196.26,2166.02,2179.01,2431174.02
1746745200,2179.01,2207.99,2165.32,2206.56,2358165.39
1746748800,2206.56,2215.29,2183.76,2200.11,2589840.81
1746752400,2200.11,2243.93,2188.45,2206.2,4330762.17
1746756000,2206.31,2216.94,2193.06,2215.7,2012509.28
1746759600,2215.7,2244.99,2196.04,2204.4,4565965.08
1746763200,2204.4,2222.48,2201.64,2213.22,1777857.46
1746766800,2213.22,2219.0,2204.44,2214.18,1266223.71
1746770400,2214.19,2258.94,2213.5,2255.71,4895689.15
1746774000,2255.71,2394.4,2255.0,2363.19,13612767.26
1746777600,2363.19,2491.84,2361.0,2410.82,19014403.01
1746781200,2411.04,2423.75,2291.0,2340.89,13029542.05
1746784800,2340.9,2358.84,2328.17,2347.97,3582496.35
1746788400,2348.0,2375.65,2312.0,2350.31,5315837.35
1746792000,2350.31,2352.22,2324.38,2339.32,2140426.37
1746795600,2339.33,2387.83,2328.0,2369.11,4116981.96
1746799200,2369.1,2369.1,2268.45,2305.37,8961397.75
1746802800,2305.37,2321.1,2280.79,2300.64,3933791.95
1746806400,2300.65,2315.74,2273.49,2297.57,3314227.97
1746810000,2297.53,2355.59,2294.25,2349.54,3466811.5
1746813600,2349.53,2352.22,2327.18,2339.23,1642594.63
1746817200,2339.23,2343.69,2304.62,2330.99,1588586.9
1746820800,2331.0,2351.46,2325.34,2339.14,1473540.29
1746824400,2339.15,2342.7,2321.24,2336.88,729088.82
1746828000,2336.88,2344.99,2327.78,2333.5,498586.97
1746831600,2333.51,2347.0,2332.0,2344.13,474359.63
1746835200,2344.13,2379.99,2314.4,2325.64,3322776.49
1746838800,2325.64,2354.0,2325.0,2334.41,1260123.13
1746842400,2334.41,2348.51,2332.0,2341.14,804111.73
1746846000,2341.14,2342.02,2330.51,2339.05,730514.75
1746849600,2339.05,2339.2,2325.8,2336.29,730693.18
1746853200,2336.3,2354.72,2336.3,2352.4,1100687.11
1746856800,2352.42,2377.35,2349.36,2366.31,3372773.4
1746860400,2366.31,2417.02,2354.0,2398.98,3635819.72
1746864000,2398.98,2435.0,2356.06,2381.32,6442233.59
1746867600,2381.33,2425.0,2363.13,2400.29,4324229.44
1746871200,2400.3,2428.96,2383.55,2395.61,3454315.8
1746874800,2395.61,2403.5,2374.2,2383.59,2528923.31
1746878400,2383.6,2421.0,2383.6,2407.3,2473881.65
1746882000,2407.3,2448.81,2407.3,2436.7,2980533.4
1746885600,2436.69,2443.92,2405.86,2435.1,3087399.67
1746889200,2435.1,2445.1,2421.3,2432.2,2193819.57
1746892800,2432.2,2474.11,2427.4,2460.0,3704283.75
1746896400,2460.0,2512.0,2446.46,2459.84,7365450.01
1746900000,2459.74,2505.88,2456.12,2494.0,3331118.38
1746903600,2494.0,2507.0,2475.02,2498.09,1613904.1
1746907200,2498.09,2503.56,2467.42,2489.67,1583119.64
1746910800,2489.68,2544.99,2489.41,2532.26,2757138.04
1746914400,2532.26,2586.0,2518.96,2575.99,4416024.37
1746918000,2575.89,2599.99,2562.05,2581.6,5219189.93
1746921600,2581.59,2610.0,2502.0,2542.8,6993292.0
1746925200,2542.8,2556.6,2510.9,2531.6,2740814.66
1746928800,2531.6,2564.94,2521.8,2541.81,3090034.83
1746932400,2541.81,2553.79,2529.0,2536.42,1422701.48
1746936000,2536.4,2550.0,2529.12,2543.79,1553625.74
1746939600,2543.79,2561.61,2535.46,2553.0,1298004.18
1746943200,2553.0,2554.53,2503.0,2520.06,3163796.83
1746946800,2520.11,2520.12,2452.0,2472.62,6941375.79
1746950400,2472.61,2504.19,2471.35,2480.14,2941250.42
1746954000,2480.14,2520.8,2480.13,2514.05,2338042.52
1746957600,2514.05,2519.9,2494.01,2509.64,1614713.03
1746961200,2509.64,2534.86,2505.07,2529.0,1826948.43
1746964800,2528.99,2530.6,2508.0,2513.89,1432821.16
1746968400,2513.9,2529.0,2465.0,2468.68,3954646.27
1746972000,2468.68,2493.39,2467.72,2485.01,1827710.64
1746975600,2485.01,2504.48,2431.0,2461.11,3529796.0
1746979200,2461.11,2479.82,2438.63,2470.02,3086189.05
1746982800,2470.02,2494.92,2465.43,2490.55,1769196.42
1746986400,2490.56,2513.99,2470.73,2503.09,2499805.92
1746990000,2503.1,2523.93,2500.0,2506.51,1611132.88
1746993600,2506.52,2511.91,2491.7,2508.66,1079501.78
1746997200,2508.65,2519.27,2496.26,2515.91,949145.79
1747000800,2515.91,2527.52,2481.88,2501.99,1681994.33
1747004400,2502.0,2514.82,2496.67,2513.37,825072.25
1747008000,2513.37,2544.6,2509.21,2529.69,2122063.93
1747011600,2529.69,2547.96,2489.0,2503.99,2739505.71
1747015200,2503.99,2534.96,2500.68,2521.9,1653906.73
1747018800,2521.9,2526.48,2508.33,2518.86,859005.27
1747022400,2518.86,2526.8,2506.62,2517.28,1212128.62
1747026000,2517.29,2520.5,2490.16,2496.48,1598988.64
1747029600,2496.48,2520.79,2485.0,2516.27,1719116.25
1747033200,2516.27,2622.0,2516.26,2553.51,13494079.02
1747036800,2553.51,2584.72,2530.16,2575.85,3802908.71
1747040400,2575.96,2580.91,2546.3,2549.61,2024417.68
1747044000,2549.62,2562.5,2538.26,2559.12,1807258.5
1747047600,2559.13,2566.14,2520.16,2528.87,2504284.66
1747051200,2528.87,2559.14,2527.53,2548.11,2062125.5
1747054800,2548.12,2576.0,2542.25,2556.95,4554218.11
1747058400,2556.96,2568.88,2486.52,2505.21,7877595.7
1747062000,2505.2,2514.9,2472.0,2486.53,4458720.2
1747065600,2486.52,2507.92,2470.0,2500.01,2563544.31
1747069200,2500.0,2511.92,2463.61,2475.7,2128262.09
1747072800,2475.7,2484.66,2406.26,2434.61,6841579.18
1747076400,2434.62,2466.84,2428.13,2459.1,2696559.48
1747080000,2459.09,2494.94,2451.11,2484.11,1766765.73
1747083600,2484.12,2491.16,2465.37,2478.7,1019160.32
1747087200,2478.7,2496.56,2472.67,2484.6,971602.14
1747090800,2484.61,2499.49,2484.15,2494.04,796026.23
1747094400,2494.04,2494.5,2457.21,2462.01,1778206.01
1747098000,2462.0,2475.14,2437.19,2451.6,1924336.91
1747101600,2451.59,2459.41,2412.64,2438.26,2985516.04
1747105200,2438.27,2443.94,2416.74,2423.86,1637713.4
1747108800,2423.86,2457.69,2418.88,2454.56,1770261.01
1747112400,2454.6,2462.26,2437.74,2448.79,1437274.94
1747116000,2448.8,2459.64,2446.02,2452.0,988800.37
1747119600,2452.0,2479.0,2451.16,2459.64,1587071.56
1747123200,2459.68,2470.78,2450.14,2456.06,1280639.94
1747126800,2456.06,2486.48,2455.54,2483.29,2098711.08
1747130400,2483.29,2486.33,2470.26,2481.0,1332947.71
1747134000,2480.98,2525.21,2477.04,2512.49,3799828.96
1747137600,2512.49,2542.56,2490.15,2523.8,5553556.28
1747141200,2523.81,2561.7,2517.72,2548.19,4223382.64
1747144800,2548.2,2555.88,2525.4,2543.58,3235086.86
1747148400,2543.59,2573.75,2538.45,2564.64,3339619.74
1747152000,2564.56,2600.73,2558.6,2596.72,4653924.99
1747155600,2596.72,2621.99,2589.0,2609.14,4215630.84
1747159200,2609.14,2672.0,2604.57,2668.81,4949654.82
1747162800,2668.81,2738.56,2652.55,2690.02,7963895.64
1747166400,2690.01,2696.85,2651.42,2688.61,4033148.87
1747170000,2688.6,2692.31,2668.47,2690.37,1293825.59
1747173600,2690.37,2707.48,2675.24,2679.11,1777883.1
1747177200,2679.12,2686.58,2655.28,2679.05,1788946.75
1747180800,2679.05,2700.8,2672.1,2695.31,1753349.47
1747184400,2695.3,2724.93,2665.0,2671.29,3818384.93
1747188000,2671.29,2671.9,2621.0,2637.73,5277363.13
1747191600,2637.73,2647.17,2623.05,2646.26,1478231.54
1747195200,2646.26,2673.33,2635.47,2673.32,1647075.45
1747198800,2673.33,2686.65,2661.61,2671.85,1681159.92
1747202400,2671.85,2676.7,2658.01,2672.64,1069639.87
1747206000,2672.64,2673.15,2638.37,2639.51,2265357.04
1747209600,2639.51,2645.0,2582.03,2596.23,4333463.31
1747213200,2596.24,2609.5,2576.0,2607.0,3084096.01
1747216800,2607.0,2616.33,2587.0,2594.92,2136973.34
1747220400,2594.92,2635.5,2594.72,2624.01,2734766.32
1747224000,2624.01,2634.57,2603.24,2611.79,2045138.56
1747227600,2611.79,2626.65,2576.02,2605.29,3834513.4
1747231200,2605.2,2605.5,2557.4,2582.44,4437926.13
1747234800,2582.44,2599.96,2558.0,2595.95,2712544.83
1747238400,2595.95,2598.59,2576.7,2588.71,1917171.54
1747242000,2588.72,2591.29,2546.29,2589.21,2959132.39
1747245600,2589.21,2613.96,2578.33,2612.33,2227279.24
1747249200,2612.33,2616.42,2596.62,2603.44,1206926.03
1747252800,2603.45,2609.76,2595.51,2599.1,638976.22
1747256400,2599.1,2609.36,2581.99,2605.3,893713.82
1747260000,2605.29,2606.8,2585.61,2594.87,528481.96
1747263600,2594.87,2613.1,2582.69,2608.88,842880.41
1747267200,2608.88,2646.43,2605.69,2631.2,2136648.6
1747270800,2631.2,2636.0,2565.16,2576.32,3237102.32
1747274400,2576.32,2597.12,2569.2,2590.1,1784146.63
1747278000,2590.09,2593.98,2569.0,2573.71,1249277.54
1747281600,2573.72,2594.4,2570.49,2592.01,1127489.8
1747285200,2592.0,2595.44,2562.14,2566.97,1851179.89
1747288800,2566.97,2582.92,2553.21,2572.76,2205876.08
1747292400,2572.76,2576.31,2515.0,2529.7,4448941.2
1747296000,2529.7,2565.6,2527.64,2562.97,2421368.71
1747299600,2562.96,2565.0,2520.41,2538.32,3106505.01
1747303200,2538.32,2545.27,2516.0,2542.29,2349279.07
1747306800,2542.28,2564.6,2541.56,2553.64,1840748.7
1747310400,2553.63,2579.13,2540.51,2551.77,3224224.17
1747314000,2551.77,2567.55,2502.88,2530.0,4303561.98
1747317600,2530.0,2540.45,2477.0,2499.2,6111464.7
1747321200,2499.2,2568.0,2497.22,2562.66,4684236.46
1747324800,2562.66,2598.6,2553.44,2597.88,4088993.84
1747328400,2597.88,2602.79,2564.01,2570.29,3018699.96
1747332000,2570.3,2577.5,2519.43,2523.92,4141566.44
1747335600,2523.92,2547.2,2510.0,2529.6,2491420.4
1747339200,2529.62,2543.66,2513.85,2535.81,1910471.08
1747342800,2535.8,2540.64,2511.0,2533.99,1076881.44
1747346400,2533.98,2564.14,2530.84,2540.54,1359097.12
1747350000,2540.54,2549.54,2515.0,2547.79,1801939.23
1747353600,2547.79,2564.26,2537.82,2543.45,1614983.34
1747357200,2543.44,2568.0,2532.83,2565.79,1731138.33
1747360800,2565.8,2582.49,2552.16,2572.79,2317964.4
1747364400,2572.8,2584.0,2567.23,2579.97,993386.33
1747368000,2579.97,2588.78,2562.5,2573.09,1247970.97
1747371600,2573.1,2595.61,2573.09,2592.89,1426105.41
1747375200,2592.9,2599.47,2585.62,2596.22,979042.14
1747378800,2596.22,2618.58,2582.45,2600.16,2578536.31
1747382400,2600.17,2604.0,2557.14,2572.45,3549263.98
1747386000,2572.45,2615.87,2570.61,2609.8,3189936.18
1747389600,2609.79,2628.0,2604.23,2623.83,2229289.19
1747393200,2623.83,2648.0,2615.2,2619.5,2977360.29
1747396800,2619.5,2621.99,2591.08,2597.26,2408413.02
1747400400,2597.26,2615.48,2592.18,2605.47,2013029.24
1747404000,2605.49,2606.0,2572.57,2583.54,3245848.85
1747407600,2583.54,2603.0,2583.47,2593.92,1597515.44
1747411200,2593.92,2601.32,2568.21,2585.63,1882910.17
1747414800,2585.64,2594.5,2571.11,2577.32,1103301.1
1747418400,2577.32,2591.58,2574.65,2585.2,743193.07
1747422000,2585.19,2592.55,2576.05,2590.82,650729.5
1747425600,2590.95,2591.88,2561.0,2570.02,1352677.04
1747429200,2570.05,2583.1,2547.24,2566.53,1211980.91
1747432800,2566.52,2569.49,2528.11,2544.9,1904913.33
1747436400,2544.91,2556.64,2529.42,2536.09,1448314.59
1747440000,2536.09,2537.24,2481.52,2500.16,4797111.48
1747443600,2500.16,2500.16,2456.1,2474.82,3754922.88
1747447200,2474.82,2501.44,2451.0,2489.5,3521009.23
1747450800,2489.51,2496.88,2473.6,2495.89,1534606.87
1747454400,2495.9,2512.1,2490.29,2505.01,1478550.91
1747458000,2505.0,2508.74,2474.01,2479.38,1485425.31
1747461600,2479.38,2495.73,2479.07,2492.03,1036051.17
1747465200,2492.03,2505.44,2480.16,2491.9,1243216.89
1747468800,2491.9,2495.63,2475.54,2480.33,1259605.77
1747472400,2480.33,2485.5,2464.55,2477.51,1749129.32
1747476000,2477.5,2490.8,2473.72,2484.84,892551.83
1747479600,2484.83,2488.31,2473.42,2480.87,783265.57
1747483200,2480.87,2486.0,2468.8,2471.38,885470.07
1747486800,2471.38,2479.73,2445.01,2460.6,2865561.57
1747490400,2460.6,2485.0,2460.03,2481.23,1759929.22
1747494000,2481.22,2483.5,2472.0,2473.71,1025040.01
1747497600,2473.71,2480.0,2447.32,2467.0,1927324.06
1747501200,2466.99,2479.61,2462.62,2469.15,1140352.38
1747504800,2469.15,2488.57,2462.02,2466.0,1570941.57
1747508400,2466.01,2479.49,2460.78,2469.07,599807.29
1747512000,2469.06,2495.45,2463.72,2488.24,931723.32
1747515600,2488.23,2493.4,2478.24,2485.01,515222.84
1747519200,2485.0,2485.43,2452.01,2459.51,1137398.19
1747522800,2459.5,2477.8,2456.58,2474.6,601236.34
1747526400,2474.61,2485.29,2471.08,2481.97,700518.26
1747530000,2481.98,2486.79,2472.12,2484.43,643278.99
1747533600,2484.44,2487.01,2475.02,2480.23,487886.11
1747537200,2480.23,2485.92,2467.12,2476.43,922734.22
1747540800,2476.43,2488.2,2476.43,2484.89,530871.26
1747544400,2484.9,2514.29,2484.39,2511.0,1906748.13
1747548000,2511.01,2512.49,2491.46,2496.21,1099485.8
1747551600,2496.2,2510.42,2493.65,2508.44,877897.34
1747555200,2508.44,2528.04,2508.44,2516.13,1885909.23
1747558800,2516.14,2522.34,2502.6,2507.12,1109125.55
1747562400,2507.13,2512.67,2495.69,2504.41,954363.47
1747566000,2504.42,2512.76,2499.62,2500.43,674721.25
1747569600,2500.43,2507.69,2485.0,2507.27,1541738.64
1747573200,2507.26,2545.0,2503.08,2541.16,2293796.55
1747576800,2541.17,2568.91,2528.0,2557.24,4590923.67
1747580400,2557.25,2587.0,2547.01,2578.49,3054074.89
1747584000,2578.5,2583.4,2553.01,2572.97,2913833.53
1747587600,2572.96,2574.95,2480.53,2488.11,6832965.6
1747591200,2488.11,2495.33,2448.48,2462.02,6107927.72
1747594800,2462.01,2470.64,2401.42,2407.2,4973123.1
1747598400,2407.2,2407.21,2312.0,2392.57,8796233.26
1747602000,2392.56,2433.0,2392.0,2405.71,2588960.05
1747605600,2405.71,2455.6,2373.33,2454.01,4209629.14
1747609200,2454.01,2510.3,2435.0,2496.69,3126594.91
1747612800,2496.7,2512.47,2425.0,2442.11,4805359.21
1747616400,2442.11,2449.84,2413.18,2427.76,2296525.5
1747620000,2427.77,2434.67,2391.0,2400.5,3155739.9
1747623600,2400.51,2404.0,2378.01,2384.22,2438968.41
1747627200,2384.22,2404.0,2350.43,2364.74,3878823.93
1747630800,2364.73,2386.09,2356.17,2377.9,2439041.34
1747634400,2377.89,2397.37,2345.0,2352.97,2980317.8
1747638000,2352.97,2411.96,2350.71,2402.38,3670089.96
1747641600,2402.38,2421.87,2388.21,2403.88,2520495.63
1747645200,2403.9,2414.65,2388.26,2404.1,1660976.97
1747648800,2404.1,2418.65,2392.0,2408.72,1697565.37
1747652400,2408.73,2421.94,2406.0,2416.32,965188.5
1747656000,2416.32,2420.26,2380.06,2400.12,2773940.23
1747659600,2400.14,2441.54,2393.57,2426.16,3856153.72
1747663200,2426.2,2453.43,2416.56,2445.96,3341726.13
1747666800,2445.96,2472.85,2442.0,2465.44,2541005.74
1747670400,2465.49,2509.33,2449.2,2508.71,3812018.02
1747674000,2508.7,2546.76,2500.75,2503.81,5596681.19
1747677600,2503.89,2518.52,2465.56,2488.95,3561788.9
1747681200,2488.95,2524.55,2478.45,2517.81,2627725.65
1747684800,2517.8,2533.89,2505.47,2519.49,1853800.53
1747688400,2519.49,2523.83,2500.5,2521.4,1223403.55
1747692000,2521.4,2521.4,2491.66,2503.41,1152770.26
1747695600,2503.42,2532.82,2500.06,2526.99,1256409.09
1747699200,2527.0,2563.44,2510.0,2513.96,3397124.8
1747702800,2513.95,2549.24,2509.17,2539.46,1612069.99
1747706400,2539.47,2586.88,2538.62,2565.45,4015458.46
1747710000,2565.45,2580.0,2543.0,2552.33,2465088.41
1747713600,2552.33,2577.64,2543.47,2570.2,1594159.83
1747717200,2570.2,2575.41,2555.01,2558.06,1322060.24
1747720800,2558.05,2560.51,2533.25,2542.89,2000073.1
1747724400,2542.89,2546.0,2519.98,2531.4,2242742.61
1747728000,2531.39,2539.14,2520.8,2533.16,1468682.71
1747731600,2533.16,2538.6,2523.14,2525.2,925037.62
1747735200,2525.2,2533.36,2506.4,2514.97,1888844.21
1747738800,2514.98,2519.06,2490.13,2513.09,2273131.76
1747742400,2513.09,2514.31,2476.32,2483.51,2623081.8
1747746000,2483.51,2491.29,2463.32,2474.4,3164729.3
1747749600,2474.41,2489.41,2464.51,2468.05,2690668.92
1747753200,2468.05,2492.37,2467.0,2481.54,1806483.34
1747756800,2481.55,2489.17,2467.68,2473.84,1497021.28
1747760400,2473.84,2508.0,2473.3,2496.51,2272613.14
1747764000,2496.5,2503.43,2440.02,2451.77,3543383.57
1747767600,2451.78,2511.72,2446.59,2500.29,2542924.25
1747771200,2500.31,2522.76,2484.01,2512.59,2424275.48
1747774800,2512.59,2525.55,2489.3,2509.43,1663753.14
1747778400,2509.43,2516.92,2487.33,2515.59,1338075.61
1747782000,2515.59,2540.72,2512.8,2522.99,1874969.41
1747785600,2522.99,2536.77,2517.76,2528.86,1435240.02
1747789200,2528.85,2547.75,2525.0,2533.0,1645517.57
1747792800,2533.01,2539.68,2506.72,2538.43,1926105.28
1747796400,2538.43,2553.91,2534.0,2544.01,1541610.07
1747800000,2544.01,2561.0,2533.5,2549.76,1806709.46
1747803600,2549.76,2599.56,2549.47,2592.38,4215360.71
1747807200,2592.38,2615.0,2581.13,2596.73,3071371.88
1747810800,2596.73,2600.0,2542.04,2551.0,4739930.06
1747814400,2550.96,2562.0,2534.11,2537.28,1849790.26
1747818000,2537.28,2544.27,2517.07,2523.41,2680788.54
1747821600,2523.41,2531.88,2514.56,2528.33,1396805.18
1747825200,2528.33,2555.9,2527.59,2536.47,2280823.77
1747828800,2536.46,2549.65,2525.29,2538.39,1326203.29
1747832400,2538.39,2558.56,2521.42,2546.0,2633934.75
1747836000,2545.99,2580.49,2530.25,2579.7,4000724.96
1747839600,2579.7,2582.0,2540.61,2565.88,4290306.09
1747843200,2565.89,2614.54,2553.76,2585.54,4006185.87
1747846800,2585.55,2594.94,2450.0,2471.78,14803912.11
1747850400,2471.78,2496.1,2457.14,2473.56,4075702.43
1747854000,2473.55,2517.0,2462.2,2511.19,2755367.54
1747857600,2511.18,2511.65,2484.74,2507.77,1380450.47
1747861200,2507.77,2519.45,2496.09,2503.32,723308.29
1747864800,2503.31,2541.0,2498.8,2534.52,1312593.02
1747868400,2534.51,2597.63,2523.32,2549.9,4410637.21
1747872000,2549.91,2586.91,2543.32,2585.03,2456423.17
1747875600,2585.04,2602.56,2559.29,2573.66,2922875.36
1747879200,2573.66,2601.96,2573.2,2593.3,1582819.12
1747882800,2593.31,2647.3,2584.0,2628.29,4747983.04
1747886400,2628.3,2637.5,2613.0,2627.4,2064254.61
1747890000,2627.4,2646.49,2605.06,2608.68,2473840.09
1747893600,2608.68,2622.92,2601.05,2608.85,2193818.59
1747897200,2608.93,2638.53,2603.8,2634.57,2116258.67
1747900800,2634.57,2681.0,2626.45,2662.4,4165704.45
1747904400,2662.4,2691.9,2658.7,2664.27,3594507.41
1747908000,2664.27,2679.0,2650.87,2655.94,2009561.8
1747911600,2655.93,2663.85,2633.0,2650.3,2232625.31
1747915200,2650.29,2662.48,2638.02,2657.02,1686963.91
1747918800,2657.02,2660.4,2620.0,2643.1,3288273.96
1747922400,2643.1,2676.16,2643.1,2665.64,3284826.26
1747926000,2665.64,2679.53,2658.0,2663.77,1986247.25
1747929600,2663.78,2675.7,2634.7,2645.48,2672333.5
1747933200,2645.47,2673.88,2642.1,2658.48,1653139.21
1747936800,2658.48,2670.0,2646.68,2657.98,917462.38
1747940400,2657.99,2661.0,2624.38,2634.38,1545122.74
1747944000,2634.38,2648.91,2628.79,2640.04,1140802.77
1747947600,2640.04,2642.29,2627.0,2635.27,497627.92
1747951200,2635.28,2651.41,2631.7,2634.8,749670.82
1747954800,2634.82,2664.8,2634.82,2663.84,988834.68
1747958400,2663.83,2678.77,2643.37,2662.23,1852723.79
1747962000,2662.23,2693.88,2650.0,2674.79,2313951.72
1747965600,2674.79,2734.0,2671.2,2704.65,5540523.45
1747969200,2704.66,2729.98,2699.1,2720.89,2026906.32
1747972800,2720.88,2725.0,2676.17,2696.3,2893231.75
1747976400,2696.29,2706.0,2678.14,2695.66,1931813.31
1747980000,2695.66,2696.5,2650.0,2656.12,4041870.21
1747983600,2656.12,2672.0,2650.34,2655.0,1894251.66
1747987200,2655.0,2675.9,2653.0,2668.38,1447284.28
1747990800,2668.39,2688.0,2664.08,2682.02,1636558.48
1747994400,2682.01,2682.57,2656.22,2671.0,2263336.95
1747998000,2670.99,2671.54,2547.0,2566.0,9567483.48
1748001600,2566.0,2569.31,2496.5,2547.92,9780216.51
1748005200,2547.92,2583.92,2536.33,2580.9,4226175.83
1748008800,2580.9,2591.33,2570.69,2572.99,2196007.06
1748012400,2573.0,2581.54,2563.88,2567.18,1646442.35
1748016000,2567.18,2574.8,2543.66,2566.21,2778904.68
1748019600,2566.22,2586.35,2565.0,2575.61,1423819.98
1748023200,2575.61,2580.57,2552.0,2558.54,1581151.21
1748026800,2558.54,2574.58,2555.07,2559.42,816624.74
1748030400,2559.42,2561.88,2525.13,2542.32,1510319.6
1748034000,2542.32,2552.49,2525.77,2533.33,1038789.61
1748037600,2533.34,2558.28,2528.88,2537.24,1315260.71
1748041200,2537.24,2541.37,2502.0,2525.62,2517904.24
1748044800,2525.62,2543.75,2514.07,2515.1,1559196.0
1748048400,2515.1,2535.0,2514.32,2523.5,995241.6
1748052000,2523.5,2544.29,2517.42,2539.77,843851.19
1748055600,2539.75,2555.54,2536.91,2549.1,936308.07
1748059200,2549.1,2562.69,2544.78,2558.18,762480.18
1748062800,2558.19,2559.66,2542.0,2550.1,899528.3
1748066400,2550.09,2554.88,2533.93,2546.54,987179.4
1748070000,2546.53,2559.74,2543.32,2545.99,1113855.86
1748073600,2545.99,2557.51,2544.01,2555.91,804823.07
1748077200,2555.91,2559.44,2550.01,2551.72,586276.92
1748080800,2551.72,2574.99,2551.15,2568.75,1653179.96
1748084400,2568.75,2574.5,2561.0,2562.33,935812.31
1748088000,2562.33,2564.61,2548.0,2558.17,1187719.71
1748091600,2558.17,2561.6,2542.5,2545.31,1071559.05
1748095200,2545.31,2560.5,2542.24,2557.33,880906.41
1748098800,2557.33,2563.84,2548.42,2554.43,769305.39
1748102400,2554.43,2561.28,2540.94,2556.44,822858.75
1748106000,2556.43,2563.58,2554.02,2556.55,591065.38
1748109600,2556.56,2566.49,2543.46,2548.34,790087.13
1748113200,2548.34,2554.78,2545.13,2553.63,414449.25
1748116800,2553.62,2555.94,2548.94,2551.2,288838.21
1748120400,2551.2,2551.8,2517.91,2539.31,1336303.91
1748124000,2539.31,2539.46,2520.12,2524.41,687900.27
1748127600,2524.4,2533.97,2516.0,2529.06,1028764.53
1748131200,2529.06,2538.32,2474.27,2485.61,3423773.13
1748134800,2485.62,2503.28,2478.32,2494.93,1939217.03
1748138400,2494.94,2510.0,2485.02,2507.05,1505461.45
1748142000,2507.05,2519.84,2505.8,2512.11,1013935.73
1748145600,2512.1,2517.99,2504.62,2516.6,700254.85
1748149200,2516.6,2517.99,2506.01,2511.89,454503.46
1748152800,2511.89,2512.35,2500.26,2506.89,790992.97
1748156400,2506.88,2506.89,2486.0,2493.86,1477130.2
1748160000,2493.86,2494.0,2459.08,2477.24,2657545.09
1748163600,2477.25,2494.96,2471.4,2494.55,1968177.11
1748167200,2494.56,2501.36,2487.23,2491.48,1039564.72
1748170800,2491.48,2499.0,2487.53,2496.72,824898.59
1748174400,2496.73,2517.64,2494.1,2515.68,1903887.04
1748178000,2515.68,2524.78,2510.06,2512.34,1214177.5
1748181600,2512.34,2517.0,2496.7,2504.99,1493778.35
1748185200,2505.0,2514.85,2478.0,2510.26,3278333.63
1748188800,2510.27,2512.63,2495.0,2510.75,1432147.31
1748192400,2510.74,2516.0,2508.0,2512.71,589982.49
1748196000,2512.71,2522.76,2510.13,2515.05,660636.76
1748199600,2515.05,2534.99,2513.77,2525.58,754265.29
1748203200,2525.58,2527.95,2509.14,2522.94,583036.34
1748206800,2522.94,2531.33,2505.12,2514.25,592269.99
1748210400,2514.25,2553.97,2511.54,2548.0,2549666.07
1748214000,2548.01,2552.99,2534.0,2549.99,1086137.39
1748217600,2549.99,2573.79,2533.1,2570.51,2025414.78
1748221200,2570.51,2575.89,2553.8,2557.58,1613817.0
1748224800,2557.57,2563.0,2546.18,2552.04,1019815.83
1748228400,2552.04,2565.55,2547.52,2558.99,743734.89
1748232000,2559.0,2568.81,2556.3,2563.07,761309.23
1748235600,2563.06,2574.0,2560.0,2566.81,862816.33
1748239200,2566.8,2584.92,2563.55,2581.42,1227274.95
1748242800,2581.42,2598.53,2576.0,2579.86,2417478.83
1748246400,2579.86,2581.9,2564.0,2567.33,1287336.23
1748250000,2567.33,2573.75,2551.64,2562.33,1615542.51
1748253600,2562.33,2568.58,2552.66,2558.57,925203.16
1748257200,2558.57,2567.58,2554.6,2566.85,672059.32
1748260800,2566.85,2573.71,2559.57,2567.15,774882.66
1748264400,2567.15,2570.53,2536.0,2550.0,1998989.63
1748268000,2550.0,2555.47,2541.0,2549.83,1330913.07
1748271600,2549.83,2570.22,2544.27,2564.8,1609077.23
1748275200,2564.81,2572.65,2534.08,2541.59,2376327.26
1748278800,2541.59,2547.99,2523.34,2532.89,1126743.11
1748282400,2532.89,2545.31,2526.78,2533.85,684527.6
1748286000,2533.88,2543.11,2531.16,2539.75,445301.39
1748289600,2539.75,2568.0,2535.03,2565.14,1318807.78
1748293200,2565.14,2567.32,2554.37,2561.41,677740.0
1748296800,2561.42,2584.54,2555.6,2558.51,1001152.2
1748300400,2558.52,2564.0,2551.71,2562.87,594504.9
1748304000,2562.87,2572.75,2547.33,2550.14,972143.13
1748307600,2550.17,2550.17,2508.06,2528.94,3113023.29
1748311200,2528.94,2543.78,2527.07,2534.49,1138729.8
1748314800,2534.49,2564.78,2534.48,2547.91,1563405.06
1748318400,2547.91,2567.72,2547.61,2557.87,1141249.44
1748322000,2557.87,2572.0,2548.98,2568.23,1099479.58
1748325600,2568.23,2609.99,2563.32,2568.94,5656840.22
1748329200,2568.96,2618.0,2568.6,2606.52,3037642.13
1748332800,2606.54,2642.42,2606.29,2633.99,4592799.77
1748336400,2633.99,2648.43,2620.8,2637.04,2337671.44
1748340000,2637.05,2641.09,2629.55,2637.39,898239.11
1748343600,2637.39,2654.05,2625.51,2650.78,1721004.58
1748347200,2650.78,2652.78,2633.01,2647.0,1673514.5
1748350800,2647.01,2685.0,2642.63,2654.06,5543541.2
1748354400,2654.05,2671.49,2632.2,2659.89,3850614.91
1748358000,2659.9,2669.52,2652.0,2667.27,1579633.8
1748361600,2667.27,2683.12,2657.16,2669.22,2167067.77
1748365200,2669.23,2711.64,2668.9,2694.72,3926797.36
1748368800,2694.73,2707.55,2674.51,2679.26,1672425.14
1748372400,2679.27,2687.81,2670.38,2686.66,1098511.76
1748376000,2686.66,2693.33,2662.36,2667.3,1290310.47
1748379600,2667.31,2676.5,2655.38,2662.0,1044306.99
1748383200,2661.99,2668.6,2651.76,2659.0,1055842.12
1748386800,2659.0,2663.92,2651.06,2660.0,713258.5
1748390400,2660.01,2660.9,2638.99,2657.44,1408038.93
1748394000,2657.44,2658.58,2630.01,2633.69,1321200.43
1748397600,2633.7,2641.51,2616.79,2637.25,2078808.6
1748401200,2637.24,2650.0,2632.0,2644.07,1115826.65
1748404800,2644.07,2651.39,2632.18,2644.86,1002682.54
1748408400,2644.85,2645.63,2633.38,2638.13,687801.5
1748412000,2638.13,2638.25,2622.22,2626.61,1118003.26
1748415600,2626.61,2642.04,2623.44,2635.0,756566.77
1748419200,2634.99,2644.4,2626.86,2641.55,757797.91
1748422800,2641.54,2642.49,2620.56,2625.95,1184067.06
1748426400,2625.95,2641.99,2606.53,2639.33,2218018.06
1748430000,2639.33,2659.11,2639.0,2655.99,1614210.87
1748433600,2656.0,2681.23,2651.49,2665.67,2399236.14
1748437200,2665.71,2687.96,2652.0,2656.02,3123014.91
1748440800,2656.03,2659.2,2619.49,2627.11,4447319.32
1748444400,2627.1,2639.25,2612.05,2626.24,2306028.75
1748448000,2626.25,2642.84,2625.66,2639.67,1081560.49
1748451600,2639.67,2663.47,2639.67,2651.74,1972834.73
1748455200,2651.74,2657.35,2631.6,2635.46,1067864.77
1748458800,2635.46,2654.75,2615.24,2616.52,1681099.35
1748462400,2616.51,2634.64,2609.01,2633.54,1490229.86
1748466000,2633.54,2659.79,2629.76,2650.65,864472.01
1748469600,2650.65,2651.95,2636.49,2647.65,749014.17
1748473200,2647.65,2685.35,2647.44,2679.98,2242955.81
1748476800,2679.99,2720.83,2668.0,2720.69,3045681.87
1748480400,2720.68,2721.96,2696.81,2710.43,2482978.27
1748484000,2710.43,2788.87,2704.63,2769.39,5262628.76
1748487600,2769.39,2772.7,2746.0,2761.51,2290513.46
1748491200,2761.52,2765.85,2701.0,2726.94,4679904.39
1748494800,2726.94,2736.81,2715.78,2721.95,1610544.01
1748498400,2721.92,2731.0,2715.5,2726.77,893892.04
1748502000,2726.77,2736.0,2715.3,2730.28,1093463.33
1748505600,2730.28,2731.47,2710.41,2721.99,2053616.7
1748509200,2721.99,2738.88,2715.12,2735.0,1207605.85
1748512800,2734.99,2744.81,2723.1,2729.41,1331092.69
1748516400,2729.41,2730.8,2706.0,2715.01,1581856.7
1748520000,2715.01,2718.0,2672.85,2692.22,3592140.99
1748523600,2692.22,2698.67,2652.7,2659.29,4649362.47
1748527200,2659.29,2675.0,2620.63,2671.09,6317120.62
1748530800,2671.1,2673.99,2637.01,2642.48,2328406.31
1748534400,2642.55,2659.3,2628.34,2639.01,2159392.76
1748538000,2639.02,2668.71,2637.17,2658.18,1948050.64
1748541600,2658.19,2672.09,2643.0,2648.66,1608826.05
1748545200,2648.66,2656.19,2627.0,2648.83,1632563.56
1748548800,2648.83,2661.68,2638.73,2642.65,1037971.16
1748552400,2642.65,2661.37,2642.14,2659.23,538656.72
1748556000,2659.24,2667.69,2643.38,2643.76,1007233.35
1748559600,2643.75,2647.94,2615.32,2630.42,1911413.76
1748563200,2630.43,2644.33,2555.73,2572.72,5991411.23
1748566800,2572.72,2608.0,2567.29,2597.02,3312065.85
1748570400,2597.01,2633.0,2596.49,2628.6,2086331.55
1748574000,2628.6,2641.66,2624.5,2629.87,1326288.69
1748577600,2629.87,2637.0,2620.21,2633.73,1134897.93
1748581200,2633.74,2649.38,2628.86,2642.81,1337709.62
1748584800,2642.8,2643.99,2605.71,2619.6,2246261.05
1748588400,2619.61,2642.43,2612.96,2617.74,2467809.22
1748592000,2617.74,2626.0,2606.8,2616.35,1793463.37
1748595600,2616.36,2622.86,2587.0,2614.29,2829952.41
1748599200,2614.29,2622.98,2601.67,2621.06,1344896.42
1748602800,2621.05,2627.3,2613.87,2621.02,1054789.31
1748606400,2621.02,2625.29,2576.68,2609.14,3925185.82
1748610000,2609.14,2617.36,2571.01,2575.92,3356024.19
1748613600,2575.93,2603.16,2575.57,2594.08,2549132.48
1748617200,2594.08,2615.0,2593.46,2597.01,1586218.86
1748620800,2597.01,2603.2,2530.99,2539.76,6631833.15
1748624400,2539.77,2558.97,2538.5,2548.19,1658638.2
1748628000,2548.19,2578.12,2546.32,2576.81,1944822.69
1748631600,2576.8,2585.0,2571.45,2573.33,1096731.76
1748635200,2573.3,2589.0,2564.12,2576.67,873668.52
1748638800,2576.68,2585.3,2560.65,2568.02,722366.29
1748642400,2568.02,2572.0,2522.0,2525.63,2596987.77
1748646000,2525.63,2535.45,2506.11,2529.79,3283826.22
1748649600,2529.79,2538.98,2501.01,2519.05,2378150.09
1748653200,2519.05,2527.0,2473.63,2491.85,3965531.76
1748656800,2491.84,2515.79,2484.0,2489.48,2249457.84
1748660400,2489.48,2516.38,2484.17,2512.61,1470049.01
1748664000,2512.62,2524.96,2503.0,2521.16,1290548.01
1748667600,2521.16,2525.0,2509.2,2511.01,890482.26
1748671200,2511.01,2525.0,2510.64,2520.1,677752.79
1748674800,2520.09,2524.9,2513.45,2519.71,610343.41
1748678400,2519.71,2529.13,2515.0,2523.15,925349.46
1748682000,2523.15,2528.22,2516.0,2522.26,591373.18
1748685600,2522.27,2537.63,2505.81,2519.12,1793567.95
1748689200,2519.11,2521.0,2508.5,2518.49,630626.58
1748692800,2518.5,2537.08,2514.97,2536.11,1226123.08
1748696400,2536.12,2546.75,2524.73,2531.56,1637487.36
1748700000,2531.56,2543.0,2529.78,2540.98,1113163.56
1748703600,2540.97,2549.43,2531.2,2535.29,1490257.11
1748707200,2535.28,2546.75,2531.75,2539.49,788053.34
1748710800,2539.49,2540.0,2522.1,2526.3,881299.04
1748714400,2526.3,2541.81,2524.65,2538.41,463126.02
1748718000,2538.41,2542.0,2535.09,2536.42,246384.99
1748721600,2536.42,2541.0,2530.01,2540.94,344146.4
1748725200,2540.93,2549.99,2538.09,2542.29,663754.93
1748728800,2542.33,2544.0,2529.27,2529.65,442617.59
1748732400,2529.65,2547.0,2523.12,2527.07,990213.23
1748736000,2527.07,2527.8,2514.0,2524.98,1312975.67
1748739600,2524.98,2529.43,2489.24,2506.41,1818510.9
1748743200,2506.41,2512.84,2492.6,2505.99,1212147.82
1748746800,2506.0,2517.99,2490.0,2512.03,1212835.0
1748750400,2512.02,2526.0,2510.02,2520.82,812029.36
1748754000,2520.82,2526.0,2514.35,2517.23,576373.35
1748757600,2517.24,2518.26,2507.28,2511.22,618387.51
1748761200,2511.21,2514.68,2504.07,2507.83,559125.87
1748764800,2507.83,2509.85,2497.5,2504.73,944372.69
1748768400,2504.73,2509.8,2476.03,2491.29,2381185.07
1748772000,2491.29,2495.84,2485.72,2492.64,925585.22
1748775600,2492.64,2501.65,2490.05,2496.11,735865.31
1748779200,2496.1,2500.34,2466.0,2483.35,2120614.82
1748782800,2483.36,2497.5,2479.63,2492.87,1237276.62
1748786400,2492.88,2518.47,2492.87,2508.11,1827855.37
1748790000,2508.12,2524.11,2502.73,2521.95,1132094.37
1748793600,2521.95,2546.67,2519.53,2537.41,2422677.05
1748797200,2537.41,2545.69,2531.6,2537.81,744784.24
1748800800,2537.81,2537.81,2490.01,2519.34,2826545.65
1748804400,2519.35,2526.55,2510.1,2525.15,967183.43
1748808000,2525.15,2536.33,2518.0,2524.38,721975.73
1748811600,2524.39,2539.77,2523.08,2538.05,553116.75
1748815200,2538.03,2546.96,2531.32,2534.21,831971.68
1748818800,2534.21,2544.2,2532.3,2538.13,854203.43
1748822400,2538.12,2539.63,2525.2,2533.48,949650.85
1748826000,2533.47,2540.92,2523.36,2525.38,998504.87
1748829600,2525.37,2526.75,2506.26,2507.74,1251300.29
1748833200,2507.73,2509.43,2483.85,2495.1,2309292.76
1748836800,2495.1,2500.92,2486.01,2491.43,882570.46
1748840400,2491.43,2496.15,2482.0,2491.68,952500.96
1748844000,2491.69,2498.87,2483.61,2493.54,1211228.23
1748847600,2493.54,2513.0,2493.32,2505.5,1491717.24
1748851200,2505.49,2514.88,2488.16,2493.36,1517366.73
1748854800,2493.36,2493.84,2473.64,2480.72,2192100.92
1748858400,2480.72,2488.8,2475.32,2481.01,1309071.07
1748862000,2481.0,2487.84,2474.34,2480.19,855099.74
1748865600,2480.18,2497.33,2477.0,2496.9,1322137.63
1748869200,2496.9,2519.0,2486.41,2503.63,2835657.73
1748872800,2503.63,2539.82,2494.47,2530.06,3820563.95
1748876400,2530.05,2556.32,2521.92,2542.94,2732339.21
1748880000,2542.94,2552.81,2528.01,2545.12,1629983.47
1748883600,2545.12,2551.99,2537.48,2548.61,1250361.1
1748887200,2548.6,2564.99,2536.67,2543.41,1769099.44
1748890800,2543.41,2548.0,2523.33,2531.15,1389289.81
1748894400,2531.15,2546.71,2530.63,2538.68,939778.86
1748898000,2538.68,2560.0,2538.51,2559.0,769697.09
1748901600,2558.99,2584.86,2558.48,2583.39,1870315.47
1748905200,2583.39,2614.76,2581.33,2606.63,2891092.85
1748908800,2606.63,2625.62,2600.6,2620.98,1846788.56
1748912400,2620.97,2648.77,2615.71,2644.55,2405581.85
1748916000,2644.55,2646.79,2611.31,2615.01,2339927.69
1748919600,2615.01,2618.85,2588.21,2602.6,2578879.47
1748923200,2602.59,2604.29,2589.18,2591.29,858795.9
1748926800,2591.28,2616.8,2591.16,2613.77,1193830.38
1748930400,2613.77,2617.64,2603.45,2617.3,806138.26
1748934000,2617.31,2619.8,2606.37,2608.86,825190.43
1748937600,2608.87,2610.32,2593.34,2605.81,1647440.55
1748941200,2605.81,2617.99,2599.9,2612.76,963735.87
1748944800,2612.77,2618.9,2608.5,2610.0,688155.05
1748948400,2610.0,2615.48,2599.4,2600.34,740166.36
1748952000,2600.34,2612.46,2596.5,2608.19,1092838.31
1748955600,2608.2,2631.7,2605.07,2625.05,2927515.62
1748959200,2625.05,2655.0,2612.3,2646.86,3464303.88
1748962800,2646.85,2650.21,2615.02,2622.51,2653012.29
1748966400,2622.52,2624.21,2602.01,2604.47,1740949.73
1748970000,2604.47,2626.7,2602.24,2617.96,1357448.88
1748973600,2617.96,2619.58,2606.0,2617.34,865000.26
1748977200,2617.35,2627.56,2613.44,2624.0,873135.77
1748980800,2623.99,2624.17,2592.23,2613.89,1352822.03
1748984400,2613.9,2615.75,2575.01,2587.97,1746162.12
1748988000,2588.0,2609.0,2584.35,2603.2,862009.47
1748991600,2603.2,2603.59,2585.14,2592.2,748036.35
1748995200,2592.2,2602.25,2582.4,2597.99,879636.02
1748998800,2597.98,2621.47,2597.53,2611.26,1383327.22
1749002400,2611.28,2619.6,2608.96,2611.1,656293.18
1749006000,2611.11,2639.99,2608.46,2626.45,1966499.04
1749009600,2626.45,2637.0,2621.59,2635.99,905100.5
1749013200,2636.0,2643.9,2617.24,2623.45,1639282.3
1749016800,2623.46,2633.67,2620.36,2628.49,683191.14
1749020400,2628.49,2633.0,2621.18,2626.6,575847.02
1749024000,2626.62,2645.11,2626.62,2639.38,1336061.85
1749027600,2639.39,2647.01,2630.0,2642.31,1175046.37
1749031200,2642.32,2648.8,2633.65,2637.23,1036094.91
1749034800,2637.22,2643.75,2623.0,2623.69,1334143.94
1749038400,2623.69,2637.5,2613.67,2615.73,2177768.18
1749042000,2615.73,2627.5,2605.63,2613.75,1909231.43
1749045600,2613.74,2640.2,2593.0,2638.64,3811303.69
1749049200,2638.64,2678.78,2632.0,2666.8,5309613.34
1749052800,2666.81,2668.17,2648.14,2658.74,2173262.81
1749056400,2658.73,2659.0,2630.45,2634.28,1717757.76
1749060000,2634.28,2641.36,2624.39,2627.95,900948.89
1749063600,2627.95,2632.76,2621.25,2622.51,972293.14
1749067200,2622.51,2624.19,2598.2,2604.72,1820307.7
1749070800,2604.72,2623.39,2598.37,2617.92,996165.85
1749074400,2617.92,2620.29,2602.63,2604.47,755478.63
1749078000,2604.48,2615.0,2598.18,2606.77,932971.88
1749081600,2606.76,2613.5,2600.56,2610.8,819210.79
1749085200,2610.8,2615.0,2603.21,2607.7,779099.42
1749088800,2607.7,2627.43,2607.69,2618.83,1482347.98
1749092400,2618.82,2631.49,2615.7,2623.67,787622.95
1749096000,2623.67,2633.04,2619.97,2629.19,704548.03
1749099600,2629.2,2630.0,2607.01,2612.1,1493216.86
1749103200,2612.11,2617.35,2601.37,2603.58,1417792.73
1749106800,2603.58,2614.31,2600.01,2603.37,1194712.33
1749110400,2603.36,2609.68,2596.0,2604.67,993025.5
1749114000,2604.67,2609.76,2601.37,2608.98,767565.49
1749117600,2608.98,2613.05,2578.15,2595.85,2537247.63
1749121200,2595.84,2609.13,2592.48,2606.81,1313882.03
1749124800,2606.8,2640.0,2604.4,2630.7,3206735.61
1749128400,2630.7,2634.99,2578.02,2588.67,5087688.73
1749132000,2588.67,2615.0,2561.0,2586.56,6917012.2
1749135600,2586.53,2601.4,2580.63,2588.31,1814412.74
1749139200,2588.31,2590.81,2551.09,2558.15,4046747.94
1749142800,2558.24,2576.81,2557.21,2568.95,1708211.39
1749146400,2568.94,2582.95,2552.4,2574.83,1876680.91
1749150000,2574.83,2577.03,2503.28,2527.97,6187145.87
1749153600,2527.97,2534.4,2392.08,2397.61,11903088.48
1749157200,2397.61,2449.99,2390.02,2436.33,4079779.09
1749160800,2436.34,2436.34,2408.44,2428.97,2065051.12
1749164400,2428.96,2435.0,2410.2,2413.23,1630466.1
1749168000,2413.23,2427.47,2380.01,2425.09,3481862.38
1749171600,2425.08,2427.74,2415.17,2420.39,1059972.09
1749175200,2420.39,2435.0,2401.1,2433.99,2027216.64
1749178800,2434.0,2455.5,2426.83,2454.13,2062195.28
1749182400,2454.13,2462.34,2445.7,2457.49,2080739.93
1749186000,2457.5,2464.25,2445.0,2458.66,1632470.57
1749189600,2458.66,2467.77,2447.28,2456.68,1333392.32
1749193200,2456.68,2465.88,2449.44,2454.12,1220672.03
1749196800,2454.12,2465.0,2452.58,2459.98,1017896.82
1749200400,2459.98,2481.68,2458.26,2467.36,1969319.07
1749204000,2467.36,2486.42,2466.85,2480.22,1431702.28
1749207600,2480.22,2492.76,2470.89,2474.93,1773397.89
1749211200,2474.93,2500.0,2465.07,2474.39,3363367.1
1749214800,2474.4,2519.97,2474.4,2502.0,3629901.11
1749218400,2501.99,2523.68,2493.04,2517.57,2593564.51
1749222000,2517.57,2529.99,2494.54,2508.33,3021534.48
1749225600,2508.33,2517.72,2490.46,2496.38,1810169.18
1749229200,2496.38,2501.19,2482.15,2498.61,1627894.93
1749232800,2498.6,2503.02,2487.46,2493.99,730045.29
1749236400,2493.99,2501.45,2482.68,2483.13,905677.97
1749240000,2483.13,2506.68,2480.47,2498.65,919958.99
1749243600,2498.64,2498.98,2486.0,2490.8,547272.95
1749247200,2490.81,2492.52,2475.66,2481.5,858636.48
1749250800,2481.5,2482.0,2471.32,2475.35,768333.72
1749254400,2475.34,2481.76,2455.92,2479.84,1934468.4
1749258000,2479.83,2480.42,2465.03,2470.17,817280.62
1749261600,2470.17,2480.87,2467.0,2478.61,804935.46
1749265200,2478.6,2492.33,2476.26,2487.79,1162050.85
1749268800,2487.79,2489.0,2478.51,2488.6,685945.35
1749272400,2488.61,2495.5,2483.98,2492.56,626946.46
1749276000,2492.57,2500.86,2483.0,2500.15,1128449.56
1749279600,2500.15,2500.79,2486.06,2490.12,923312.99
1749283200,2490.12,2491.14,2480.47,2482.79,769829.79
1749286800,2482.79,2489.38,2481.82,2484.89,423064.94
1749290400,2484.88,2495.65,2483.44,2493.72,729257.49
1749294000,2493.72,2500.0,2491.13,2494.18,854304.12
1749297600,2494.17,2506.36,2492.0,2496.37,1021416.18
1749301200,2496.37,2513.98,2491.3,2505.72,1580534.75
1749304800,2505.73,2517.0,2503.28,2514.43,1208574.92
1749308400,2514.43,2522.71,2511.4,2518.15,1322979.9
1749312000,2518.15,2524.63,2506.15,2508.78,1397431.27
1749315600,2508.78,2512.54,2505.5,2506.72,635920.35
1749319200,2506.72,2522.53,2506.01,2515.74,739707.78
1749322800,2515.73,2522.61,2515.2,2515.9,434389.77
1749326400,2515.9,2524.84,2515.9,2520.71,400452.22
1749330000,2520.71,2522.22,2517.07,2521.29,303015.07
1749333600,2521.29,2544.92,2518.11,2534.21,1501429.8
1749337200,2534.21,2535.16,2520.0,2523.51,716146.64
1749340800,2523.51,2524.87,2513.33,2516.46,915674.52
1749344400,2516.47,2520.88,2510.04,2517.74,730623.78
1749348000,2517.75,2517.97,2510.5,2510.93,431063.17
1749351600,2510.93,2513.79,2506.47,2510.43,573796.93
1749355200,2510.44,2518.73,2507.0,2514.91,597367.4
1749358800,2514.91,2515.52,2507.5,2510.48,616610.84
1749362400,2510.48,2516.0,2510.0,2511.6,389455.73
1749366000,2511.61,2515.0,2510.1,2513.39,315319.36
1749369600,2513.39,2519.7,2513.19,2515.25,545929.95
1749373200,2515.24,2515.86,2488.0,2496.34,2136641.56
1749376800,2496.34,2503.35,2491.0,2501.9,1297943.8
1749380400,2501.91,2515.79,2501.56,2512.07,1282249.3
1749384000,2512.06,2513.61,2498.58,2506.51,1116330.65
1749387600,2506.5,2527.21,2504.38,2507.72,1463454.29
1749391200,2507.71,2515.31,2502.23,2513.08,878422.17
1749394800,2513.09,2520.64,2510.12,2513.3,693540.2
1749398400,2513.29,2528.77,2510.99,2526.29,1168507.25
1749402000,2526.28,2533.59,2521.0,2521.54,934122.86
1749405600,2521.55,2532.01,2517.08,2530.65,795871.52
1749409200,2530.65,2539.5,2527.71,2531.38,724219.57
1749412800,2531.38,2536.67,2528.03,2529.89,488107.22
1749416400,2529.9,2548.0,2529.89,2537.4,727274.82
1749420000,2537.4,2539.0,2499.3,2507.0,2381983.25
1749423600,2507.0,2512.68,2498.68,2508.51,863223.84
1749427200,2508.52,2511.05,2493.74,2504.4,1252305.8
1749430800,2504.4,2504.4,2490.4,2493.81,935433.07
1749434400,2493.81,2503.5,2488.7,2491.73,916071.53
1749438000,2491.73,2497.0,2481.01,2495.52,1569367.27
1749441600,2495.5,2495.99,2483.0,2484.38,763160.84
1749445200,2484.38,2490.87,2475.77,2479.75,1157473.07
1749448800,2479.76,2492.71,2476.29,2492.0,1024061.97
1749452400,2492.01,2492.01,2482.0,2490.5,829058.83
1749456000,2490.5,2495.8,2483.07,2493.93,941392.67
1749459600,2493.92,2521.0,2489.56,2507.92,2949328.25
1749463200,2507.91,2539.9,2507.8,2533.79,3623193.14
1749466800,2533.79,2546.47,2528.0,2540.75,2445523.33
1749470400,2540.74,2547.91,2533.15,2544.21,1239491.03
1749474000,2544.22,2545.15,2508.01,2515.9,3081640.03
1749477600,2515.9,2538.9,2512.8,2529.55,2530043.99
1749481200,2529.54,2541.87,2528.58,2532.91,1307833.3
1749484800,2532.91,2572.0,2532.79,2556.78,3889287.35
1749488400,2556.78,2575.99,2554.08,2570.11,1660332.98
1749492000,2570.11,2584.99,2566.57,2583.2,1356464.36
1749495600,2583.19,2588.89,2571.92,2579.56,1349572.86
1749499200,2579.56,2593.0,2574.6,2588.38,742344.86
1749502800,2588.37,2649.64,2588.37,2642.67,4622535.63
1749506400,2642.68,2668.54,2640.29,2664.91,2442393.77
1749510000,2664.91,2693.18,2656.53,2679.15,2619064.95
1749513600,2679.15,2727.0,2676.3,2697.86,4742489.14
1749517200,2697.86,2713.97,2695.41,2707.12,1594932.61
1749520800,2707.11,2708.29,2676.07,2691.16,2506084.49
1749524400,2691.17,2692.87,2673.6,2688.0,1742629.08
1749528000,2688.0,2691.0,2684.09,2687.98,651160.22
1749531600,2687.98,2700.26,2663.36,2669.79,2746685.31
1749535200,2669.79,2680.75,2652.82,2674.74,2256151.97
1749538800,2674.78,2684.47,2665.41,2676.16,1482996.19
1749542400,2676.24,2682.77,2668.41,2672.44,1166144.03
1749546000,2672.46,2692.97,2671.41,2691.26,1628570.59
1749549600,2691.25,2696.64,2679.33,2693.74,1352065.52
1749553200,2693.73,2798.59,2687.0,2772.92,10164749.23
1749556800,2772.91,2777.86,2744.37,2764.47,3542351.36
1749560400,2764.46,2778.83,2716.22,2742.51,5545625.9
1749564000,2742.51,2753.86,2726.15,2735.03,2869906.39
1749567600,2735.0,2752.71,2687.34,2731.53,4665541.93
1749571200,2731.54,2747.73,2727.0,2729.61,2383297.88
1749574800,2729.61,2752.0,2729.42,2739.8,1474827.64
1749578400,2739.8,2764.99,2730.33,2753.43,2044761.82
1749582000,2753.44,2807.0,2753.43,2773.08,4408264.54
1749585600,2772.99,2775.49,2753.0,2773.55,1456345.95
1749589200,2773.54,2779.7,2734.0,2771.99,2236640.85
1749592800,2771.99,2826.94,2771.51,2802.29,3514716.98
1749596400,2802.28,2816.08,2786.08,2815.21,1575619.97
1749600000,2815.22,2834.0,2791.01,2794.58,3118777.62
1749603600,2794.59,2798.61,2776.41,2783.75,1777792.41
1749607200,2783.76,2802.89,2770.79,2780.74,1582207.96
1749610800,2780.73,2796.7,2779.79,2789.99,981438.27
1749614400,2790.0,2804.06,2784.57,2796.05,967792.33
1749618000,2796.05,2801.36,2785.26,2792.45,859674.05
1749621600,2792.45,2796.9,2779.21,2791.03,1017641.1
1749625200,2791.04,2801.15,2786.58,2790.5,1038071.35
1749628800,2790.5,2792.34,2761.15,2768.39,2292122.69
1749632400,2768.39,2772.92,2752.4,2758.49,1769045.35
1749636000,2758.5,2772.5,2755.86,2770.58,1109375.8
1749639600,2770.58,2774.43,2760.59,2771.61,869686.09
1749643200,2771.62,2821.91,2762.6,2803.98,6483744.26
1749646800,2803.99,2817.45,2781.09,2794.88,4059506.51
1749650400,2794.89,2856.76,2790.0,2839.22,5717645.15
1749654000,2839.22,2878.59,2827.0,2863.56,4874017.37
1749657600,2863.55,2874.99,2843.66,2866.51,2904177.28
1749661200,2866.51,2871.91,2823.83,2828.7,3634802.08
1749664800,2828.7,2832.85,2800.37,2820.86,4195110.84
1749668400,2820.87,2825.44,2801.0,2812.07,2023200.82
1749672000,2812.05,2826.02,2787.0,2814.58,1851554.43
1749675600,2814.6,2830.61,2773.46,2781.21,1792121.41
1749679200,2781.22,2785.39,2742.09,2758.24,3389105.37
1749682800,2758.24,2777.56,2753.38,2770.61,1070940.85
1749686400,2770.6,2784.33,2757.35,2774.57,1729084.84
1749690000,2774.57,2777.6,2751.0,2774.9,1465786.17
1749693600,2774.89,2783.69,2755.72,2757.08,1484655.54
1749697200,2757.09,2775.92,2745.16,2763.78,2449744.88
1749700800,2763.79,2768.13,2749.0,2761.4,1498504.23
1749704400,2761.4,2769.64,2750.5,2763.81,1003009.81
1749708000,2763.81,2775.0,2753.72,2766.75,1194666.55
1749711600,2766.76,2772.43,2730.03,2739.29,2835103.54
1749715200,2739.3,2759.6,2730.94,2755.99,1980289.55
1749718800,2756.0,2761.0,2747.4,2751.4,847608.88
1749722400,2751.41,2752.32,2732.25,2749.17,2012392.43
1749726000,2749.17,2752.5,2718.87,2728.63,2680805.72
1749729600,2728.63,2744.66,2710.0,2735.51,3215860.04
1749733200,2735.5,2753.52,2730.46,2748.03,2243855.49
1749736800,2748.04,2768.88,2745.71,2763.0,2161727.15
1749740400,2763.0,2771.57,2712.0,2718.77,4131178.69
1749744000,2718.76,2744.47,2713.69,2741.88,2676083.6
1749747600,2741.87,2769.99,2739.46,2760.53,2179853.49
1749751200,2760.54,2762.75,2716.44,2733.79,2732643.51
1749754800,2733.79,2742.69,2690.0,2693.01,3169780.27
1749758400,2693.0,2702.0,2615.0,2637.77,6908223.65
1749762000,2637.76,2658.96,2629.12,2631.99,2759795.0
1749765600,2631.99,2647.72,2631.23,2638.64,1104592.94
1749769200,2638.6,2657.5,2637.5,2641.5,1363750.48
1749772800,2641.51,2644.67,2495.62,2528.4,14241887.01
1749776400,2528.4,2528.41,2453.38,2497.09,8686168.72
1749780000,2497.1,2497.95,2433.11,2475.0,6006210.0
1749783600,2475.0,2524.0,2472.92,2513.07,4165351.98
1749787200,2513.07,2517.49,2493.6,2506.87,2067823.34
1749790800,2506.87,2518.81,2501.63,2505.36,1309592.15
1749794400,2505.38,2532.77,2490.17,2531.57,2699862.56
1749798000,2531.57,2542.04,2514.71,2525.63,2758210.12
1749801600,2525.63,2539.97,2508.86,2516.42,2467060.38
1749805200,2516.41,2527.0,2505.0,2519.88,1860870.01
1749808800,2519.89,2532.69,2507.99,2531.18,1630118.8
1749812400,2531.17,2544.25,2520.69,2543.56,1773987.73
1749816000,2543.56,2561.92,2535.31,2540.73,3181364.72
1749819600,2540.74,2560.84,2533.0,2541.69,2196877.86
1749823200,2541.69,2553.65,2502.0,2537.24,5005865.9
1749826800,2537.23,2559.84,2529.49,2550.0,3239585.38
1749830400,2549.99,2584.12,2541.89,2560.71,3781928.07
1749834000,2560.71,2560.71,2520.48,2542.01,2977472.32
1749837600,2542.0,2544.91,2508.65,2528.51,2680479.94
1749841200,2528.51,2541.12,2519.53,2526.11,1246808.5
1749844800,2526.1,2552.0,2522.87,2545.32,1082728.92
1749848400,2545.3,2558.93,2541.01,2552.74,600166.14
1749852000,2552.74,2573.09,2552.74,2570.62,1063285.67
1749855600,2570.61,2582.0,2565.14,2577.64,1029028.36
1749859200,2577.64,2578.15,2556.48,2560.92,1422583.24
1749862800,2560.91,2564.9,2548.41,2556.4,1310933.65
1749866400,2556.41,2566.0,2551.09,2554.0,698309.22
1749870000,2553.99,2559.36,2545.8,2547.89,687398.33
1749873600,2547.9,2555.5,2547.33,2550.95,532691.54
1749877200,2550.95,2555.51,2545.21,2550.78,516523.92
1749880800,2550.78,2555.26,2540.7,2542.16,973633.35
1749884400,2542.16,2542.81,2524.62,2536.17,1421244.52
1749888000,2536.17,2536.87,2525.12,2534.78,1031335.6
1749891600,2534.78,2535.0,2520.8,2522.24,949187.19
1749895200,2522.24,2534.78,2516.54,2530.02,1132670.92
1749898800,2530.02,2538.55,2529.01,2537.04,820322.89
1749902400,2537.03,2538.0,2527.54,2535.3,756577.73
1749906000,2535.29,2545.0,2524.04,2533.47,1332576.01
1749909600,2533.48,2535.79,2522.82,2528.14,631099.05
1749913200,2528.14,2532.11,2503.14,2518.26,2244506.5
1749916800,2518.26,2525.7,2490.1,2496.66,2917050.25
1749920400,2496.67,2517.12,2486.31,2510.6,1966907.4
1749924000,2510.6,2522.96,2487.34,2507.3,2097967.06
1749927600,2507.31,2520.5,2503.14,2506.04,1207943.13
1749931200,2506.05,2512.75,2495.0,2508.24,927908.13
1749934800,2508.25,2535.0,2505.06,2526.98,985240.97
1749938400,2526.98,2532.36,2516.67,2524.97,694569.63
1749942000,2524.98,2539.65,2524.61,2529.58,731148.9
1749945600,2529.58,2539.92,2527.26,2536.43,677063.56
1749949200,2536.43,2538.22,2523.52,2527.73,815481.6
1749952800,2527.74,2536.99,2526.58,2528.0,484571.83
1749956400,2528.0,2533.94,2526.51,2529.1,341316.53
1749960000,2529.11,2545.97,2528.62,2542.45,986956.47
1749963600,2542.44,2552.19,2533.93,2550.02,1106376.14
1749967200,2550.02,2552.0,2530.3,2534.36,1283293.98
1749970800,2534.36,2535.0,2521.01,2527.64,1347748.59
1749974400,2527.66,2529.0,2517.2,2519.67,992291.18
1749978000,2519.68,2519.68,2506.76,2509.39,1379712.36
1749981600,2509.39,2522.86,2508.72,2518.8,1022705.18
1749985200,2518.81,2522.01,2510.58,2514.98,819294.73
1749988800,2514.99,2525.8,2514.49,2525.01,828548.97
1749992400,2525.0,2543.99,2521.72,2541.75,2538496.94
1749996000,2541.75,2553.93,2534.49,2547.36,2129898.36
1749999600,2547.36,2551.9,2537.0,2540.47,1212778.81
1750003200,2540.46,2555.0,2534.19,2550.18,1418367.68
1750006800,2550.18,2559.0,2543.2,2552.19,807275.67
1750010400,2552.18,2553.26,2539.51,2547.61,605376.06
1750014000,2547.6,2552.0,2529.26,2535.63,956943.55
1750017600,2535.63,2535.78,2490.3,2501.94,2441875.18
1750021200,2501.88,2517.81,2495.6,2515.82,1121050.08
1750024800,2515.82,2549.0,2512.1,2543.58,2172894.46
1750028400,2543.58,2548.5,2538.13,2546.2,628034.09
1750032000,2546.2,2551.97,2536.69,2543.4,1139146.9
1750035600,2543.39,2558.49,2513.0,2553.2,3226117.49
1750039200,2553.2,2577.99,2553.12,2572.98,3139335.31
1750042800,2572.99,2574.34,2564.2,2567.36,905643.29
1750046400,2567.37,2577.72,2565.14,2574.49,1128911.0
1750050000,2574.48,2619.98,2572.0,2606.35,4502684.39
1750053600,2606.36,2619.36,2602.01,2606.6,1818704.7
1750057200,2606.6,2638.0,2606.6,2627.7,3064650.22
1750060800,2627.71,2630.54,2620.24,2629.5,1108335.15
1750064400,2629.49,2630.0,2617.61,2620.55,989512.78
1750068000,2620.56,2634.02,2609.03,2616.0,1657481.68
1750071600,2616.01,2619.62,2591.0,2615.92,2850385.06
1750075200,2615.92,2618.42,2603.2,2614.07,1425800.84
1750078800,2614.06,2646.44,2606.77,2638.6,2963423.62
1750082400,2638.61,2656.77,2625.44,2638.52,3908447.96
1750086000,2638.51,2645.71,2626.54,2630.9,1768295.74
1750089600,2630.9,2644.5,2626.16,2634.5,1509513.27
1750093200,2634.5,2641.58,2628.13,2632.79,1088161.61
1750096800,2632.8,2653.95,2630.8,2653.19,1053213.86
1750100400,2653.19,2669.2,2643.56,2659.19,2660502.65
1750104000,2659.19,2679.46,2642.69,2668.53,1765568.7
1750107600,2668.52,2670.37,2642.64,2647.75,1083187.47
1750111200,2647.76,2656.63,2542.36,2568.8,6603183.49
1750114800,2568.81,2595.0,2533.06,2543.29,5310894.53
1750118400,2543.29,2587.27,2523.23,2586.14,5912874.32
1750122000,2586.15,2591.99,2572.0,2579.71,1785691.39
1750125600,2579.71,2615.99,2557.0,2607.54,3326330.31
1750129200,2607.54,2618.0,2599.2,2606.09,2192737.32
1750132800,2606.08,2609.7,2586.16,2590.88,1712967.06
1750136400,2590.87,2597.0,2574.46,2578.88,1617806.91
1750140000,2578.88,2587.72,2572.93,2581.2,1251319.11
1750143600,2581.15,2585.63,2568.63,2581.4,1482989.6
1750147200,2581.4,2584.56,2564.08,2570.81,1338337.7
1750150800,2570.82,2575.64,2560.19,2565.89,1635129.03
1750154400,2565.88,2568.5,2543.4,2555.99,2506803.46
1750158000,2555.99,2556.3,2540.24,2551.19,1355996.18
1750161600,2551.19,2558.69,2543.51,2546.76,1691961.12
1750165200,2546.75,2562.97,2545.12,2552.29,2269732.47
1750168800,2552.29,2567.0,2527.09,2532.31,3784658.05
1750172400,2532.31,2539.99,2479.51,2497.41,9641463.37
1750176000,2497.4,2501.09,2457.0,2460.33,6246272.15
1750179600,2460.33,2485.8,2452.04,2465.48,4939653.15
1750183200,2465.48,2496.2,2462.08,2496.2,2040794.11
1750186800,2496.2,2543.33,2495.84,2526.9,4823150.31
1750190400,2526.9,2533.0,2505.02,2509.41,2687480.17
1750194000,2509.4,2525.43,2501.0,2518.8,1398870.92
1750197600,2518.8,2520.51,2490.34,2493.4,1309812.58
1750201200,2493.42,2518.43,2492.5,2508.9,1128326.44
1750204800,2508.91,2529.48,2504.62,2525.12,1671568.15
1750208400,2525.13,2536.54,2516.88,2518.49,1522456.41
1750212000,2518.49,2528.8,2512.49,2513.79,1148787.76
1750215600,2513.79,2531.38,2511.29,2526.76,1263118.1
1750219200,2526.76,2546.29,2524.0,2535.97,1359438.38
1750222800,2535.98,2542.43,2532.25,2535.94,753301.59
1750226400,2535.95,2539.98,2518.11,2522.82,1461035.2
1750230000,2522.83,2532.85,2516.01,2532.47,1341031.5
1750233600,2532.47,2547.99,2525.47,2532.39,2107907.59
1750237200,2532.39,2539.65,2520.0,2526.22,1417873.47
1750240800,2526.22,2528.12,2486.97,2493.98,3344482.18
1750244400,2493.98,2516.0,2489.5,2512.8,2601826.31
1750248000,2512.79,2515.1,2491.0,2492.49,1856129.48
1750251600,2492.5,2504.52,2464.08,2501.08,5536691.35
1750255200,2501.08,2537.95,2492.69,2503.97,7418280.88
1750258800,2503.97,2519.54,2489.0,2507.6,3565906.58
1750262400,2507.6,2513.65,2492.9,2498.94,2089378.39
1750266000,2498.95,2502.96,2466.0,2495.35,3353982.55
1750269600,2495.3,2518.02,2471.22,2474.17,4261891.75
1750273200,2474.17,2510.0,2469.65,2491.21,3194195.24
1750276800,2491.2,2536.16,2481.04,2527.49,2027576.95
1750280400,2527.5,2537.0,2507.55,2527.01,1701361.27
1750284000,2527.01,2532.75,2518.14,2523.99,845147.48
1750287600,2524.0,2532.0,2513.43,2523.72,892765.46
1750291200,2523.71,2546.0,2511.7,2527.99,1791816.04
1750294800,2528.0,2528.92,2504.44,2513.67,1705736.54
1750298400,2513.66,2525.8,2506.04,2513.11,1190285.75
1750302000,2513.1,2524.99,2512.9,2524.4,601614.93
1750305600,2524.39,2524.64,2513.0,2523.19,712422.37
1750309200,2523.19,2530.0,2517.95,2520.7,877104.45
1750312800,2520.7,2526.24,2515.08,2518.23,735239.33
1750316400,2518.22,2524.65,2516.6,2517.8,665894.13
1750320000,2517.81,2529.4,2517.8,2522.06,796559.12
1750323600,2522.07,2541.0,2520.86,2536.99,1370703.55
1750327200,2537.0,2543.21,2532.13,2537.01,1122666.35
1750330800,2537.01,2537.1,2525.52,2530.59,1082431.92
1750334400,2530.6,2535.68,2517.3,2524.03,1214971.87
1750338000,2524.03,2524.83,2506.12,2508.87,1682815.11
1750341600,2508.87,2521.35,2492.54,2495.59,2585567.38
1750345200,2495.59,2504.04,2488.3,2491.91,1733364.48
1750348800,2491.9,2502.98,2483.61,2486.95,1417578.15
1750352400,2486.96,2522.98,2485.41,2507.49,2439840.1
1750356000,2507.49,2516.91,2497.82,2503.35,970160.41
1750359600,2503.35,2509.66,2495.98,2503.48,639185.61
1750363200,2503.48,2515.69,2501.0,2505.89,568752.43
1750366800,2505.9,2513.97,2503.14,2508.82,616608.15
1750370400,2508.82,2530.95,2508.82,2522.52,1288785.81
1750374000,2522.53,2528.87,2517.52,2519.93,805219.18
1750377600,2519.93,2530.84,2519.0,2524.48,768657.14
1750381200,2524.49,2529.23,2514.5,2525.99,858030.68
1750384800,2525.99,2526.97,2512.61,2517.18,772800.62
1750388400,2517.19,2522.0,2511.28,2516.1,542429.49
1750392000,2516.1,2519.0,2502.35,2503.34,1116157.38
1750395600,2503.34,2515.2,2502.39,2514.67,713818.29
1750399200,2514.67,2523.31,2514.64,2520.0,1023334.55
1750402800,2520.01,2549.84,2518.0,2548.15,3183952.97
1750406400,2548.16,2568.35,2541.03,2552.2,4483745.5
1750410000,2552.21,2554.77,2543.75,2552.19,1256047.11
1750413600,2552.2,2556.99,2546.57,2551.73,789681.66
1750417200,2551.72,2554.96,2540.02,2548.89,1418159.61
1750420800,2548.9,2557.79,2546.22,2550.68,813215.83
1750424400,2550.68,2559.0,2527.0,2535.18,2936648.91
1750428000,2535.18,2539.95,2488.4,2488.8,5839841.37
1750431600,2488.81,2507.9,2486.02,2492.89,3639876.41
1750435200,2492.89,2495.37,2473.44,2481.66,2932782.16
1750438800,2481.66,2486.32,2363.0,2417.8,13682255.47
1750442400,2417.8,2432.5,2410.68,2418.47,3089688.17
1750446000,2418.47,2423.0,2392.5,2413.46,2641597.31
1750449600,2413.45,2436.98,2412.72,2425.9,1607840.38
1750453200,2425.9,2426.58,2406.78,2415.5,1140010.06
1750456800,2415.49,2417.17,2380.68,2389.81,2226591.82
1750460400,2389.81,2406.7,2382.54,2405.48,1174068.23
1750464000,2405.48,2419.26,2394.61,2410.09,1271711.25
1750467600,2410.06,2431.0,2409.01,2430.18,1259215.91
1750471200,2430.18,2431.35,2416.45,2421.74,918748.77
1750474800,2421.74,2429.97,2421.73,2424.3,673933.18
1750478400,2424.31,2425.76,2418.1,2422.18,620517.7
1750482000,2422.17,2426.36,2418.57,2422.86,385581.79
1750485600,2422.85,2427.41,2419.58,2423.96,338620.85
1750489200,2423.96,2426.93,2418.36,2425.7,573540.27
1750492800,2425.69,2444.0,2422.25,2440.46,1120022.56
1750496400,2440.46,2447.82,2430.86,2443.77,1549474.28
1750500000,2443.77,2446.36,2428.49,2437.81,1303435.65
1750503600,2437.81,2445.38,2434.5,2441.3,858413.9
1750507200,2441.31,2444.0,2432.56,2434.89,718087.54
1750510800,2434.89,2442.32,2411.66,2419.39,2009997.27
1750514400,2419.39,2434.24,2412.3,2418.59,2185646.91
1750518000,2418.6,2426.65,2411.24,2422.21,1238131.53
1750521600,2422.21,2427.33,2412.61,2415.11,987042.0
1750525200,2415.11,2423.5,2395.0,2397.91,1947066.29
1750528800,2397.9,2410.7,2382.33,2386.59,1976272.74
1750532400,2386.61,2399.51,2380.5,2383.89,1565956.38
1750536000,2383.88,2408.72,2375.43,2402.54,1650854.13
1750539600,2402.53,2405.22,2226.25,2280.07,8383979.7
1750543200,2280.07,2307.25,2277.0,2285.48,3176494.31
1750546800,2285.49,2312.85,2210.2,2294.39,10639010.65
1750550400,2294.39,2314.39,2253.51,2293.74,6666105.8
1750554000,2293.73,2300.0,2263.59,2265.61,2975165.64
1750557600,2265.7,2283.88,2243.92,2264.08,3814443.45
1750561200,2264.05,2274.58,2248.88,2263.45,2076451.7
1750564800,2263.45,2287.63,2260.52,2280.61,1929420.98
1750568400,2280.61,2292.99,2277.59,2287.47,1372917.28
1750572000,2287.47,2297.0,2282.11,2285.85,1262149.66
1750575600,2285.86,2287.62,2266.49,2269.48,1543093.65
1750579200,2269.49,2277.36,2262.36,2273.46,1397254.47
1750582800,2273.47,2279.35,2235.14,2240.71,3647500.67
1750586400,2240.71,2264.2,2236.37,2258.29,1948833.99
1750590000,2258.3,2278.28,2257.02,2272.1,1690018.06
1750593600,2272.09,2285.9,2264.0,2278.69,1728942.38
1750597200,2278.69,2283.83,2160.0,2198.71,12656344.72
1750600800,2198.7,2211.41,2154.0,2200.0,9124054.74
1750604400,2200.0,2206.95,2167.61,2173.81,3992494.84
1750608000,2173.8,2197.65,2172.4,2195.9,3279416.68
1750611600,2195.9,2219.8,2185.21,2191.27,3182834.91
1750615200,2191.27,2197.76,2177.07,2181.85,1344895.12
1750618800,2181.84,2189.55,2169.05,2182.88,1954013.27
1750622400,2182.89,2196.58,2108.47,2186.5,7617962.46
1750626000,2186.5,2195.45,2171.7,2177.92,1606240.85
1750629600,2177.93,2234.98,2175.94,2232.89,3715327.08
1750633200,2232.89,2236.07,2218.36,2226.5,1285987.36
1750636800,2226.5,2258.84,2221.0,2239.79,2577625.85
1750640400,2239.79,2246.9,2223.62,2244.8,1429462.47
1750644000,2244.81,2246.55,2232.03,2237.54,920102.67
1750647600,2237.53,2242.5,2229.37,2233.67,874069.89
1750651200,2233.68,2242.94,2226.47,2232.76,1024181.53
1750654800,2232.76,2249.5,2232.58,2245.01,1117590.62
1750658400,2245.0,2253.68,2232.5,2249.7,2230445.94
1750662000,2249.7,2275.88,2249.3,2257.53,2741913.93
1750665600,2257.54,2273.31,2255.48,2260.7,1601017.94
1750669200,2260.7,2260.91,2242.0,2250.79,1558076.73
1750672800,2250.8,2251.88,2237.46,2246.0,1246317.17
1750676400,2246.0,2257.35,2240.62,2252.14,1136736.94
1750680000,2252.14,2266.98,2244.02,2265.19,1396322.91
1750683600,2265.2,2300.0,2231.0,2293.61,7293097.93
1750687200,2293.62,2313.0,2270.09,2272.9,5375221.97
1750690800,2272.9,2287.53,2246.48,2247.68,3575864.06
1750694400,2247.68,2250.98,2187.1,2220.9,9789698.68
1750698000,2220.9,2286.34,2216.19,2273.7,7305607.25
1750701600,2273.76,2311.9,2271.79,2304.4,4411978.67
1750705200,2304.39,2324.92,2294.0,2311.4,2355135.89
1750708800,2311.5,2379.16,2302.17,2345.97,4332871.73
1750712400,2345.97,2362.74,2332.51,2339.5,1462682.33
1750716000,2339.5,2438.33,2339.25,2405.72,7862804.06
1750719600,2405.72,2429.69,2404.27,2410.53,2930427.74
1750723200,2410.56,2416.8,2391.69,2401.9,2069882.14
1750726800,2401.9,2416.67,2395.03,2412.78,1242145.83
1750730400,2412.78,2412.79,2387.06,2390.97,1820740.19
1750734000,2390.98,2411.14,2390.38,2397.53,1341490.77
1750737600,2397.53,2406.14,2391.61,2402.53,956364.27
1750741200,2402.53,2423.0,2400.02,2418.76,1728096.08
1750744800,2418.75,2433.97,2408.28,2424.01,1960502.3
1750748400,2424.01,2427.45,2388.88,2391.83,2893534.06
1750752000,2391.82,2412.0,2374.5,2402.09,3945947.59
1750755600,2402.09,2450.32,2397.68,2414.86,3669416.78
1750759200,2414.87,2422.52,2405.06,2412.93,1603778.96
1750762800,2412.92,2420.72,2396.25,2408.35,2214168.58
1750766400,2408.35,2417.78,2401.11,2412.72,1228007.19
1750770000,2412.71,2431.87,2403.38,2420.5,3667906.18
1750773600,2420.49,2439.7,2418.75,2429.7,3112680.59
1750777200,2429.71,2453.85,2423.29,2437.2,3619568.92
1750780800,2437.19,2482.0,2431.99,2477.9,4493868.7
1750784400,2477.91,2481.48,2441.42,2456.5,3000887.09
1750788000,2456.5,2462.0,2432.03,2433.99,1588715.72
1750791600,2434.0,2440.51,2414.36,2432.85,1521951.01
1750795200,2432.84,2449.36,2429.24,2447.77,785937.35
1750798800,2447.77,2448.49,2434.56,2443.76,585535.77
1750802400,2443.72,2443.76,2432.41,2440.11,511855.97
1750806000,2440.1,2448.03,2429.22,2447.61,951340.96
1750809600,2447.61,2461.96,2435.01,2457.01,1736683.41
1750813200,2457.0,2465.0,2443.68,2459.89,1401307.77
1750816800,2459.9,2467.84,2449.31,2450.46,1415280.35
1750820400,2450.45,2459.3,2442.3,2442.97,928047.91
1750824000,2442.97,2446.46,2426.72,2434.5,1740573.63
1750827600,2434.51,2438.48,2422.18,2428.11,1409934.09
1750831200,2428.11,2444.88,2425.0,2443.21,1260257.34
1750834800,2443.22,2449.92,2439.0,2443.49,957777.35
1750838400,2443.5,2444.86,2423.0,2438.4,1701770.35
1750842000,2438.4,2447.3,2406.89,2419.27,3907862.56
1750845600,2419.27,2430.88,2413.32,2425.11,1651168.7
1750849200,2425.12,2428.93,2411.52,2427.88,1243059.81
1750852800,2427.89,2428.27,2414.17,2427.48,1505181.03
1750856400,2427.48,2445.62,2422.42,2433.74,3253099.79
1750860000,2433.75,2442.73,2388.0,2430.9,6273426.48
1750863600,2430.89,2431.49,2394.89,2404.51,3025493.78
1750867200,2404.52,2419.91,2400.17,2409.7,1836198.03
1750870800,2409.69,2430.93,2405.25,2421.4,1982587.83
1750874400,2421.39,2423.44,2410.16,2417.32,701582.5
1750878000,2417.32,2438.88,2416.83,2431.46,1551543.27
1750881600,2431.46,2441.27,2424.56,2437.13,788210.86
1750885200,2437.12,2453.63,2426.0,2429.5,1394490.44
1750888800,2429.5,2429.7,2408.35,2414.94,979298.08
1750892400,2414.94,2418.66,2406.0,2417.39,616216.56
1750896000,2417.4,2428.0,2415.68,2425.59,989082.38
1750899600,2425.6,2474.11,2418.0,2457.69,3442817.34
1750903200,2457.7,2500.0,2457.7,2491.82,3540498.85
1750906800,2491.82,2519.93,2481.4,2488.01,3736170.32
1750910400,2488.0,2490.87,2469.02,2479.7,1695124.93
1750914000,2479.69,2483.0,2466.17,2474.92,921119.53
1750917600,2474.91,2489.38,2472.6,2485.9,991815.01
1750921200,2485.9,2499.31,2479.02,2488.63,1722497.91
1750924800,2488.62,2499.24,2483.05,2485.93,1190357.26
1750928400,2485.93,2488.0,2461.0,2462.35,2352860.69
1750932000,2462.35,2466.32,2445.17,2449.69,2540358.22
1750935600,2449.69,2453.18,2438.41,2449.52,2126250.28
1750939200,2449.51,2453.93,2432.0,2438.98,2911323.34
1750942800,2438.97,2445.39,2423.23,2432.31,2570606.83
1750946400,2432.3,2459.49,2421.07,2445.57,3206331.46
1750950000,2445.59,2448.22,2408.0,2432.0,4090398.97
1750953600,2432.01,2436.91,2417.03,2426.77,1354828.75
1750957200,2426.77,2435.0,2418.45,2419.5,991968.16
1750960800,2419.5,2437.74,2416.61,2424.45,1059135.23
1750964400,2424.45,2442.78,2421.43,2434.49,831845.82
1750968000,2434.49,2456.66,2428.9,2444.53,1482039.6
1750971600,2444.53,2444.81,2393.0,2412.67,2705567.74
1750975200,2412.66,2423.85,2410.35,2412.54,1066490.88
1750978800,2412.53,2416.58,2404.11,2415.0,717442.56
1750982400,2414.99,2420.76,2398.06,2399.21,1083166.91
1750986000,2399.21,2430.77,2380.46,2424.98,2795803.94
1750989600,2424.99,2439.11,2422.03,2436.47,1066470.51
1750993200,2436.48,2447.33,2431.23,2445.49,1067838.54
1750996800,2445.5,2452.11,2438.01,2448.26,1126468.81
1751000400,2448.26,2451.99,2433.06,2438.09,1400015.59
1751004000,2438.1,2449.7,2435.12,2447.19,959364.35
1751007600,2447.19,2458.66,2436.06,2441.3,2043694.69
1751011200,2441.3,2463.27,2434.18,2447.2,2393389.62
1751014800,2447.21,2462.0,2440.96,2459.46,1456356.97
1751018400,2459.46,2460.48,2444.0,2445.0,940334.91
1751022000,2445.0,2453.98,2441.35,2446.53,748182.45
1751025600,2446.53,2456.62,2425.5,2428.71,2055159.65
1751029200,2428.71,2436.0,2415.19,2426.83,2567852.42
1751032800,2426.83,2437.49,2412.59,2422.0,2086191.83
1751036400,2422.01,2441.8,2418.2,2437.04,1302594.15
1751040000,2437.05,2448.81,2430.23,2431.94,1291095.61
1751043600,2431.94,2432.45,2393.38,2403.25,2946444.95
1751047200,2403.24,2407.25,2386.58,2393.66,1716166.92
1751050800,2393.65,2416.32,2390.8,2411.37,1543693.07
1751054400,2411.4,2426.48,2410.02,2425.17,866037.68
1751058000,2425.17,2428.5,2415.66,2418.56,628329.83
1751061600,2418.57,2424.48,2418.33,2420.93,346064.39
1751065200,2420.93,2423.6,2412.27,2422.0,389265.73
1751068800,2422.0,2422.86,2415.19,2417.0,503058.68
1751072400,2417.01,2418.83,2404.09,2416.85,794414.08
1751076000,2416.86,2422.0,2413.69,2417.51,548738.03
1751079600,2417.5,2421.6,2415.0,2419.79,378933.78
1751083200,2419.8,2421.04,2416.32,2419.8,347164.3
1751086800,2419.8,2427.5,2417.5,2421.17,645575.14
1751090400,2421.17,2426.6,2420.36,2426.45,385699.28
1751094000,2426.45,2433.82,2423.05,2430.81,760872.72
1751097600,2430.81,2431.54,2418.58,2423.54,851692.98
1751101200,2423.54,2427.68,2418.91,2425.93,482353.5
1751104800,2425.94,2429.0,2422.6,2425.09,387279.25
1751108400,2425.1,2427.87,2425.1,2426.55,246156.78
1751112000,2426.56,2427.28,2421.5,2425.16,363409.83
1751115600,2425.16,2428.96,2418.2,2422.0,620651.9
1751119200,2421.99,2426.86,2421.61,2424.63,378235.44
1751122800,2424.64,2442.41,2422.03,2434.76,917717.69
1751126400,2434.77,2443.4,2430.34,2434.01,1274513.27
1751130000,2434.01,2447.01,2432.27,2442.94,843660.31
1751133600,2442.93,2443.6,2431.5,2435.99,443595.12
1751137200,2435.99,2438.98,2431.01,2432.15,281324.53
1751140800,2432.16,2433.84,2425.68,2428.4,437589.88
1751144400,2428.4,2437.26,2427.56,2435.63,283528.38
1751148000,2435.63,2440.42,2432.66,2439.03,312684.43
1751151600,2439.03,2441.1,2433.91,2434.91,299682.78
1751155200,2434.92,2441.99,2430.79,2437.54,509604.91
1751158800,2437.54,2438.09,2427.1,2428.51,515337.73
1751162400,2428.5,2432.39,2423.0,2430.76,518066.38
1751166000,2430.76,2431.93,2425.59,2426.64,281290.3
1751169600,2426.64,2430.18,2425.6,2428.44,202768.07
1751173200,2428.43,2433.81,2426.2,2432.37,350175.34
1751176800,2432.36,2436.45,2431.1,2435.61,304250.74
1751180400,2435.61,2439.54,2433.73,2439.54,567113.96
1751184000,2439.53,2445.99,2436.6,2442.48,1000558.65
1751187600,2442.47,2456.96,2437.55,2446.64,1765937.64
1751191200,2446.63,2459.2,2446.28,2455.38,1221706.39
1751194800,2455.39,2462.81,2451.99,2460.88,990787.19
1751198400,2460.88,2462.3,2448.14,2453.52,946272.36
1751202000,2453.53,2455.68,2445.1,2446.01,698609.66
1751205600,2446.0,2451.0,2434.04,2439.01,1381593.21
1751209200,2439.0,2443.62,2431.21,2435.51,880673.26
1751212800,2435.5,2439.55,2427.33,2437.8,948691.92
1751216400,2437.79,2439.51,2431.39,2437.83,442599.51
1751220000,2437.84,2441.99,2433.05,2436.65,563529.52
1751223600,2436.65,2438.7,2432.4,2436.93,239635.34
1751227200,2436.93,2438.05,2431.11,2431.11,255806.74
1751230800,2431.12,2437.52,2410.0,2429.81,1761591.48
1751234400,2429.81,2510.0,2429.46,2500.84,4730074.41
1751238000,2500.83,2524.99,2493.26,2499.48,3214039.15
1751241600,2499.48,2523.29,2498.8,2517.8,2220950.09
1751245200,2517.81,2518.69,2502.91,2509.67,1447159.29
1751248800,2509.67,2510.64,2498.5,2500.72,861898.29
1751252400,2500.71,2503.89,2494.14,2498.74,895197.42
1751256000,2498.74,2504.8,2494.05,2494.6,703381.75
1751259600,2494.6,2502.31,2490.7,2501.91,803974.62
1751263200,2501.9,2502.95,2453.68,2462.64,3390849.5
1751266800,2462.64,2482.5,2458.88,2479.3,2065715.55
1751270400,2479.3,2485.33,2464.56,2467.53,1285748.01
1751274000,2467.53,2475.8,2450.07,2450.74,1551809.9
1751277600,2450.74,2456.89,2445.24,2455.0,1721856.61
1751281200,2455.0,2466.98,2451.86,2457.1,1135421.16
1751284800,2457.1,2464.2,2455.75,2458.8,708148.42
1751288400,2458.8,2473.46,2457.04,2461.17,1580616.78
1751292000,2461.2,2468.55,2431.0,2437.82,3300119.46
1751295600,2437.82,2487.73,2434.0,2473.4,3857550.6
1751299200,2473.4,2480.88,2460.06,2473.94,2051806.54
1751302800,2473.94,2496.88,2471.86,2486.58,2039733.82
1751306400,2486.57,2498.0,2478.38,2484.84,1513940.71
1751310000,2484.85,2517.42,2483.55,2514.49,2203866.75
1751313600,2514.5,2521.32,2500.59,2501.81,1486223.73
1751317200,2501.81,2503.66,2481.25,2486.38,1121181.2
1751320800,2486.39,2494.99,2483.31,2489.11,748153.77
1751324400,2489.12,2493.62,2483.0,2483.83,566593.46
1751328000,2483.9,2495.58,2476.0,2491.51,1176028.57
1751331600,2491.51,2499.97,2485.31,2487.67,935829.07
1751335200,2487.67,2494.66,2481.09,2482.45,943955.13
1751338800,2482.45,2487.0,2477.4,2484.56,692817.67
1751342400,2484.55,2484.93,2458.09,2459.62,1776901.45
1751346000,2459.61,2465.49,2450.21,2460.38,1857670.67
1751349600,2460.38,2461.84,2455.45,2458.26,759546.21
1751353200,2458.27,2468.73,2443.14,2463.94,2194262.61
1751356800,2463.94,2463.94,2450.1,2452.05,852994.29
1751360400,2452.04,2457.33,2448.01,2455.78,724210.36
1751364000,2455.78,2460.73,2447.75,2454.81,1002027.76
1751367600,2454.81,2457.69,2440.28,2448.22,1257415.07
1751371200,2448.21,2452.58,2432.0,2436.37,1819090.94
1751374800,2436.37,2446.34,2421.0,2441.61,2445394.54
1751378400,2441.61,2455.55,2405.31,2418.61,4851476.13
1751382000,2418.6,2431.17,2414.33,2422.33,1821286.5
1751385600,2422.33,2430.18,2418.01,2423.2,918791.15
1751389200,2423.2,2433.62,2416.64,2430.89,890577.34
1751392800,2430.88,2431.93,2396.7,2408.97,1756859.85
1751396400,2408.98,2421.28,2400.52,2401.43,1237107.97
1751400000,2401.44,2417.71,2391.01,2413.78,1497505.81
1751403600,2413.77,2417.58,2403.0,2406.06,720946.79
1751407200,2406.06,2412.96,2398.13,2399.89,777499.31
1751410800,2399.89,2405.35,2383.86,2403.85,1551290.11
1751414400,2403.84,2409.0,2396.03,2397.39,931088.97
1751418000,2397.38,2410.6,2370.4,2409.99,2832169.6
1751421600,2409.99,2417.79,2405.55,2416.68,966592.41
1751425200,2416.68,2432.31,2414.75,2429.04,1562219.88
1751428800,2429.04,2440.3,2423.66,2438.19,1179279.76
1751432400,2438.2,2446.0,2432.61,2442.84,1257110.14
1751436000,2442.84,2452.62,2436.58,2450.09,1341692.31
1751439600,2450.08,2453.93,2440.0,2445.78,1014235.1
1751443200,2445.78,2454.6,2442.83,2447.78,1107266.25
1751446800,2447.78,2451.7,2444.43,2447.44,677938.61
1751450400,2447.44,2453.0,2442.5,2452.14,730401.91
1751454000,2452.13,2459.59,2440.63,2444.58,1377625.69
1751457600,2444.57,2446.67,2430.5,2437.67,1588534.04
1751461200,2437.67,2457.41,2435.65,2448.24,1818958.92
1751464800,2448.21,2472.0,2447.04,2468.03,2756605.16
1751468400,2468.04,2501.97,2467.24,2497.61,4139773.33
1751472000,2497.61,2563.45,2493.66,2559.99,8175173.88
1751475600,2560.0,2589.55,2551.15,2565.69,5607923.92
1751479200,2565.69,2583.4,2562.45,2581.49,1805343.99
1751482800,2581.49,2607.74,2565.81,2603.62,2297771.11
1751486400,2603.62,2603.97,2585.33,2588.89,1769155.8
1751490000,2588.89,2599.88,2582.19,2595.78,890208.79
1751493600,2595.79,2618.93,2591.07,2593.69,1730794.64
1751497200,2593.69,2594.71,2567.61,2569.34,1468428.59
1751500800,2569.34,2579.19,2561.67,2572.68,1415152.73
1751504400,2572.68,2588.16,2564.36,2579.12,1254317.9
1751508000,2579.11,2579.89,2555.01,2566.56,1366027.32
1751511600,2566.56,2571.42,2558.69,2560.12,738464.33
1751515200,2560.11,2571.92,2558.19,2565.5,706420.39
1751518800,2565.49,2602.22,2564.57,2588.58,2288328.13
1751522400,2588.57,2602.48,2584.17,2597.86,1225820.72
1751526000,2597.86,2604.8,2588.0,2598.88,1270483.52
1751529600,2598.89,2607.43,2586.08,2586.91,1216343.38
1751533200,2586.92,2616.33,2585.05,2597.95,2662128.4
1751536800,2597.95,2600.99,2582.19,2597.02,1463773.8
1751540400,2597.02,2598.07,2579.29,2596.18,1159908.84
1751544000,2596.18,2614.66,2563.69,2587.71,4543561.57
1751547600,2587.71,2636.5,2585.18,2623.49,5478008.49
1751551200,2623.49,2631.46,2581.63,2593.81,3708059.8
1751554800,2593.81,2597.0,2563.56,2569.32,3093586.14
1751558400,2569.32,2581.54,2563.32,2570.6,2471228.49
1751562000,2570.6,2579.62,2570.45,2576.12,740132.18
1751565600,2576.11,2586.6,2572.56,2584.5,993234.58
1751569200,2584.49,2591.48,2580.72,2584.76,641067.06
1751572800,2584.78,2598.37,2584.36,2598.34,548390.8
1751576400,2598.33,2602.87,2588.37,2594.43,671335.66
1751580000,2594.44,2600.6,2588.96,2592.63,444074.55
1751583600,2592.62,2597.0,2584.23,2590.1,569189.28
1751587200,2590.09,2597.35,2580.02,2587.43,837990.79
1751590800,2587.43,2602.48,2586.16,2589.03,836160.22
1751594400,2589.03,2591.0,2570.07,2574.01,1364529.37
1751598000,2574.0,2584.15,2570.55,2576.76,776941.09
1751601600,2576.75,2583.52,2568.0,2569.34,853767.18
1751605200,2569.35,2580.1,2562.28,2567.79,1243485.78
1751608800,2567.79,2569.24,2547.43,2557.48,2455626.34
1751612400,2557.48,2564.0,2528.88,2534.3,3059369.85
1751616000,2534.3,2553.0,2526.66,2545.95,2913324.66
1751619600,2545.95,2557.45,2545.07,2550.36,1053930.32
1751623200,2550.36,2554.33,2543.47,2546.82,676972.45
1751626800,2546.82,2555.66,2546.06,2547.93,830300.41
1751630400,2547.92,2552.88,2541.46,2546.81,789328.35
1751634000,2546.81,2554.95,2521.0,2524.72,2982553.87
1751637600,2524.73,2527.88,2495.55,2515.59,4910166.23
1751641200,2515.59,2517.42,2497.56,2499.81,2188223.33
1751644800,2499.81,2502.7,2473.0,2486.63,4070054.49
1751648400,2486.62,2496.85,2485.53,2495.69,1363747.97
1751652000,2495.69,2495.69,2478.0,2483.39,965224.71
1751655600,2483.39,2489.41,2473.04,2481.56,900681.09
1751659200,2481.56,2495.0,2480.06,2489.14,686592.19
1751662800,2489.14,2496.11,2485.7,2495.31,458032.13
1751666400,2495.3,2519.88,2493.38,2519.12,1611768.46
1751670000,2519.12,2519.23,2502.55,2506.84,838097.29
1751673600,2506.84,2517.2,2505.2,2515.18,516038.14
1751677200,2515.19,2515.24,2505.0,2512.79,509325.89
1751680800,2512.79,2517.99,2496.33,2517.55,941824.54
1751684400,2517.55,2523.96,2514.51,2516.99,843585.64
1751688000,2517.0,2524.99,2511.01,2515.12,726253.58
1751691600,2515.12,2520.0,2511.67,2518.49,427033.81
1751695200,2518.49,2528.2,2515.25,2525.91,791236.32
1751698800,2525.91,2528.56,2517.87,2520.11,679244.89
1751702400,2520.11,2523.87,2508.37,2515.07,876522.22
1751706000,2515.07,2521.63,2507.23,2520.08,886219.95
1751709600,2520.07,2521.94,2516.5,2517.01,447878.01
1751713200,2517.01,2524.3,2516.27,2516.53,513483.97
1751716800,2516.53,2517.89,2509.31,2516.78,782406.54
1751720400,2516.79,2520.66,2511.43,2512.98,462025.72
1751724000,2512.99,2519.0,2510.43,2517.39,451048.91
1751727600,2517.39,2517.65,2503.52,2506.83,748351.08
1751731200,2506.84,2512.44,2489.23,2504.97,1846894.97
1751734800,2504.98,2510.95,2494.56,2502.75,801506.12
1751738400,2502.75,2504.08,2490.7,2491.99,562972.62
1751742000,2491.99,2507.62,2486.4,2504.23,819579.12
1751745600,2504.22,2507.0,2496.76,2504.9,461062.92
1751749200,2504.89,2518.03,2504.55,2515.48,712374.92
1751752800,2515.48,2521.51,2511.46,2517.8,495260.69
1751756400,2517.8,2521.54,2513.83,2514.96,335944.56
1751760000,2514.96,2519.56,2510.65,2518.74,458828.64
1751763600,2518.74,2518.74,2512.6,2516.29,295439.23
1751767200,2516.29,2519.49,2512.0,2512.0,371567.05
1751770800,2512.0,2514.2,2508.21,2513.69,481865.52
1751774400,2513.69,2517.0,2509.11,2511.05,392561.68
1751778000,2511.05,2512.28,2507.6,2509.9,273811.33
1751781600,2509.9,2526.26,2508.08,2520.49,1256865.92
1751785200,2520.48,2524.5,2516.07,2516.57,524378.33
1751788800,2516.57,2517.23,2507.85,2512.26,822900.01
1751792400,2512.26,2517.0,2505.25,2506.38,657525.5
1751796000,2506.39,2513.0,2502.06,2507.35,616913.12
1751799600,2507.34,2515.41,2506.18,2514.93,347500.6
1751803200,2514.93,2520.96,2510.35,2518.99,684383.22
1751806800,2519.0,2569.8,2515.7,2557.19,4584834.15
1751810400,2557.18,2566.67,2545.45,2558.0,2843088.86
1751814000,2558.01,2560.68,2547.0,2557.38,1047169.82
1751817600,2557.37,2559.8,2540.1,2550.98,1350923.42
1751821200,2550.99,2551.59,2542.37,2545.88,678157.2
1751824800,2545.87,2546.43,2522.52,2530.97,1718420.3
1751828400,2530.97,2540.99,2530.21,2539.67,612711.43
1751832000,2539.67,2550.29,2538.71,2544.02,536517.57
1751835600,2544.01,2601.79,2544.01,2586.61,3649639.03
1751839200,2586.6,2604.98,2578.77,2581.42,1786092.38
1751842800,2581.42,2582.0,2561.17,2569.35,1431984.33
1751846400,2569.36,2573.82,2553.3,2560.14,1110767.44
1751850000,2560.14,2564.69,2548.64,2562.07,984142.77
1751853600,2562.06,2583.58,2562.06,2574.99,1647656.02
1751857200,2574.99,2589.8,2573.11,2576.0,969340.26
1751860800,2576.01,2579.49,2568.6,2572.34,612780.63
1751864400,2572.35,2577.0,2564.77,2567.98,731380.33
1751868000,2567.99,2575.71,2562.0,2564.38,891188.35
1751871600,2564.38,2578.65,2558.67,2577.0,1078586.84
1751875200,2576.99,2587.47,2568.87,2583.89,1111250.47
1751878800,2583.89,2584.09,2565.38,2571.31,911690.93
1751882400,2571.32,2571.32,2557.5,2557.93,1308712.58
1751886000,2557.97,2565.86,2551.36,2561.96,1226381.75
1751889600,2561.95,2563.84,2542.66,2547.67,1696236.09
1751893200,2547.68,2568.39,2534.0,2564.73,3191786.45
1751896800,2564.73,2566.85,2527.2,2530.39,3521748.88
1751900400,2530.37,2542.99,2525.59,2532.51,1390041.16
1751904000,2532.51,2541.5,2509.09,2523.0,3866497.98
1751907600,2522.99,2547.0,2515.3,2532.25,1789304.32
1751911200,2532.26,2544.88,2519.01,2542.97,1481007.27
1751914800,2542.97,2556.32,2538.29,2542.69,1459011.59
1751918400,2542.69,2543.36,2528.5,2533.16,757268.01
1751922000,2533.16,2541.0,2521.58,2538.76,662231.65
1751925600,2538.75,2540.99,2528.45,2535.28,373000.78
1751929200,2535.28,2544.58,2535.15,2541.35,410115.62
1751932800,2541.35,2553.85,2536.13,2539.29,1189742.86
1751936400,2539.28,2539.29,2525.45,2525.74,873155.02
1751940000,2525.73,2537.51,2522.11,2526.95,1147032.84
1751943600,2526.95,2538.33,2526.27,2536.71,439661.13
1751947200,2536.71,2543.4,2530.69,2542.3,578214.71
1751950800,2542.29,2550.88,2540.43,2550.64,860856.08
1751954400,2550.62,2562.6,2548.24,2557.55,1527282.88
1751958000,2557.55,2558.0,2546.0,2552.41,1001895.63
1751961600,2552.42,2560.24,2545.22,2545.28,803581.36
1751965200,2545.29,2554.21,2542.0,2550.6,733950.28
1751968800,2550.6,2565.45,2549.21,2564.93,1322175.59
1751972400,2564.94,2585.57,2561.64,2573.84,2073287.63
1751976000,2573.84,2584.0,2570.19,2581.79,1075449.14
1751979600,2581.79,2599.99,2569.0,2586.62,2625701.96
1751983200,2586.62,2588.0,2556.0,2562.89,2960815.64
1751986800,2562.89,2568.69,2557.47,2563.73,1017713.17
1751990400,2563.76,2580.82,2558.47,2575.19,1841678.25
1751994000,2575.19,2627.68,2574.0,2615.7,5466430.04
1751997600,2615.7,2625.0,2610.32,2623.77,1268920.63
1752001200,2623.78,2624.0,2600.17,2609.13,1294834.01
1752004800,2609.12,2613.5,2596.61,2597.14,678339.31
1752008400,2597.13,2612.06,2595.45,2608.07,680785.19
1752012000,2608.06,2611.57,2601.01,2609.11,454214.66
1752015600,2609.1,2616.44,2605.67,2613.83,631143.88
1752019200,2613.83,2614.47,2602.0,2612.3,810913.57
1752022800,2612.3,2626.64,2598.41,2604.27,1666714.36
1752026400,2604.27,2609.14,2600.67,2601.81,574227.48
1752030000,2601.81,2606.25,2588.03,2590.34,1217264.69
1752033600,2590.35,2602.8,2589.5,2602.28,796907.68
1752037200,2602.27,2646.68,2600.73,2626.82,3801647.27
1752040800,2626.82,2632.64,2616.58,2630.1,1478680.13
1752044400,2630.09,2633.32,2620.2,2623.8,884434.68
1752048000,2623.81,2625.39,2609.9,2610.97,1201096.65
1752051600,2610.96,2613.89,2602.87,2610.01,1193041.65
1752055200,2610.02,2621.39,2605.35,2616.96,876875.46
1752058800,2616.96,2629.8,2615.0,2624.9,1356086.56
1752062400,2624.9,2665.28,2622.4,2658.35,4586675.38
1752066000,2658.34,2674.02,2651.5,2653.35,2924085.4
1752069600,2653.34,2668.77,2626.39,2640.69,4451612.05
1752073200,2640.68,2657.17,2639.55,2655.3,1574654.82
1752076800,2655.29,2667.69,2650.61,2665.0,1249700.36
1752080400,2665.0,2667.45,2651.09,2660.58,1192731.82
1752084000,2660.59,2723.01,2660.04,2716.69,5785079.91
1752087600,2716.69,2795.71,2715.0,2764.18,7190971.44
1752091200,2764.17,2765.57,2731.0,2737.01,3476922.33
1752094800,2737.0,2757.99,2734.49,2752.59,1424347.2
1752098400,2752.6,2783.0,2752.59,2778.6,2517077.22
1752102000,2778.6,2781.52,2764.68,2767.29,1062007.36
1752105600,2767.29,2772.39,2755.23,2755.23,1155575.51
1752109200,2755.24,2776.8,2753.79,2772.93,1119941.14
1752112800,2772.94,2797.95,2772.12,2781.83,2295659.31
1752116400,2781.84,2789.37,2769.0,2774.62,1153942.67
1752120000,2774.61,2778.53,2764.24,2777.5,914174.38
1752123600,2777.5,2784.31,2770.92,2780.19,872191.71
1752127200,2780.18,2799.9,2778.13,2793.8,2031938.73
1752130800,2793.8,2822.73,2786.01,2789.58,4805890.22
1752134400,2789.57,2796.0,2782.54,2787.33,1451216.75
1752138000,2787.34,2789.0,2773.55,2777.52,1253925.84
1752141600,2777.52,2786.18,2771.01,2783.97,1094983.14
1752145200,2783.97,2783.97,2771.41,2777.91,761799.82
1752148800,2777.9,2780.0,2766.05,2777.49,1496646.64
1752152400,2777.49,2794.2,2771.15,2783.43,2668640.59
1752156000,2783.42,2791.45,2757.0,2775.49,3483823.01
1752159600,2775.49,2776.2,2758.01,2768.6,1669857.01
1752163200,2768.6,2812.0,2767.54,2807.24,4942750.32
1752166800,2807.25,2834.87,2800.65,2828.8,4273029.31
1752170400,2828.8,2839.43,2794.09,2809.98,3320841.89
1752174000,2809.98,2820.71,2805.2,2814.37,1280402.66
1752177600,2814.37,2825.55,2811.51,2816.9,734050.72
1752181200,2816.91,3006.44,2815.56,2971.69,11602027.5
1752184800,2971.68,2978.37,2950.81,2972.82,2949045.49
1752188400,2972.82,2973.73,2934.24,2950.51,1961461.92
1752192000,2950.5,2957.5,2913.38,2936.51,2795125.78
1752195600,2936.5,2956.56,2932.6,2953.74,1226627.16
1752199200,2953.75,2968.65,2951.21,2964.28,1741050.02
1752202800,2964.29,2973.99,2955.61,2968.31,1476510.93
1752206400,2968.3,2970.0,2942.02,2969.07,1528826.2
1752210000,2969.07,3028.57,2966.34,3003.96,6754254.75
1752213600,3003.95,3026.48,2984.1,2988.54,3313629.64
1752217200,2988.53,3002.51,2965.94,2968.31,2992071.33
1752220800,2968.31,3008.47,2962.06,3003.22,3092067.76
1752224400,3003.22,3040.0,2995.3,3014.68,3683666.07
1752228000,3014.68,3014.8,2992.02,3003.3,2165957.6
1752231600,3003.29,3005.98,2968.0,2984.01,2552337.4
1752235200,2984.0,2993.25,2970.15,2986.59,1712869.15
1752238800,2986.59,3009.96,2975.0,3002.39,3493328.28
1752242400,3002.4,3006.41,2980.0,2988.41,2461983.3
1752246000,2988.41,2996.84,2938.4,2951.5,4530101.52
1752249600,2951.5,2972.3,2935.16,2967.92,3101164.45
1752253200,2967.93,3002.38,2964.26,2993.16,2170152.9
1752256800,2993.16,2998.89,2983.0,2994.99,1124104.89
1752260400,2995.0,3009.99,2977.55,3006.79,2010187.01
1752264000,3006.8,3008.85,2971.72,2973.39,1136415.68
1752267600,2973.4,2995.57,2955.76,2965.02,1812949.22
1752271200,2965.02,2970.41,2922.0,2949.91,3279721.1
1752274800,2949.92,2960.78,2948.0,2957.22,710769.12
1752278400,2957.21,2966.73,2931.41,2952.42,1314599.97
1752282000,2952.41,2966.0,2952.1,2957.95,756820.27
1752285600,2957.96,2971.68,2953.73,2956.03,710306.35
1752289200,2956.02,2967.77,2954.55,2965.74,582908.68
1752292800,2965.74,2968.42,2941.0,2951.21,1155389.29
1752296400,2951.2,2957.77,2943.01,2952.53,767071.01
1752300000,2952.54,2962.86,2945.0,2958.73,778840.06
1752303600,2958.72,2978.49,2958.67,2962.21,1245039.42
1752307200,2962.22,2969.66,2956.47,2966.24,496462.48
1752310800,2966.25,2976.0,2961.27,2973.02,614874.98
1752314400,2973.02,2978.77,2966.21,2974.89,821653.06
1752318000,2974.88,2979.68,2960.01,2962.61,916116.13
1752321600,2962.61,2966.75,2917.43,2943.1,3615838.12
1752325200,2943.1,2943.1,2917.43,2939.69,1960346.62
1752328800,2939.7,2949.24,2923.0,2927.91,1512345.1
1752332400,2927.91,2931.3,2903.69,2915.7,3304712.94
1752336000,2915.71,2934.99,2910.3,2923.86,1513364.08
1752339600,2923.85,2943.0,2920.35,2940.04,1240359.95
1752343200,2940.05,2943.69,2934.0,2941.53,584666.69
1752346800,2941.54,2945.55,2932.56,2939.5,665429.69
1752350400,2939.5,2941.25,2915.51,2915.73,891947.33
1752354000,2915.73,2938.53,2913.72,2937.99,566390.42
1752357600,2937.99,2940.0,2923.83,2936.51,339204.86
1752361200,2936.5,2947.0,2928.8,2941.99,494665.03
1752364800,2941.99,2950.0,2935.0,2943.4,611263.24
1752368400,2943.4,2952.82,2937.54,2948.25,799168.04
1752372000,2948.25,2959.63,2937.65,2952.6,857292.38
1752375600,2952.59,2957.59,2947.21,2953.67,516984.05
1752379200,2953.66,2958.21,2950.02,2956.99,458916.51
1752382800,2957.0,2962.0,2948.0,2949.5,689861.91
1752386400,2949.51,2966.66,2948.36,2958.0,813979.72
1752390000,2957.99,2964.3,2954.54,2961.29,474950.1
1752393600,2961.29,2962.8,2950.37,2954.71,519643.94
1752397200,2954.7,2956.47,2943.5,2948.67,747048.72
1752400800,2948.67,2956.88,2944.44,2947.89,525709.6
1752404400,2947.89,2965.0,2947.88,2963.9,850730.68
1752408000,2963.9,2992.83,2957.46,2984.94,2249617.52
1752411600,2984.95,2994.93,2972.31,2988.21,1488028.64
1752415200,2988.22,3019.95,2975.09,2986.8,3852236.08
1752418800,2986.81,3004.5,2983.0,2991.23,1553924.87
1752422400,2991.22,2999.95,2971.0,2973.06,1487921.13
1752426000,2973.06,2995.83,2960.01,2990.98,1520401.41
1752429600,2990.99,3002.54,2985.85,2992.75,608956.14
1752433200,2992.75,3010.0,2986.0,2988.1,892843.81
1752436800,2988.11,2997.87,2978.3,2990.8,771189.09
1752440400,2990.8,2991.22,2938.23,2963.71,2308082.11
1752444000,2963.71,2968.33,2944.35,2957.51,1354276.65
1752447600,2957.51,2978.36,2952.11,2970.6,851228.45
1752451200,2970.61,2987.28,2966.0,2974.13,864590.06
1752454800,2974.12,2977.5,2962.0,2973.11,702921.06
1752458400,2973.11,3016.6,2970.87,2999.79,2479202.25
1752462000,2999.8,3053.33,2995.88,3037.0,4489285.95
1752465600,3036.99,3059.25,3027.76,3053.16,2232901.94
1752469200,3053.16,3067.99,3016.9,3040.76,3913009.46
1752472800,3040.75,3044.34,3020.3,3024.22,1386472.69
1752476400,3024.21,3054.08,3022.25,3044.88,1659237.54
1752480000,3044.87,3045.59,3023.02,3040.01,1559686.99
1752483600,3040.02,3075.0,3035.42,3045.01,2998481.02
1752487200,3045.0,3080.0,3030.0,3067.11,3066357.26
1752490800,3067.1,3084.2,3051.2,3052.42,2397258.62
1752494400,3052.41,3058.76,3035.43,3052.37,1848130.1
1752498000,3052.38,3066.0,3031.0,3056.87,2370743.93
1752501600,3056.87,3068.88,3020.2,3030.59,3311965.51
1752505200,3030.6,3035.0,2995.0,3013.3,4029813.69
1752508800,3013.31,3031.23,3001.5,3026.37,2389379.77
1752512400,3026.37,3026.51,3003.77,3009.92,1155762.65
1752516000,3009.91,3013.98,2983.09,2990.02,1883331.28
1752519600,2990.02,3003.59,2985.43,3000.52,875041.47
1752523200,3000.53,3011.99,2980.67,3003.89,1002175.82
1752526800,3003.88,3019.97,2999.33,3010.28,710994.67
1752530400,3010.28,3018.4,3002.82,3013.09,656106.49
1752534000,3013.09,3014.85,3003.59,3013.05,535079.61
1752537600,3013.04,3023.57,2987.44,2992.31,1294144.83
1752541200,2992.31,3000.39,2961.92,2976.29,2975187.61
1752544800,2976.29,2986.5,2953.13,2973.61,2914717.55
1752548400,2973.61,2973.69,2931.01,2951.37,4194103.25
1752552000,2951.37,2972.0,2934.29,2967.68,2282558.23
1752555600,2967.67,2974.46,2961.43,2973.99,949624.18
1752559200,2973.99,2993.59,2970.0,2985.49,1752708.3
1752562800,2985.49,2995.49,2972.6,2977.46,1512938.81
1752566400,2977.47,2984.42,2958.45,2974.88,1639102.57
1752570000,2974.88,2989.9,2969.69,2972.9,767593.95
1752573600,2972.9,2980.0,2967.0,2974.65,669316.82
1752577200,2974.65,2983.98,2962.3,2981.6,1091583.42
1752580800,2981.59,3014.57,2967.68,3000.3,3802102.69
1752584400,3000.29,3068.0,2999.76,3051.94,5569274.18
1752588000,3051.95,3064.79,2966.0,2977.78,6209829.69
1752591600,2977.78,3047.4,2967.35,3039.76,4862161.2
1752595200,3039.76,3067.5,3033.26,3048.54,3392044.62
1752598800,3048.54,3098.87,3036.22,3097.0,3722111.36
1752602400,3096.99,3097.5,3041.7,3066.32,4141452.59
1752606000,3066.32,3087.34,3034.21,3041.7,3028844.87
1752609600,3041.64,3053.62,3030.17,3041.63,1615951.01
1752613200,3041.62,3086.82,3041.0,3081.63,1466034.7
1752616800,3081.63,3095.14,3068.52,3094.38,1071414.78
1752620400,3094.37,3147.0,3094.37,3138.63,3836558.83
1752624000,3138.64,3154.67,3116.77,3143.21,2520731.29
1752627600,3143.21,3149.7,3130.2,3140.02,1194803.1
1752631200,3140.21,3142.89,3106.67,3116.28,2007803.42
1752634800,3116.28,3122.36,3103.01,3116.7,1148398.71
1752638400,3116.69,3131.55,3101.74,3129.09,1245584.53
1752642000,3129.09,3151.88,3129.01,3142.4,1928891.48
1752645600,3142.4,3166.99,3131.64,3164.9,2259513.21
1752649200,3164.89,3174.84,3153.49,3161.69,2236838.88
1752652800,3161.7,3174.74,3158.38,3164.5,1384126.95
1752656400,3164.5,3172.03,3147.13,3162.36,1522872.34
1752660000,3162.37,3163.44,3144.0,3144.43,957141.04
1752663600,3144.43,3158.86,3144.0,3150.78,871870.54
1752667200,3150.77,3182.06,3147.62,3164.66,1962703.1
1752670800,3164.66,3199.0,3158.81,3195.44,3635743.03
1752674400,3195.44,3267.98,3179.21,3251.59,7908964.38
1752678000,3251.58,3262.57,3207.0,3244.12,5327640.84
1752681600,3244.12,3294.2,3234.46,3285.78,4000016.42
1752685200,3285.8,3326.64,3274.3,3317.53,4466255.48
1752688800,3317.53,3373.65,3314.16,3335.99,5753882.88
1752692400,3335.99,3383.6,3335.27,3383.05,3081058.37
1752696000,3383.05,3423.59,3366.31,3379.92,5913646.51
1752699600,3379.92,3399.7,3340.9,3374.5,2412411.19
1752703200,3374.51,3390.49,3350.0,3363.01,1838824.0
1752706800,3363.02,3375.61,3346.09,3371.52,1208279.86
1752710400,3371.52,3399.0,3367.38,3376.18,1697882.47
1752714000,3376.18,3395.99,3310.01,3338.03,3765838.34
1752717600,3338.04,3362.48,3332.56,3348.89,1515505.4
1752721200,3348.9,3350.32,3313.46,3330.48,1499602.89
1752724800,3330.47,3352.6,3321.0,3350.79,1054075.65
1752728400,3350.79,3377.24,3337.56,3373.99,1389736.6
1752732000,3373.99,3445.0,3362.93,3441.02,5178175.06
1752735600,3441.01,3470.0,3407.52,3448.13,4322359.83
1752739200,3448.12,3451.0,3424.58,3448.55,2166178.56
1752742800,3448.55,3478.9,3440.0,3465.58,3084556.14
1752746400,3465.58,3484.39,3448.36,3458.46,2722349.4
1752750000,3458.46,3460.84,3430.63,3434.66,2035383.1
1752753600,3434.66,3441.36,3412.05,3426.31,2734665.34
1752757200,3426.32,3432.82,3363.57,3401.01,4654486.53
1752760800,3401.0,3435.0,3401.0,3426.79,2925591.61
1752764400,3426.8,3433.8,3388.06,3420.72,2588318.69
1752768000,3420.73,3428.0,3366.0,3394.99,4674644.12
1752771600,3394.98,3430.0,3389.29,3424.24,1994730.51
1752775200,3424.24,3442.86,3418.38,3426.25,1513226.93
1752778800,3426.26,3455.4,3402.38,3411.02,2248198.13
1752782400,3411.15,3419.74,3371.18,3419.51,2757726.75
1752786000,3419.51,3502.04,3416.61,3467.52,4551858.12
1752789600,3467.52,3493.66,3450.49,3466.32,1870845.75
1752793200,3466.32,3525.0,3461.55,3476.41,3374835.87
1752796800,3476.41,3540.0,3458.0,3537.73,2780145.28
1752800400,3537.74,3628.0,3525.0,3615.2,6205719.59
1752804000,3615.2,3626.94,3588.81,3602.01,3139368.27
1752807600,3602.02,3607.37,3584.67,3596.54,1474304.98
1752811200,3596.54,3621.99,3576.37,3619.68,2187816.33
1752814800,3619.69,3674.99,3615.84,3670.34,4435058.73
1752818400,3670.34,3670.35,3640.01,3650.99,2436097.65
1752822000,3651.0,3671.49,3605.93,3608.0,3598024.58
1752825600,3608.01,3631.98,3585.0,3606.66,3325369.05
1752829200,3606.66,3627.31,3595.0,3623.29,1713190.39
1752832800,3623.28,3625.95,3603.05,3619.85,1309761.41
1752836400,3619.85,3626.58,3590.0,3612.33,1624490.36
1752840000,3612.33,3642.52,3593.02,3639.51,1685137.35
1752843600,3639.52,3660.0,3610.24,3641.34,3693618.52
1752847200,3641.34,3674.88,3555.91,3586.94,7963190.98
1752850800,3586.94,3591.68,3532.21,3565.49,4673642.93
1752854400,3565.49,3591.0,3549.27,3574.81,2291246.86
1752858000,3574.8,3626.81,3568.25,3601.89,2549875.5
1752861600,3601.89,3609.0,3567.25,3573.42,1611367.29
1752865200,3573.41,3584.78,3538.16,3552.59,2095767.88
1752868800,3552.6,3555.97,3476.92,3517.25,4561905.04
1752872400,3517.26,3573.45,3515.01,3555.37,1614699.66
1752876000,3555.3,3578.77,3531.77,3539.7,1705117.11
1752879600,3539.7,3552.48,3507.26,3547.6,1288872.07
1752883200,3547.6,3566.46,3522.48,3523.42,981325.05
1752886800,3523.42,3554.0,3507.02,3546.78,1288011.12
1752890400,3546.79,3577.77,3535.01,3570.66,1117232.32
1752894000,3570.66,3599.99,3567.8,3593.0,1715177.92
1752897600,3593.0,3609.96,3580.25,3590.17,1299116.0
1752901200,3590.17,3595.97,3575.38,3586.21,847692.53
1752904800,3586.2,3587.6,3567.8,3572.0,942668.93
1752908400,3572.01,3591.86,3568.0,3572.16,791726.09
1752912000,3572.16,3579.25,3546.5,3555.0,1409941.06
1752915600,3554.99,3571.88,3550.0,3559.13,661794.1
1752919200,3559.13,3569.35,3551.44,3558.81,593345.78
1752922800,3558.81,3578.72,3537.91,3552.84,1595271.33
1752926400,3552.85,3565.98,3538.98,3562.04,1196723.88
1752930000,3562.04,3572.63,3549.52,3558.85,1028245.83
1752933600,3558.85,3564.05,3526.17,3532.41,1672894.2
1752937200,3532.4,3563.63,3530.9,3552.66,993831.87
1752940800,3552.66,3571.04,3536.0,3560.12,1393310.76
1752944400,3560.13,3561.46,3532.47,3543.23,851996.1
1752948000,3543.24,3562.69,3540.22,3553.09,550298.36
1752951600,3553.13,3583.0,3541.72,3578.2,968196.01
1752955200,3578.2,3595.0,3564.0,3564.01,819708.86
1752958800,3564.0,3574.72,3538.0,3571.76,1032235.94
1752962400,3571.76,3591.48,3562.76,3576.81,778055.93
1752966000,3576.82,3598.58,3574.44,3591.48,659013.97
1752969600,3591.48,3598.0,3579.21,3591.24,794830.69
1752973200,3591.24,3626.6,3589.39,3605.0,1858582.2
1752976800,3605.01,3625.95,3596.32,3615.83,969188.84
1752980400,3615.82,3696.0,3607.64,3658.83,4009357.79
1752984000,3658.82,3667.71,3633.42,3654.3,2259990.88
1752987600,3654.29,3662.71,3636.0,3647.17,940619.16
1752991200,3647.17,3660.47,3638.9,3652.37,760677.09
1752994800,3652.38,3689.0,3652.38,3667.8,1860747.86
1752998400,3667.81,3717.76,3667.8,3710.34,2885089.79
1753002000,3710.33,3726.66,3692.72,3705.74,2527795.03
1753005600,3705.75,3712.36,3696.0,3699.0,918475.44
1753009200,3699.0,3769.98,3695.1,3756.51,4256304.78
1753012800,3756.51,3757.53,3725.13,3747.5,2157653.78
1753016400,3747.5,3759.31,3736.1,3748.8,1608313.18
1753020000,3748.79,3768.63,3728.06,3767.56,1846483.21
1753023600,3767.63,3790.92,3748.17,3785.5,2899297.18
1753027200,3785.49,3825.28,3763.0,3809.68,4384263.46
1753030800,3809.67,3809.67,3730.76,3739.93,4178362.17
1753034400,3739.94,3758.78,3731.08,3750.22,1631722.03
1753038000,3750.23,3774.6,3745.06,3749.93,1190766.35
1753041600,3749.94,3755.0,3717.0,3740.6,1684372.39
1753045200,3740.59,3774.29,3727.24,3770.96,1035906.55
1753048800,3770.97,3772.88,3681.0,3748.19,3845154.46
1753052400,3748.2,3769.0,3733.69,3757.3,1293982.23
1753056000,3757.3,3757.91,3710.01,3747.97,1979570.21
1753059600,3747.97,3754.77,3701.01,3724.68,1671572.5
1753063200,3724.68,3750.6,3722.78,3743.94,1136414.09
1753066800,3743.94,3766.71,3743.94,3757.78,1116197.57
1753070400,3757.79,3780.98,3753.61,3762.43,1264593.11
1753074000,3762.43,3784.83,3747.98,3783.0,1308235.09
1753077600,3783.0,3813.74,3775.97,3788.0,2558661.01
1753081200,3787.94,3806.12,3780.25,3788.15,1110121.8
1753084800,3788.14,3812.56,3762.33,3777.83,2049718.02
1753088400,3777.83,3786.83,3756.42,3773.31,1475208.88
1753092000,3773.3,3827.08,3769.06,3812.0,2402445.57
1753095600,3812.0,3839.62,3792.39,3810.29,2535920.58
1753099200,3810.29,3826.55,3794.48,3811.69,1712225.48
1753102800,3811.69,3824.5,3776.5,3820.78,2755365.73
1753106400,3820.79,3859.98,3795.23,3842.97,4178987.83
1753110000,3842.96,3854.03,3809.0,3812.04,2298781.68
1753113600,3812.04,3819.83,3750.69,3769.3,4888182.64
1753117200,3769.3,3791.85,3735.82,3770.8,2153287.93
1753120800,3770.81,3800.0,3731.37,3737.7,2333144.45
1753124400,3737.7,3770.58,3720.42,3737.21,2510788.39
1753128000,3737.2,3767.2,3720.6,3757.0,1372382.4
1753131600,3757.01,3766.45,3745.28,3751.99,565189.6
1753135200,3751.99,3781.56,3747.73,3762.45,743192.44
1753138800,3762.44,3776.61,3750.0,3763.44,532386.09
1753142400,3763.43,3777.0,3741.67,3743.76,1171216.09
1753146000,3743.76,3800.0,3693.4,3794.99,4596539.95
1753149600,3794.99,3795.7,3731.0,3738.02,2009609.01
1753153200,3738.02,3745.85,3708.67,3733.73,2314094.75
1753156800,3733.73,3736.52,3653.0,3657.31,3741405.23
1753160400,3657.31,3698.99,3656.0,3691.95,2579995.16
1753164000,3691.95,3720.36,3678.3,3693.56,1833595.94
1753167600,3693.56,3715.01,3666.11,3678.0,2020136.34
1753171200,3678.0,3678.0,3621.77,3651.78,4359066.74
1753174800,3651.78,3669.32,3618.0,3662.13,2869148.4
1753178400,3662.13,3700.0,3661.0,3699.69,1808968.6
1753182000,3699.7,3723.48,3684.8,3707.79,2583905.01
1753185600,3707.79,3714.0,3692.42,3704.09,1204961.93
1753189200,3704.1,3709.0,3633.0,3649.67,4538181.84
1753192800,3649.66,3709.0,3625.34,3707.71,3765483.07
1753196400,3707.7,3731.65,3694.3,3719.7,3090032.0
1753200000,3719.7,3753.0,3711.52,3718.47,2551459.04
1753203600,3718.47,3723.0,3677.22,3700.76,2731405.9
1753207200,3700.76,3726.85,3682.0,3711.5,1904498.38
1753210800,3711.5,3721.44,3655.55,3670.76,1737031.86
1753214400,3670.76,3711.93,3662.16,3707.7,1336575.85
1753218000,3707.72,3712.0,3695.0,3706.36,437830.14
1753221600,3706.36,3733.22,3706.36,3720.4,658433.0
1753225200,3720.41,3752.95,3718.41,3747.2,1155186.84
1753228800,3747.21,3763.72,3725.6,3726.5,1745747.53
1753232400,3726.5,3743.0,3713.0,3739.23,957421.3
1753236000,3739.23,3765.63,3724.7,3746.32,1937677.66
1753239600,3746.33,3760.42,3725.61,3729.51,1332170.87
1753243200,3729.51,3737.09,3720.42,3735.7,734207.86
1753246800,3735.71,3738.78,3700.1,3714.44,1162117.35
1753250400,3714.45,3716.61,3687.34,3695.66,1355569.66
1753254000,3695.62,3700.8,3663.98,3673.95,1973073.61
1753257600,3673.94,3692.99,3667.69,3692.03,1259091.91
1753261200,3692.02,3698.0,3648.83,3659.27,1810880.17
1753264800,3659.27,3670.66,3640.26,3666.34,1557080.76
1753268400,3666.34,3676.94,3648.61,3672.11,1120341.98
1753272000,3672.11,3682.0,3633.02,3640.47,1988037.65
1753275600,3640.48,3665.0,3576.85,3587.51,6767873.8
1753279200,3587.51,3625.9,3580.4,3618.21,3821510.35
1753282800,3618.21,3649.19,3598.33,3645.51,2717859.85
1753286400,3645.5,3645.61,3566.62,3572.02,3631277.17
1753290000,3572.01,3595.64,3553.5,3588.02,3815213.73
1753293600,3588.02,3608.17,3586.66,3604.95,1227618.78
1753297200,3604.95,3613.64,3583.08,3588.39,1221526.64
1753300800,3588.4,3605.58,3543.0,3568.59,2729182.62
1753304400,3568.67,3594.41,3527.22,3591.88,2269377.05
1753308000,3591.87,3620.17,3578.56,3610.69,962166.38
1753311600,3610.69,3634.97,3609.08,3628.49,931311.89
1753315200,3628.5,3645.8,3612.0,3645.36,1177959.79
1753318800,3645.36,3648.37,3623.66,3647.53,970429.28
1753322400,3647.53,3651.72,3637.0,3649.19,802907.13
1753326000,3649.19,3664.74,3638.37,3640.73,1166558.66
1753329600,3640.73,3657.77,3600.0,3609.12,2262527.47
1753333200,3609.13,3610.33,3555.35,3556.63,3076394.91
1753336800,3556.63,3582.0,3525.82,3545.03,3002219.04
1753340400,3545.03,3596.84,3507.0,3591.6,3984053.01
1753344000,3591.43,3644.81,3580.56,3633.56,3216284.08
1753347600,3633.56,3643.96,3617.17,3635.98,1685567.82
1753351200,3635.98,3659.0,3591.53,3621.31,3479112.54
1753354800,3621.3,3661.02,3619.46,3655.02,1768831.48
1753358400,3655.02,3660.0,3618.19,3642.98,2201755.58
1753362000,3642.97,3656.0,3625.58,3630.12,2033580.33
1753365600,3630.12,3738.55,3610.0,3735.0,5472675.95
1753369200,3735.0,3773.45,3710.77,3730.0,5731503.75
1753372800,3729.99,3731.79,3666.16,3686.69,3122586.87
1753376400,3686.7,3734.48,3680.98,3724.44,1968344.24
1753380000,3724.44,3750.98,3711.74,3741.0,1382390.39
1753383600,3741.0,3754.49,3720.3,3732.41,1414332.83
1753387200,3732.4,3743.61,3722.66,3735.4,576233.69
1753390800,3735.4,3743.0,3710.04,3725.87,754343.14
1753394400,3725.87,3736.23,3700.83,3724.22,925494.82
1753398000,3724.23,3724.23,3694.66,3706.98,1077137.15
1753401600,3707.0,3708.93,3645.87,3659.22,2001139.44
1753405200,3659.21,3690.91,3640.05,3682.21,1998295.51
1753408800,3682.2,3690.6,3613.79,3614.24,3001319.98
1753412400,3614.37,3632.74,3572.17,3594.7,3342798.01
1753416000,3594.7,3650.0,3578.0,3647.1,2471002.05
1753419600,3647.09,3648.83,3608.41,3632.51,1891134.23
1753423200,3632.52,3642.85,3610.13,3630.58,1278566.21
1753426800,3630.58,3667.04,3598.22,3631.01,2833561.74
1753430400,3631.01,3678.64,3627.84,3664.02,2749039.06
1753434000,3664.02,3732.38,3649.33,3725.54,3093217.01
1753437600,3725.53,3747.52,3703.81,3718.4,2007014.86
1753441200,3718.41,3743.0,3715.0,3720.26,1251083.06
1753444800,3720.3,3734.4,3692.48,3703.6,2049928.8
1753448400,3703.6,3720.47,3675.0,3705.46,2462031.99
1753452000,3705.46,3709.13,3620.0,3627.94,3324103.57
1753455600,3627.94,3646.58,3600.71,3632.68,2750432.31
1753459200,3632.68,3644.44,3615.27,3639.04,1663733.32
1753462800,3639.01,3652.0,3620.0,3635.0,1060113.7
1753466400,3635.0,3656.99,3634.03,3648.52,823169.08
1753470000,3648.52,3658.39,3638.86,3639.54,636251.67
1753473600,3639.54,3696.78,3637.26,3684.23,1350026.63
1753477200,3684.24,3726.3,3684.24,3718.99,1542844.56
1753480800,3719.0,3729.62,3714.4,3719.6,741361.11
1753484400,3719.61,3728.46,3708.34,3724.08,644460.86
1753488000,3724.07,3727.43,3710.47,3724.89,597268.35
1753491600,3724.89,3725.55,3693.09,3700.68,758042.45
1753495200,3700.68,3766.5,3700.68,3741.05,2682996.55
1753498800,3741.06,3745.78,3727.87,3737.78,744523.63
1753502400,3737.78,3752.28,3735.94,3746.38,780725.96
1753506000,3746.37,3755.4,3732.54,3746.59,654691.87
1753509600,3746.59,3749.2,3729.01,3738.49,598508.91
1753513200,3738.5,3747.56,3736.37,3740.7,350547.26
1753516800,3740.7,3779.18,3740.7,3761.3,1745774.3
1753520400,3761.29,3764.56,3747.1,3757.31,842220.58
1753524000,3757.31,3782.9,3749.99,3758.61,1671766.83
1753527600,3758.61,3768.69,3730.14,3738.78,1545595.7
1753531200,3738.78,3752.23,3723.0,3740.88,1234615.24
1753534800,3740.87,3754.42,3735.0,3743.0,687432.74
1753538400,3742.99,3747.84,3723.18,3726.91,1104277.4
1753542000,3726.91,3738.95,3713.97,3734.53,1142805.92
1753545600,3734.54,3740.87,3718.02,3726.86,731168.93
1753549200,3726.85,3734.73,3720.34,3722.8,610198.14
1753552800,3722.8,3758.72,3708.62,3738.8,1413619.69
1753556400,3738.8,3756.27,3738.61,3749.51,392659.96
1753560000,3749.51,3751.0,3732.3,3743.62,575652.78
1753563600,3743.62,3763.39,3736.6,3757.99,406698.22
1753567200,3757.99,3794.4,3741.3,3749.16,1732905.68
1753570800,3749.16,3754.66,3735.21,3740.57,491090.01
1753574400,3740.58,3755.17,3728.25,3755.16,735447.23
1753578000,3755.16,3772.28,3749.18,3755.11,967222.48
1753581600,3755.12,3787.5,3750.62,3783.49,887090.41
1753585200,3783.49,3785.28,3769.36,3773.02,582071.42
1753588800,3773.02,3790.59,3766.73,3789.32,644459.82
1753592400,3789.32,3810.47,3782.5,3790.41,1885976.31
1753596000,3790.42,3790.42,3763.58,3771.45,969231.31
1753599600,3771.44,3782.19,3761.35,3767.08,736973.42
1753603200,3767.09,3775.6,3763.65,3769.78,491606.0
1753606800,3769.78,3773.04,3749.75,3762.2,923102.77
1753610400,3762.2,3843.13,3761.93,3816.39,3769705.35
1753614000,3816.39,3835.88,3803.56,3814.63,1968883.74
1753617600,3814.63,3836.99,3804.55,3825.01,1717260.96
1753621200,3825.0,3829.99,3806.0,3809.69,763354.94
1753624800,3809.69,3823.07,3791.04,3808.81,1543167.74
1753628400,3808.8,3820.99,3792.06,3818.31,983725.52
1753632000,3818.31,3853.73,3810.0,3815.36,3222000.06
1753635600,3815.35,3841.15,3807.14,3837.08,1335787.89
1753639200,3837.04,3869.0,3832.57,3845.73,1927206.02
1753642800,3845.72,3851.52,3825.41,3827.74,612499.86
1753646400,3827.74,3842.45,3818.88,3821.6,642419.79
1753650000,3821.6,3839.58,3814.04,3835.69,475747.46
1753653600,3835.7,3880.0,3834.46,3863.38,1446315.53
1753657200,3863.39,3874.97,3838.01,3871.0,1093557.37
1753660800,3871.0,3886.47,3854.36,3861.0,1835226.78
1753664400,3861.0,3864.86,3843.4,3848.93,1100339.66
1753668000,3848.93,3908.06,3842.1,3885.23,3273041.15
1753671600,3885.23,3894.48,3868.0,3879.1,986660.83
1753675200,3879.1,3904.93,3867.0,3901.26,1333029.42
1753678800,3901.26,3942.49,3899.48,3929.0,3013221.29
1753682400,3929.0,3933.96,3909.0,3912.2,1377949.96
1753686000,3912.2,3913.7,3876.0,3892.58,2367659.0
1753689600,3892.57,3903.51,3882.0,3891.59,992151.45
1753693200,3891.58,3895.65,3871.87,3893.51,1054987.3
1753696800,3893.51,3897.0,3875.76,3887.48,744589.38
1753700400,3887.47,3893.32,3858.0,3879.53,1364174.16
1753704000,3879.48,3890.0,3868.64,3870.79,1041689.12
1753707600,3870.79,3874.82,3825.8,3843.66,3839037.45
1753711200,3843.65,3852.51,3773.01,3785.0,4879186.98
1753714800,3785.01,3821.4,3780.72,3806.61,2343783.21
1753718400,3806.61,3821.87,3792.0,3805.0,1158987.28
1753722000,3805.01,3809.56,3778.4,3784.26,1443567.46
1753725600,3784.26,3788.0,3752.01,3782.26,2379408.12
1753729200,3782.25,3806.08,3763.39,3796.85,1571605.26
1753732800,3796.85,3803.99,3765.0,3787.56,912191.51
1753736400,3787.56,3802.86,3774.15,3788.17,706306.44
1753740000,3788.17,3802.68,3765.01,3786.11,928615.6
1753743600,3786.11,3799.5,3773.88,3796.98,882917.91
1753747200,3796.99,3821.8,3740.01,3779.79,3049788.5
1753750800,3779.79,3798.33,3757.14,3758.22,1147227.34
1753754400,3758.21,3772.98,3728.81,3758.4,1903982.52
1753758000,3758.39,3798.7,3758.37,3791.11,1594384.35
1753761600,3791.11,3801.92,3772.49,3777.36,1035575.34
1753765200,3777.35,3806.97,3777.35,3806.3,759452.1
1753768800,3806.3,3835.0,3800.51,3827.79,1983785.81
1753772400,3827.8,3879.12,3827.71,3876.24,2869761.06
1753776000,3876.25,3886.0,3858.37,3871.45,1594524.04
1753779600,3871.46,3878.3,3863.24,3871.7,761048.02
1753783200,3871.7,3874.08,3823.49,3828.87,2241992.53
1753786800,3828.87,3839.71,3811.0,3825.01,1732249.62
1753790400,3825.0,3859.99,3821.0,3851.93,1921839.3
1753794000,3851.93,3873.58,3828.08,3838.01,1954126.17
1753797600,3838.04,3839.22,3769.0,3781.32,3897736.09
1753801200,3781.31,3783.19,3745.96,3760.5,2682302.9
1753804800,3760.5,3768.57,3715.01,3750.52,3788384.1
1753808400,3750.52,3793.76,3743.07,3768.01,2558481.34
1753812000,3768.0,3775.0,3749.32,3769.59,796463.71
1753815600,3769.6,3796.05,3756.0,3763.85,1341873.28
1753819200,3763.84,3783.44,3738.31,3763.45,1557781.03
1753822800,3763.45,3784.36,3751.34,3779.12,554413.07
1753826400,3779.12,3793.76,3756.84,3790.72,815199.11
1753830000,3790.72,3804.0,3781.85,3792.39,749758.34
1753833600,3792.39,3793.68,3753.84,3773.31,978631.69
1753837200,3773.32,3811.62,3760.35,3790.59,1362357.15
1753840800,3790.6,3821.46,3783.0,3811.38,1302817.67
1753844400,3811.37,3827.9,3804.0,3815.79,757594.48
1753848000,3815.8,3823.7,3797.22,3807.31,856689.9
1753851600,3807.31,3814.31,3784.77,3808.35,1205758.49
1753855200,3808.34,3828.96,3807.53,3822.99,809291.61
1753858800,3823.0,3832.94,3802.0,3809.56,1332106.44
1753862400,3809.55,3824.48,3795.49,3812.9,1202324.1
1753866000,3812.9,3818.33,3773.72,3784.62,1751527.75
1753869600,3784.63,3806.66,3766.0,3772.07,1359244.91
1753873200,3772.07,3784.49,3741.91,3757.2,2129650.33
1753876800,3757.2,3784.67,3748.25,3772.4,1664923.28
1753880400,3772.39,3784.41,3747.64,3765.03,1751905.46
1753884000,3765.02,3831.0,3762.57,3817.89,2663440.74
1753887600,3817.9,3820.0,3775.34,3795.99,2047933.68
1753891200,3796.0,3816.0,3779.41,3794.64,1308937.22
1753894800,3794.64,3813.98,3790.04,3803.62,864493.5
1753898400,3803.62,3821.0,3735.2,3736.91,4013105.18
1753902000,3736.91,3771.67,3673.05,3758.33,6056030.26
1753905600,3758.33,3786.81,3755.11,3768.48,1640404.02
1753909200,3768.47,3773.37,3740.28,3761.1,872538.64
1753912800,3761.11,3769.87,3753.81,3761.47,446907.38
1753916400,3761.47,3810.0,3760.82,3808.28,1184069.12
1753920000,3808.29,3848.0,3797.22,3841.89,1960167.29
1753923600,3841.9,3848.89,3827.27,3835.8,1270860.09
1753927200,3835.79,3864.62,3829.66,3862.0,1700151.61
1753930800,3862.01,3867.88,3854.25,3861.9,946411.41
1753934400,3861.9,3869.78,3853.0,3869.74,656218.78
1753938000,3869.72,3869.72,3854.01,3857.92,560734.76
1753941600,3857.93,3876.81,3853.09,3871.99,800151.29
1753945200,3872.0,3875.0,3858.71,3861.78,844965.8
1753948800,3861.79,3872.14,3855.78,3861.7,631043.27
1753952400,3861.69,3865.0,3852.8,3861.17,616707.61
1753956000,3861.18,3864.89,3851.33,3853.01,642298.99
1753959600,3853.01,3856.0,3824.71,3836.82,1675672.03
1753963200,3836.81,3843.6,3821.07,3833.0,1611046.3
1753966800,3833.0,3834.0,3784.09,3805.0,4162260.78
1753970400,3805.0,3813.45,3764.92,3766.83,3029402.16
1753974000,3766.82,3796.26,3760.6,3786.01,2066568.07
1753977600,3786.01,3816.98,3778.55,3801.92,2414141.33
1753981200,3801.92,3803.0,3766.0,3774.11,1955949.8
1753984800,3774.1,3788.03,3746.98,3773.6,2628856.47
1753988400,3773.59,3779.91,3733.07,3736.3,1845094.94
1753992000,3736.29,3747.99,3716.6,3733.24,2122980.21
1753995600,3733.23,3756.79,3707.7,3729.2,1573988.68
1753999200,3729.19,3729.62,3700.02,3707.81,1740045.86
1754002800,3707.81,3728.54,3682.0,3697.06,2258657.52
1754006400,3697.05,3697.83,3613.23,3680.0,5375315.37
1754010000,3680.0,3696.0,3651.2,3687.52,3031431.58
1754013600,3687.44,3722.6,3678.81,3714.53,2323600.26
1754017200,3714.53,3722.06,3697.91,3702.69,1110972.64
1754020800,3702.7,3702.7,3675.0,3679.79,1860479.87
1754024400,3679.8,3691.49,3662.49,3673.45,1477044.29
1754028000,3673.44,3680.77,3638.89,3661.01,2149879.63
1754031600,3661.0,3667.89,3622.0,3648.84,2746422.2
1754035200,3648.84,3648.84,3583.2,3608.11,4629960.92
1754038800,3608.11,3638.89,3604.58,3617.37,1744449.5
1754042400,3617.37,3632.78,3607.21,3614.62,1252642.94
1754046000,3614.62,3642.0,3605.02,3641.16,1358493.82
1754049600,3641.16,3672.8,3628.39,3661.82,3300107.15
1754053200,3661.9,3673.79,3575.03,3598.25,4321609.93
1754056800,3598.25,3654.8,3561.0,3631.67,4866672.53
1754060400,3631.67,3634.96,3581.0,3614.19,3159663.06
1754064000,3614.2,3632.31,3572.8,3586.02,2827015.78
1754067600,3586.01,3600.64,3561.8,3570.34,3518658.05
1754071200,3570.33,3584.24,3535.0,3548.8,4623410.5
1754074800,3548.81,3560.65,3513.05,3517.51,3329615.94
1754078400,3517.5,3541.7,3490.01,3540.48,3582968.66
1754082000,3540.48,3552.69,3531.1,3535.58,995259.01
1754085600,3535.58,3543.31,3426.0,3461.79,5514511.99
1754089200,3461.78,3491.71,3447.36,3486.0,1869227.89
1754092800,3486.0,3514.39,3476.4,3514.2,1894563.12
1754096400,3514.21,3521.94,3492.83,3514.83,1624753.46
1754100000,3514.84,3526.59,3511.5,3521.99,885652.89
1754103600,3522.0,3530.0,3516.85,3526.96,869399.21
1754107200,3526.97,3533.28,3511.65,3531.89,864053.08
1754110800,3531.9,3535.97,3514.05,3517.73,814430.96
1754114400,3517.72,3518.5,3453.99,3478.19,3176478.77
1754118000,3478.2,3520.0,3466.97,3517.5,2061667.7
1754121600,3517.61,3523.1,3485.0,3489.74,1692856.81
1754125200,3489.73,3502.57,3480.4,3490.87,1111110.48
1754128800,3490.86,3494.28,3472.8,3489.61,1021851.24
1754132400,3489.6,3516.82,3480.6,3506.77,1194634.23
1754136000,3506.78,3513.58,3494.66,3507.03,887282.53
1754139600,3507.04,3514.98,3490.0,3507.8,957136.06
1754143200,3507.8,3515.9,3465.24,3478.01,2240193.06
1754146800,3478.01,3491.38,3449.56,3457.93,1970462.24
1754150400,3457.93,3476.32,3431.43,3470.59,3409954.4
1754154000,3470.59,3479.9,3412.88,3422.8,2501829.88
1754157600,3422.79,3432.12,3371.47,3383.03,5216690.01
1754161200,3383.03,3425.0,3375.03,3381.55,2860203.61
1754164800,3381.55,3422.99,3380.5,3422.81,1529842.89
1754168400,3422.8,3440.56,3404.91,3411.2,1613650.54
1754172000,3411.21,3426.85,3387.0,3409.7,968452.01
1754175600,3409.7,3418.0,3367.24,3392.68,1896793.32
1754179200,3392.68,3411.54,3353.44,3408.43,2768094.76
1754182800,3408.42,3422.59,3399.97,3411.97,1198441.04
1754186400,3411.97,3444.0,3411.51,3441.69,1286496.92
1754190000,3441.7,3450.0,3434.44,3441.66,1019656.55
1754193600,3441.67,3446.62,3431.54,3442.9,752064.39
1754197200,3442.9,3454.46,3438.64,3443.11,813138.69
1754200800,3443.11,3446.43,3434.9,3438.8,443976.89
1754204400,3438.79,3458.26,3438.33,3454.47,1018119.11
1754208000,3454.46,3467.08,3451.95,3460.81,1094454.22
1754211600,3460.81,3465.32,3453.41,3464.27,575674.51
1754215200,3464.26,3486.5,3463.21,3483.0,1257972.06
1754218800,3482.99,3515.0,3482.0,3483.4,2547292.91
1754222400,3483.4,3503.14,3472.55,3488.31,1451659.63
1754226000,3488.3,3497.67,3482.0,3490.37,887082.74
1754229600,3490.38,3492.88,3461.0,3470.02,1517372.84
1754233200,3470.02,3476.99,3452.0,3474.62,1665317.28
1754236800,3474.61,3495.99,3465.3,3493.5,1144602.19
1754240400,3493.49,3498.0,3478.45,3488.0,698720.21
1754244000,3488.0,3497.03,3479.51,3494.5,586391.99
1754247600,3494.5,3512.99,3486.67,3495.0,908222.71
1754251200,3495.0,3496.58,3481.21,3490.45,723332.78
1754254800,3490.46,3507.4,3486.78,3500.89,589244.23
1754258400,3500.89,3513.33,3481.4,3501.77,803266.26
1754262000,3501.78,3520.9,3494.55,3495.49,1247484.84
1754265600,3495.49,3550.93,3489.16,3544.39,2151010.83
1754269200,3544.4,3557.0,3531.53,3536.29,1737208.93
1754272800,3536.28,3570.29,3523.0,3569.99,1865056.52
1754276400,3570.0,3575.54,3552.85,3555.0,918244.37
1754280000,3555.01,3564.0,3533.99,3538.37,1337179.11
1754283600,3538.37,3540.38,3522.23,3532.2,1018192.28
1754287200,3532.21,3541.03,3516.45,3537.41,1242805.22
1754290800,3537.41,3552.99,3534.95,3550.99,920967.28
1754294400,3550.98,3563.4,3540.15,3548.86,1618658.51
1754298000,3548.87,3561.91,3543.69,3545.49,885521.16
1754301600,3545.5,3573.16,3543.02,3552.64,1103876.35
1754305200,3552.8,3564.63,3548.08,3553.62,725122.28
1754308800,3553.62,3571.86,3549.01,3568.46,811872.87
1754312400,3568.47,3619.99,3558.1,3619.2,4719372.03
1754316000,3619.2,3664.26,3616.0,3637.49,5615918.36
1754319600,3637.49,3655.32,3632.54,3646.59,1467603.2
1754323200,3646.59,3697.92,3646.59,3683.61,3241812.84
1754326800,3683.61,3716.98,3676.0,3680.04,2990509.74
1754330400,3680.0,3692.88,3670.02,3675.29,1108293.02
1754334000,3675.28,3686.99,3664.0,3668.23,954845.4
1754337600,3668.24,3712.55,3659.5,3698.37,1514990.65
1754341200,3698.36,3733.09,3697.23,3708.45,1460678.02
1754344800,3708.46,3735.44,3708.46,3730.75,1063580.82
1754348400,3730.75,3731.5,3707.16,3719.2,816743.67
1754352000,3719.19,3719.78,3691.45,3695.48,1067824.83
1754355600,3695.49,3705.65,3676.0,3678.37,1154897.57
1754359200,3678.36,3686.41,3671.1,3679.0,800156.37
1754362800,3679.0,3680.0,3647.12,3650.67,1758238.75
1754366400,3650.67,3666.87,3642.29,3648.06,1308605.82
1754370000,3648.06,3667.5,3645.62,3663.18,956552.39
1754373600,3663.19,3678.2,3632.6,3649.5,2103714.1
1754377200,3649.5,3655.48,3599.55,3612.1,3364976.04
1754380800,3612.1,3638.48,3606.6,3633.63,1816691.22
1754384400,3633.63,3665.99,3632.08,3658.99,1690648.77
1754388000,3659.0,3693.0,3652.0,3681.47,2020910.83
1754391600,3681.48,3684.83,3660.03,3672.3,1356733.78
1754395200,3672.3,3679.83,3606.97,3627.07,3269215.61
1754398800,3627.06,3658.02,3617.0,3645.45,2261524.34
1754402400,3645.31,3646.22,3558.0,3577.24,6286470.28
1754406000,3577.24,3597.0,3555.07,3569.3,2964111.62
1754409600,3569.29,3593.14,3561.25,3576.03,1924765.06
1754413200,3576.03,3607.73,3574.82,3603.84,1246737.78
1754416800,3603.85,3611.7,3565.23,3586.38,1105424.42
1754420400,3586.38,3592.88,3557.57,3570.35,864458.04
1754424000,3570.35,3596.32,3570.34,3575.33,750083.73
1754427600,3575.33,3589.45,3567.77,3574.08,421854.89
1754431200,3574.07,3598.72,3543.0,3595.5,1413508.99
1754434800,3595.36,3624.0,3592.0,3610.29,1145722.36
1754438400,3610.3,3612.49,3569.99,3575.5,1414277.63
1754442000,3575.51,3592.73,3562.41,3590.91,1253099.56
1754445600,3590.9,3595.0,3573.1,3591.16,704021.53
1754449200,3591.17,3593.4,3570.64,3582.19,667582.63
1754452800,3582.18,3583.71,3568.4,3572.28,524369.43
1754456400,3572.29,3661.73,3568.1,3637.36,3778440.52
1754460000,3637.37,3643.0,3615.79,3630.93,1535874.34
1754463600,3630.93,3646.88,3622.72,3638.52,930222.0
1754467200,3638.51,3641.84,3608.02,3621.09,1333271.54
1754470800,3621.08,3644.21,3615.12,3626.18,1134601.48
1754474400,3626.18,3632.58,3610.3,3615.57,1035850.64
1754478000,3615.57,3629.97,3608.12,3618.59,622351.04
1754481600,3618.59,3622.52,3577.0,3583.43,2210186.06
1754485200,3583.43,3603.84,3571.0,3601.0,2028766.01
1754488800,3601.0,3635.63,3585.84,3635.63,2683114.74
1754492400,3635.63,3667.97,3618.23,3662.64,2231438.82
1754496000,3662.64,3673.02,3638.81,3643.49,1910116.08
1754499600,3643.49,3683.95,3636.85,3680.41,1279503.28
1754503200,3680.4,3697.92,3671.33,3675.49,1406467.98
1754506800,3675.5,3684.83,3667.13,3682.02,619927.19
1754510400,3682.01,3682.01,3665.14,3672.56,397213.84
1754514000,3672.57,3683.67,3650.42,3668.54,757147.02
1754517600,3668.53,3681.27,3664.03,3680.79,508170.74
1754521200,3680.79,3684.63,3671.98,3680.97,406461.55
1754524800,3680.97,3681.0,3662.0,3672.65,686214.35
1754528400,3672.65,3716.0,3665.0,3666.0,2266200.35
1754532000,3666.0,3676.16,3648.36,3657.82,1339177.33
1754535600,3657.82,3663.43,3646.1,3655.12,722036.57
1754539200,3655.13,3669.12,3653.4,3660.56,574947.49
1754542800,3660.56,3687.45,3657.43,3685.81,1077089.87
1754546400,3685.82,3709.52,3684.0,3693.18,1856616.39
1754550000,3693.19,3708.0,3692.0,3700.71,804408.81
1754553600,3700.72,3726.04,3700.43,3719.59,1889924.02
1754557200,3719.59,3733.52,3712.93,3729.72,1113549.16
1754560800,3729.71,3824.75,3727.71,3819.2,7140601.71
1754564400,3819.2,3844.51,3805.0,3825.78,3127845.13
1754568000,3825.77,3851.91,3822.15,3848.22,2378624.68
1754571600,3848.22,3864.65,3825.37,3856.09,3355857.17
1754575200,3856.08,3857.0,3801.6,3817.81,3693493.91
1754578800,3817.82,3838.94,3812.5,3834.81,1538606.71
1754582400,3834.81,3841.54,3778.77,3813.23,3238844.81
1754586000,3813.23,3833.55,3802.48,3828.14,1190900.49
1754589600,3828.14,3829.5,3806.49,3825.53,714211.98
1754593200,3825.54,3876.54,3820.36,3865.81,2190094.07
1754596800,3865.81,3879.57,3849.51,3872.47,1002379.02
1754600400,3872.46,3886.36,3856.7,3869.41,925166.93
1754604000,3869.4,3926.88,3866.33,3914.99,2411213.6
1754607600,3915.0,3917.32,3887.72,3908.47,1439664.32
1754611200,3908.46,3936.34,3880.9,3898.61,3020080.11
1754614800,3898.61,3917.26,3875.86,3885.99,1791583.95
1754618400,3885.99,3904.55,3878.12,3892.03,1028105.99
1754622000,3892.02,3968.96,3890.8,3938.0,3143173.06
1754625600,3938.0,3938.0,3914.0,3919.6,1116006.32
1754629200,3919.6,3919.9,3893.29,3900.25,1118203.3
1754632800,3900.24,3919.19,3893.76,3913.61,934414.29
1754636400,3913.61,3928.32,3899.04,3914.8,1034787.01
1754640000,3914.8,3926.5,3883.35,3897.5,1503621.27
1754643600,3897.49,3901.5,3883.21,3899.07,774961.84
1754647200,3899.07,3907.9,3885.46,3896.32,677763.89
1754650800,3896.33,3919.87,3896.33,3916.91,1010565.33
1754654400,3916.9,3917.43,3891.0,3891.01,904154.41
1754658000,3891.0,4013.02,3890.04,3999.01,5392963.05
1754661600,3999.01,4005.0,3942.0,3983.49,4880506.2
1754665200,3983.49,3988.0,3925.23,3953.29,2964200.98
1754668800,3953.3,3976.0,3948.24,3969.67,1367455.54
1754672400,3969.66,4034.62,3966.48,4031.91,3507662.54
1754676000,4031.92,4058.12,4028.89,4056.29,2880006.08
1754679600,4056.28,4066.0,4030.04,4060.0,1424501.16
1754683200,4059.99,4072.58,4045.0,4056.94,917043.58
1754686800,4056.94,4058.33,4036.96,4036.96,510165.74
1754690400,4036.96,4038.57,4016.0,4024.29,1056742.87
1754694000,4024.29,4032.36,4006.26,4009.66,639095.79
1754697600,4009.66,4026.29,4006.23,4016.5,744378.39
1754701200,4016.49,4037.0,4009.25,4032.04,793268.59
1754704800,4032.0,4037.71,4023.14,4031.03,488310.52
1754708400,4031.03,4050.83,4024.51,4049.48,1165404.64
1754712000,4049.49,4100.8,4043.2,4079.57,2950468.52
1754715600,4079.58,4218.0,4074.19,4181.89,7443283.74
1754719200,4181.9,4183.79,4143.0,4162.5,2339082.83
1754722800,4162.5,4177.57,4156.16,4170.39,892848.19
1754726400,4170.4,4203.45,4164.49,4189.7,1851647.54
1754730000,4189.7,4240.0,4173.32,4218.51,2867030.14
1754733600,4218.52,4248.9,4212.4,4216.79,2514028.68
1754737200,4216.79,4217.78,4185.55,4190.7,1662230.1
1754740800,4190.71,4207.73,4182.0,4196.11,1172400.73
1754744400,4196.1,4199.62,4165.15,4166.43,1828132.77
1754748000,4166.43,4199.0,4154.0,4196.51,1797492.68
1754751600,4196.51,4228.35,4171.17,4209.01,2648621.23
1754755200,4209.01,4228.0,4193.3,4207.53,1370528.47
1754758800,4207.52,4240.0,4200.04,4234.9,1269629.53
1754762400,4234.91,4258.13,4221.0,4242.7,1524813.79
1754766000,4242.7,4273.79,4237.01,4258.81,1351848.8
1754769600,4258.81,4295.0,4257.0,4291.88,1857457.51
1754773200,4291.89,4304.27,4263.89,4279.45,1877039.55
1754776800,4279.45,4330.0,4242.07,4266.55,2994053.98
1754780400,4266.55,4277.25,4250.0,4262.77,978780.0
1754784000,4262.78,4334.57,4250.18,4312.09,2097834.18
1754787600,4312.09,4324.53,4289.4,4302.63,1598071.62
1754791200,4302.62,4306.97,4250.0,4250.0,2351420.45
1754794800,4250.0,4261.0,4207.44,4244.4,3782680.97
1754798400,4244.4,4266.95,4228.64,4253.56,1346447.37
1754802000,4253.57,4253.69,4213.09,4222.96,1717458.38
1754805600,4222.96,4239.23,4205.21,4226.98,1456818.69
1754809200,4226.99,4235.82,4176.98,4186.5,2293270.02
1754812800,4186.5,4219.9,4160.12,4210.0,2312895.3
1754816400,4210.0,4231.97,4209.99,4226.23,977723.25
1754820000,4226.24,4233.66,4194.01,4198.73,1687583.12
1754823600,4198.73,4222.22,4177.0,4181.49,1640421.16
1754827200,4181.49,4202.6,4172.56,4201.88,1175788.72
1754830800,4201.88,4206.59,4164.08,4167.81,1222368.82
1754834400,4167.81,4227.68,4162.02,4219.17,1952807.12
1754838000,4219.18,4239.0,4210.75,4217.63,1200524.87
1754841600,4217.63,4243.89,4214.5,4233.01,981413.71
1754845200,4233.02,4248.0,4223.18,4224.42,638989.62
1754848800,4224.43,4237.48,4217.84,4236.11,422861.21
1754852400,4236.11,4259.91,4230.61,4248.87,863566.49
1754856000,4248.86,4250.83,4205.13,4217.12,1360155.12
1754859600,4217.13,4223.71,4186.26,4223.28,1507511.38
1754863200,4223.28,4250.86,4204.64,4250.55,857712.25
1754866800,4250.55,4255.0,4228.0,4250.79,1058799.1
1754870400,4250.79,4285.66,4238.17,4262.66,2150326.35
1754874000,4262.66,4320.0,4261.0,4302.81,3091601.98
1754877600,4302.82,4343.27,4293.58,4308.83,3075102.12
1754881200,4308.84,4312.0,4283.5,4308.99,1587499.48
1754884800,4309.0,4349.83,4304.0,4319.24,2324465.24
1754888400,4319.25,4330.69,4292.0,4305.3,1346661.96
1754892000,4305.3,4312.45,4294.32,4298.22,1282119.93
1754895600,4298.23,4303.8,4266.57,4274.08,1755569.66
1754899200,4274.08,4285.39,4253.4,4281.81,1753975.07
1754902800,4281.8,4284.0,4261.05,4266.57,977602.03
1754906400,4266.57,4269.61,4218.66,4235.92,2634375.52
1754910000,4235.93,4239.66,4170.74,4184.76,3696224.15
1754913600,4184.75,4195.51,4165.68,4183.83,2350927.57
1754917200,4183.83,4302.16,4170.13,4279.48,5786478.98
1754920800,4279.48,4320.0,4262.09,4277.09,4558672.7
1754924400,4277.1,4332.99,4257.67,4329.19,2830271.62
1754928000,4329.2,4368.0,4310.72,4311.0,4207428.91
1754931600,4311.0,4322.32,4282.48,4293.16,2272052.9
1754935200,4293.15,4308.0,4266.26,4294.46,1891969.07
1754938800,4294.46,4308.53,4232.59,4258.31,1980745.99
1754942400,4258.3,4258.3,4220.02,4242.26,1449064.21
1754946000,4242.25,4255.4,4188.0,4219.4,1620831.61
1754949600,4219.4,4224.27,4188.61,4219.65,1328092.81
1754953200,4219.65,4235.01,4213.1,4221.91,932570.11
1754956800,4221.91,4284.0,4216.16,4273.24,1580174.31
1754960400,4273.2,4290.0,4257.51,4269.33,1179755.43
1754964000,4269.33,4310.87,4261.0,4290.38,1235026.27
1754967600,4290.38,4303.8,4274.23,4284.41,882580.88
1754971200,4284.4,4320.57,4279.09,4309.11,1089378.49
1754974800,4309.12,4309.12,4263.73,4284.0,1594398.15
1754978400,4283.99,4312.33,4271.1,4289.31,1392908.62
1754982000,4289.3,4317.99,4289.3,4314.0,946903.62
1754985600,4314.0,4331.86,4294.1,4309.26,1614488.07
1754989200,4309.27,4315.88,4284.0,4286.7,1175255.17
1754992800,4286.71,4299.0,4272.25,4276.65,1258009.1
1754996400,4276.65,4296.64,4256.0,4289.46,1570684.72
1755000000,4289.47,4428.18,4276.34,4404.41,7992663.06
1755003600,4404.41,4434.07,4351.0,4380.81,6243465.79
1755007200,4380.81,4423.35,4373.49,4412.9,2531123.33
1755010800,4412.9,4479.8,4412.09,4470.3,4008369.51
1755014400,4470.31,4486.0,4438.33,4465.0,3026165.02
1755018000,4465.0,4508.33,4462.1,4498.65,4076162.33
1755021600,4498.66,4518.12,4476.0,4489.31,2124129.09
1755025200,4489.3,4518.15,4481.02,4515.85,1183375.76
1755028800,4515.85,4642.41,4503.0,4620.63,5771189.62
1755032400,4620.63,4620.63,4577.63,4586.0,1635402.75
1755036000,4586.13,4591.79,4562.65,4575.72,1481314.68
1755039600,4575.72,4616.0,4572.67,4589.81,1915093.04
1755043200,4589.82,4638.82,4583.0,4613.55,2019250.03
1755046800,4613.55,4617.4,4563.02,4584.62,2191691.68
1755050400,4584.62,4628.0,4568.0,4622.49,1614921.6
1755054000,4622.49,4656.36,4607.1,4645.85,2308208.76
1755057600,4645.84,4683.92,4644.39,4673.69,2879696.69
1755061200,4673.69,4674.99,4621.01,4632.01,2085163.96
1755064800,4632.0,4649.72,4608.47,4623.41,1694238.76
1755068400,4623.41,4633.26,4611.35,4625.48,1023048.37
1755072000,4625.48,4639.76,4609.06,4626.43,1228980.3
1755075600,4626.43,4715.0,4623.18,4708.0,3165141.57
1755079200,4708.0,4718.0,4688.68,4694.8,2131303.01
1755082800,4694.8,4709.0,4669.0,4690.37,1545232.75
1755086400,4690.37,4724.0,4675.04,4686.5,2494896.6
1755090000,4686.5,4737.46,4645.0,4670.8,5329131.24
1755093600,4670.8,4705.46,4633.64,4648.72,4407730.91
1755097200,4648.71,4674.75,4616.43,4665.14,2692044.96
1755100800,4665.14,4738.18,4661.41,4701.07,3072036.14
1755104400,4701.06,4736.84,4697.56,4726.51,1826589.0
1755108000,4726.51,4752.26,4688.27,4715.67,2150694.21
1755111600,4715.67,4751.58,4708.59,4739.63,1675947.9
1755115200,4739.63,4743.0,4696.0,4718.09,1024258.62
1755118800,4718.09,4778.46,4714.06,4721.39,2053823.98
1755122400,4721.38,4785.55,4706.22,4733.69,2203923.14
1755126000,4733.7,4784.4,4732.79,4749.93,1431981.14
1755129600,4749.93,4766.95,4713.0,4717.64,1911523.21
1755133200,4717.64,4750.79,4710.05,4722.17,1138377.7
1755136800,4722.14,4771.44,4720.11,4752.43,1228453.65
1755140400,4752.44,4782.74,4743.88,4776.69,1395243.41
1755144000,4776.69,4788.88,4753.26,4760.86,1376575.1
1755147600,4760.86,4773.78,4726.8,4734.07,1603835.5
1755151200,4734.06,4794.89,4718.96,4777.27,2706124.96
1755154800,4777.27,4777.28,4732.3,4750.8,1896025.95
1755158400,4750.79,4751.87,4722.0,4728.43,1219860.61
1755162000,4728.42,4766.44,4721.0,4760.65,1580425.8
1755165600,4760.64,4768.59,4673.24,4709.11,3621997.96
1755169200,4709.11,4723.85,4694.06,4721.49,1586524.57
1755172800,4721.5,4739.51,4516.04,4570.89,11986430.72
1755176400,4570.9,4638.66,4455.34,4613.65,11614649.35
1755180000,4613.64,4704.73,4581.22,4671.8,5830976.19
1755183600,4671.8,4687.28,4589.0,4620.01,4723829.78
1755187200,4620.01,4625.13,4515.27,4546.81,5680301.96
1755190800,4546.81,4564.97,4506.85,4549.34,2298442.24
1755194400,4549.4,4560.0,4480.0,4538.05,2768471.74
1755198000,4538.05,4574.53,4533.9,4537.01,1215590.01
1755201600,4537.01,4546.19,4505.38,4532.86,1357855.25
1755205200,4532.86,4544.2,4452.0,4477.26,2235672.74
1755208800,4477.26,4532.68,4457.0,4531.62,1332361.1
1755212400,4531.62,4571.6,4529.1,4545.6,1177477.99
1755216000,4545.6,4590.87,4536.1,4562.05,1414070.27
1755219600,4562.06,4612.91,4555.0,4603.51,1611275.54
1755223200,4603.51,4642.38,4595.24,4620.6,1519459.59
1755226800,4620.6,4649.93,4612.43,4633.44,1212741.5
1755230400,4633.44,4646.87,4614.0,4624.67,1044249.04
1755234000,4624.67,4632.0,4604.04,4618.23,1052902.32
1755237600,4618.23,4661.93,4617.26,4646.55,1632339.23
1755241200,4646.55,4652.93,4626.0,4640.68,1262094.4
1755244800,4640.67,4665.83,4632.59,4640.01,1140509.18
1755248400,4640.01,4652.5,4612.0,4623.47,1253955.73
1755252000,4623.47,4649.0,4622.84,4634.77,815361.02
1755255600,4634.77,4646.5,4621.79,4633.26,793697.85
1755259200,4633.27,4673.0,4590.44,4627.0,3344633.34
1755262800,4627.0,4630.0,4533.01,4539.91,3950684.52
1755266400,4539.91,4577.0,4473.57,4492.51,5075609.81
1755270000,4492.52,4499.5,4393.0,4429.99,6873891.94
1755273600,4430.0,4433.54,4372.35,4415.34,4943284.77
1755277200,4415.34,4460.5,4373.0,4438.48,3651714.8
1755280800,4438.48,4454.8,4378.18,4395.54,2211483.95
1755284400,4395.54,4426.0,4374.46,4382.41,1664658.89
1755288000,4382.4,4433.0,4365.48,4424.22,1554646.58
1755291600,4424.18,4429.67,4390.1,4427.85,894221.03
1755295200,4427.85,4478.47,4410.69,4474.1,1435031.05
1755298800,4474.1,4489.58,4408.0,4438.05,1619995.76
1755302400,4438.04,4482.38,4430.29,4474.29,1244267.54
1755306000,4474.3,4488.2,4451.0,4485.4,1262360.71
1755309600,4485.4,4485.4,4432.49,4443.37,1053588.28
1755313200,4443.38,4456.38,4423.02,4431.67,732636.91
1755316800,4431.67,4456.86,4428.27,4453.15,671310.6
1755320400,4453.15,4453.88,4415.48,4420.19,933832.33
1755324000,4420.19,4433.91,4405.59,4417.64,1012316.53
1755327600,4417.64,4462.22,4417.39,4449.51,1237167.42
1755331200,4449.51,4457.16,4437.06,4440.76,623423.3
1755334800,4440.77,4457.2,4387.5,4395.5,1540337.02
1755338400,4395.5,4413.51,4372.01,4403.46,2452005.54
1755342000,4403.47,4423.96,4384.08,4386.86,1176781.16
1755345600,4386.86,4411.0,4374.07,4409.0,1578530.46
1755349200,4409.0,4427.45,4382.05,4392.37,1523143.57
1755352800,4392.37,4417.82,4386.04,4411.5,979133.06
1755356400,4411.49,4417.59,4385.01,4398.8,877190.99
1755360000,4398.8,4415.63,4394.0,4406.6,746713.09
1755363600,4406.6,4408.09,4388.61,4403.22,508280.54
1755367200,4403.21,4421.65,4397.38,4408.0,536960.91
1755370800,4408.0,4440.98,4406.14,4417.01,752424.58
1755374400,4417.01,4436.34,4407.81,4430.04,587647.61
1755378000,4430.03,4430.04,4403.43,4405.91,363495.02
1755381600,4405.91,4432.85,4400.65,4424.35,534307.01
1755385200,4424.35,4429.05,4408.06,4420.28,369721.64
1755388800,4420.28,4425.86,4408.11,4410.81,448713.3
1755392400,4410.81,4419.33,4391.6,4404.76,1002692.65
1755396000,4404.75,4432.31,4397.0,4432.3,789613.99
1755399600,4432.29,4457.42,4425.53,4450.63,1366563.73
1755403200,4450.63,4487.43,4449.65,4481.22,1826026.55
1755406800,4481.21,4488.8,4464.19,4467.62,992580.83
1755410400,4467.62,4481.9,4453.16,4455.04,861565.05
1755414000,4455.04,4470.42,4441.41,4464.88,1008402.98
1755417600,4464.87,4536.77,4456.78,4533.0,2456911.95
1755421200,4533.0,4557.65,4524.09,4540.74,2445663.08
1755424800,4540.74,4574.99,4526.78,4565.96,1364187.82
1755428400,4565.96,4567.48,4544.64,4549.74,821113.89
1755432000,4549.73,4552.0,4532.26,4539.63,792787.45
1755435600,4539.62,4549.47,4515.0,4534.23,1452472.78
1755439200,4534.22,4557.5,4530.5,4551.36,880399.45
1755442800,4551.35,4563.57,4542.48,4559.21,699200.3
1755446400,4559.21,4564.57,4501.0,4515.41,2040831.01
1755450000,4515.41,4532.5,4502.33,4521.7,985772.56
1755453600,4521.71,4531.0,4423.0,4466.84,2668531.42
1755457200,4466.83,4481.83,4444.43,4457.61,1753621.52
1755460800,4457.61,4476.61,4454.99,4465.2,544400.8
1755464400,4465.26,4484.84,4460.12,4472.86,475084.81
1755468000,4472.85,4532.81,4469.7,4519.9,1256916.45
1755471600,4519.89,4521.27,4465.38,4471.49,1405490.5
1755475200,4471.48,4481.44,4433.8,4461.61,1764523.93
1755478800,4461.62,4467.88,4381.14,4395.11,3560266.37
1755482400,4395.1,4401.11,4307.1,4319.19,6109575.34
1755486000,4319.2,4337.18,4276.0,4318.88,4063347.59
1755489600,4318.89,4340.0,4301.0,4334.82,1841487.88
1755493200,4334.82,4346.34,4258.0,4311.52,3428812.39
1755496800,4311.51,4311.55,4228.0,4251.21,4153435.28
1755500400,4251.2,4272.45,4233.81,4254.91,2029703.04
1755504000,4254.91,4285.57,4248.01,4257.56,2149314.84
1755507600,4257.55,4317.52,4222.47,4290.81,4436357.41
1755511200,4290.8,4305.93,4256.87,4263.04,2025498.6
1755514800,4263.04,4277.78,4250.69,4273.01,1178154.38
1755518400,4273.0,4343.5,4269.2,4341.58,2949310.94
1755522000,4341.58,4368.0,4280.03,4285.11,4227528.97
1755525600,4285.12,4332.71,4271.73,4331.7,3435083.51
1755529200,4331.69,4345.0,4296.0,4344.05,1977418.1
1755532800,4344.05,4360.0,4298.0,4318.74,2151481.24
1755536400,4318.74,4380.23,4311.33,4342.0,2120161.49
1755540000,4342.0,4372.15,4325.6,4366.0,1243231.55
1755543600,4366.0,4383.87,4342.38,4353.64,1423065.41
1755547200,4353.6,4366.85,4316.38,4331.42,972797.6
1755550800,4331.43,4361.73,4325.58,4352.09,710779.31
1755554400,4352.1,4387.0,4338.14,4339.31,1237535.77
1755558000,4339.3,4349.93,4303.17,4312.51,1085387.88
1755561600,4312.51,4342.7,4265.3,4341.96,2615047.62
1755565200,4341.96,4355.0,4285.71,4294.82,1887164.04
1755568800,4294.82,4300.0,4280.55,4285.4,1157393.21
1755572400,4285.4,4290.91,4213.03,4218.41,3668902.35
1755576000,4218.4,4234.81,4191.68,4234.58,2700814.2
1755579600,4234.58,4249.59,4218.02,4229.7,1463995.21
1755583200,4229.71,4249.25,4223.39,4240.72,994317.09
1755586800,4240.71,4245.49,4203.07,4233.82,1580178.98
1755590400,4233.82,4268.0,4217.27,4255.65,1644969.93
1755594000,4255.65,4306.5,4253.27,4280.46,2034937.41
1755597600,4280.46,4301.02,4274.13,4284.79,1010090.66
1755601200,4284.8,4316.67,4284.65,4307.7,1151447.4
1755604800,4307.71,4313.88,4283.33,4304.19,1210615.7
1755608400,4304.19,4339.96,4262.55,4291.06,3856825.76
1755612000,4291.05,4305.6,4182.16,4191.1,5656975.82
1755615600,4191.11,4231.2,4169.62,4190.4,4083209.93
1755619200,4190.41,4205.62,4135.74,4141.11,3996793.43
1755622800,4141.11,4188.62,4131.1,4184.46,2493297.96
1755626400,4184.46,4186.61,4119.76,4144.61,2457742.0
1755630000,4144.64,4168.0,4112.99,4141.2,2617894.35
1755633600,4141.23,4164.17,4114.33,4158.27,1475502.73
1755637200,4158.22,4164.33,4136.28,4152.65,730723.95
1755640800,4152.65,4154.47,4118.16,4130.95,1082476.67
1755644400,4130.94,4134.87,4066.1,4075.0,3122684.58
1755648000,4074.99,4115.4,4074.23,4104.01,1748957.92
1755651600,4104.01,4122.91,4060.79,4109.59,2696319.35
1755655200,4109.6,4142.0,4105.03,4136.81,1540760.19
1755658800,4136.8,4157.76,4126.65,4140.01,1348144.23
1755662400,4140.0,4179.66,4138.6,4168.82,1625752.23
1755666000,4168.81,4182.49,4152.66,4181.36,941791.24
1755669600,4181.31,4187.52,4165.06,4180.21,1203029.21
1755673200,4180.2,4210.95,4180.0,4183.58,1924499.02
1755676800,4183.58,4238.97,4177.32,4237.4,2476596.38
1755680400,4237.4,4237.41,4216.0,4220.94,1375857.28
1755684000,4220.94,4231.73,4208.0,4225.0,981875.65
1755687600,4225.01,4230.57,4148.03,4194.21,3397176.5
1755691200,4194.21,4221.13,4174.07,4203.63,2388301.62
1755694800,4203.62,4214.2,4126.27,4134.67,4635177.37
1755698400,4134.67,4234.18,4104.41,4211.49,6319402.03
1755702000,4211.49,4305.6,4203.76,4253.44,5610986.6
1755705600,4253.43,4327.12,4252.64,4299.71,3658203.55
1755709200,4299.71,4363.67,4296.3,4341.51,3002705.67
1755712800,4341.51,4343.37,4261.1,4289.31,3330866.35
1755716400,4289.31,4349.99,4284.02,4344.19,1894356.52
1755720000,4344.18,4369.99,4329.48,4353.01,1086214.12
1755723600,4353.01,4365.0,4318.57,4340.08,1122049.39
1755727200,4340.08,4377.08,4335.14,4364.2,906914.34
1755730800,4364.2,4365.69,4323.65,4334.59,858006.24
1755734400,4334.6,4334.6,4304.25,4322.2,1055854.41
1755738000,4322.19,4336.0,4294.74,4329.83,1037844.39
1755741600,4329.82,4338.65,4275.41,4290.88,1635885.6
1755745200,4290.88,4331.88,4290.42,4293.5,1441401.7
1755748800,4293.48,4306.13,4282.11,4292.99,998582.41
1755752400,4293.0,4319.84,4280.2,4316.14,1013858.82
1755756000,4316.14,4316.5,4282.0,4305.16,1117844.3
1755759600,4305.16,4312.0,4268.37,4308.88,1518572.4
1755763200,4308.88,4313.4,4282.71,4284.12,1058538.43
1755766800,4284.12,4290.5,4253.81,4275.51,1904960.09
1755770400,4275.52,4305.17,4262.04,4289.99,1301503.97
1755774000,4289.99,4308.88,4265.5,4277.7,1433445.48
1755777600,4277.71,4285.0,4236.0,4248.4,2653244.95
1755781200,4248.39,4294.43,4240.24,4260.87,2636552.95
1755784800,4260.88,4326.84,4252.18,4272.59,3920176.98
1755788400,4272.6,4275.8,4223.73,4241.91,2816920.27
1755792000,4241.91,4259.81,4213.23,4220.67,2124185.85
1755795600,4220.68,4245.49,4207.1,4241.01,1565933.32
1755799200,4241.01,4268.62,4232.47,4260.2,1107567.07
1755802800,4260.2,4273.45,4215.72,4222.61,1273117.2
1755806400,4222.6,4259.81,4203.0,4241.31,1064291.82
1755810000,4241.3,4256.0,4210.0,4242.25,1098873.24
1755813600,4242.24,4259.38,4235.77,4252.26,382798.12
1755817200,4252.25,4252.98,4208.03,4224.5,806160.03
1755820800,4224.51,4256.19,4223.11,4245.29,826094.57
1755824400,4245.29,4265.41,4221.05,4256.09,1133995.04
1755828000,4256.09,4314.31,4250.0,4289.59,2233833.47
1755831600,4289.58,4299.97,4263.33,4277.6,1207953.23
1755835200,4277.6,4307.39,4272.7,4279.98,1349997.01
1755838800,4279.99,4292.79,4271.16,4289.69,794722.5
1755842400,4289.69,4318.16,4279.1,4293.39,1772294.35
1755846000,4293.4,4344.35,4289.8,4326.0,2264112.15
1755849600,4326.01,4353.0,4324.43,4327.35,1568296.21
1755853200,4327.34,4330.33,4305.0,4327.5,1406893.49
1755856800,4327.51,4328.6,4287.01,4294.76,1266234.42
1755860400,4294.8,4298.25,4271.0,4272.7,1422574.37
1755864000,4272.71,4276.29,4206.05,4243.26,4539477.6
1755867600,4243.25,4319.43,4231.03,4289.21,3931534.41
1755871200,4289.2,4646.61,4287.9,4612.15,22423073.95
1755874800,4612.15,4667.49,4611.0,4615.35,4862232.64
1755878400,4615.35,4779.61,4615.35,4745.44,7991439.51
1755882000,4745.43,4849.0,4745.15,4800.02,7106657.11
1755885600,4800.02,4806.32,4753.33,4789.77,2796094.27
1755889200,4789.78,4859.72,4783.48,4832.79,2383818.27
1755892800,4832.79,4868.4,4812.41,4848.83,1959004.35
1755896400,4848.83,4888.0,4838.0,4852.42,2818881.46
1755900000,4852.41,4856.0,4795.0,4811.61,1715829.08
1755903600,4811.61,4848.7,4808.82,4831.99,893447.08
1755907200,4831.99,4832.0,4802.22,4808.4,949049.78
1755910800,4808.41,4818.23,4757.0,4780.93,1643976.28
1755914400,4780.94,4791.97,4663.02,4715.35,4677338.34
1755918000,4715.35,4724.25,4675.11,4695.5,1945675.54
1755921600,4695.49,4748.0,4694.15,4747.57,2010382.29
1755925200,4747.58,4765.89,4728.0,4751.05,1168853.28
1755928800,4751.05,4762.77,4735.0,4745.36,965006.82
1755932400,4745.36,4750.99,4707.4,4713.77,1233950.61
1755936000,4713.77,4729.99,4697.77,4718.01,1123770.77
1755939600,4718.0,4742.0,4707.07,4738.22,918803.81
1755943200,4738.23,4745.0,4710.01,4711.66,829103.69
1755946800,4711.67,4729.89,4690.0,4703.99,866252.17
1755950400,4703.99,4734.86,4692.29,4714.4,1238246.15
1755954000,4714.4,4734.25,4706.53,4717.89,843277.97
1755957600,4717.88,4757.55,4715.0,4725.69,1796965.17
1755961200,4725.69,4768.8,4720.0,4749.22,1155645.85
1755964800,4749.22,4760.75,4741.4,4741.41,678201.05
1755968400,4741.41,4751.0,4725.58,4748.41,544018.22
1755972000,4748.42,4758.23,4742.36,4752.24,326420.13
1755975600,4752.24,4759.94,4746.47,4757.0,297531.79
1755979200,4757.01,4758.1,4740.99,4750.24,316056.54
1755982800,4750.23,4752.68,4735.8,4748.56,299358.51
1755986400,4748.56,4786.0,4748.5,4781.38,700229.11
1755990000,4781.37,4797.95,4766.59,4777.47,853241.33
1755993600,4777.47,4817.42,4773.01,4797.2,1213936.57
1755997200,4797.2,4798.0,4757.44,4775.6,1173111.66
1756000800,4775.59,4790.0,4770.65,4774.96,551380.84
1756004400,4774.96,4796.47,4751.32,4787.76,971868.4
1756008000,4787.75,4798.8,4776.0,4792.39,579350.52
1756011600,4792.39,4793.04,4778.0,4782.36,380106.86
1756015200,4782.39,4785.9,4756.0,4759.81,724694.75
1756018800,4759.81,4783.75,4757.09,4758.02,639015.47
1756022400,4758.01,4777.71,4743.0,4775.54,931469.28
1756026000,4775.53,4785.0,4760.53,4771.01,568612.27
1756029600,4771.0,4774.18,4730.4,4739.01,1501617.24
1756033200,4739.01,4750.5,4718.75,4747.01,1402701.52
1756036800,4747.01,4757.0,4737.02,4754.16,654661.17
1756040400,4754.16,4780.0,4752.58,4767.6,1270960.74
1756044000,4767.6,4799.48,4758.26,4794.0,1497525.98
1756047600,4794.01,4830.0,4784.01,4797.1,2396273.0
1756051200,4797.09,4838.0,4793.59,4820.19,1788050.84
1756054800,4820.18,4935.5,4819.5,4904.51,4737532.64
1756058400,4904.5,4958.69,4896.0,4934.3,2831364.58
1756062000,4934.3,4957.33,4741.58,4812.33,9341639.77
1756065600,4812.32,4814.71,4708.4,4785.36,4869604.11
1756069200,4785.37,4823.0,4752.0,4783.2,1691120.16
1756072800,4783.2,4791.19,4723.0,4780.37,2162184.64
1756076400,4780.38,4802.84,4771.0,4778.86,1282001.09
1756080000,4778.86,4796.54,4668.99,4699.67,3032972.36
1756083600,4699.67,4745.44,4698.07,4730.82,1501802.45
1756087200,4730.82,4774.96,4726.0,4763.21,1232246.32
1756090800,4763.21,4773.0,4718.0,4726.0,1367446.32
1756094400,4726.01,4737.97,4692.0,4717.86,1698085.9
1756098000,4717.86,4731.57,4701.11,4704.59,1043816.26
1756101600,4704.59,4708.39,4616.0,4630.83,3624599.3
1756105200,4630.83,4653.1,4581.31,4591.36,3333411.29
1756108800,4591.36,4616.72,4557.18,4599.13,2904282.93
1756112400,4599.13,4614.99,4570.45,4613.37,1875457.41
1756116000,4613.37,4613.37,4518.0,4544.47,3678029.75
1756119600,4544.48,4599.13,4543.44,4598.56,2011563.89
1756123200,4598.55,4645.83,4584.2,4645.61,2463776.47
1756126800,4645.61,4662.86,4588.82,4628.4,4042665.62
1756130400,4628.4,4682.3,4618.05,4657.33,2975251.87
1756134000,4657.33,4666.18,4603.43,4610.2,1646712.78
1756137600,4610.19,4643.92,4588.49,4593.35,2225405.69
1756141200,4593.36,4598.38,4561.93,4585.0,2072525.51
1756144800,4585.0,4595.46,4567.57,4572.63,835039.01
1756148400,4572.63,4576.19,4413.5,4418.25,4832734.79
1756152000,4418.25,4445.1,4331.04,4349.8,6304962.05
1756155600,4349.8,4386.12,4337.0,4348.84,2477561.25
1756159200,4348.84,4414.86,4348.84,4390.11,1772025.94
1756162800,4390.12,4390.12,4351.97,4374.06,1482451.46
1756166400,4374.06,4393.17,4317.61,4330.1,3455374.63
1756170000,4330.1,4421.36,4308.8,4419.27,2828327.87
1756173600,4419.26,4449.75,4386.09,4394.72,2231276.35
1756177200,4394.71,4407.0,4371.8,4400.85,1265892.83
1756180800,4400.85,4440.68,4400.85,4432.39,1432903.35
1756184400,4432.4,4446.0,4418.5,4428.0,939664.28
1756188000,4428.0,4439.27,4403.4,4412.31,1304303.22
1756191600,4412.3,4452.0,4391.19,4426.84,2083616.65
1756195200,4426.84,4445.09,4403.36,4418.0,1324892.72
1756198800,4417.99,4440.0,4405.72,4418.21,1059555.53
1756202400,4418.21,4448.09,4416.1,4438.72,1137675.58
1756206000,4438.71,4464.59,4406.0,4425.58,1891234.99
1756209600,4425.58,4534.89,4403.0,4494.6,5809495.51
1756213200,4494.61,4518.85,4434.0,4478.49,4704651.83
1756216800,4478.48,4557.93,4451.0,4549.82,4372239.84
1756220400,4549.81,4577.0,4504.16,4516.29,4013816.74
1756224000,4516.3,4554.69,4495.75,4552.47,2266609.54
1756227600,4552.47,4558.82,4502.8,4519.19,1818677.76
1756231200,4519.2,4562.61,4518.6,4545.82,1487853.13
1756234800,4545.81,4596.0,4524.24,4594.06,2286144.59
1756238400,4594.06,4609.21,4567.42,4582.23,1705943.02
1756242000,4582.22,4605.0,4559.54,4602.28,995486.53
1756245600,4602.27,4606.99,4574.74,4598.68,781109.22
1756249200,4598.68,4631.53,4587.0,4598.04,1461810.88
1756252800,4598.04,4599.77,4560.97,4568.01,1161700.39
1756256400,4568.01,4572.67,4538.0,4560.87,1348342.99
1756260000,4560.87,4587.0,4544.17,4574.73,1312399.87
1756263600,4574.72,4624.68,4544.12,4600.46,2004710.46
1756267200,4600.46,4641.63,4595.97,4626.43,2077129.88
1756270800,4626.44,4643.99,4607.0,4611.9,1231518.52
1756274400,4611.89,4611.9,4581.6,4585.0,1224617.24
1756278000,4584.99,4590.79,4558.55,4578.74,1415858.78
1756281600,4578.73,4595.58,4553.95,4593.41,1326401.68
1756285200,4593.41,4619.12,4585.0,4586.32,1688645.15
1756288800,4586.32,4612.16,4568.21,4578.99,1254065.69
1756292400,4578.99,4613.57,4578.99,4606.64,792394.42
1756296000,4606.65,4623.91,4576.16,4613.27,1782602.83
1756299600,4613.27,4658.88,4572.02,4593.89,3793880.33
1756303200,4593.84,4662.84,4581.02,4610.81,3244236.14
1756306800,4610.81,4657.78,4606.06,4654.8,1847649.98
1756310400,4654.79,4655.0,4603.0,4628.42,1782786.01
1756314000,4628.42,4643.15,4607.23,4629.09,1063831.38
1756317600,4629.08,4641.58,4586.0,4589.25,1171263.97
1756321200,4589.24,4597.76,4531.03,4563.04,2326601.1
1756324800,4563.03,4611.71,4508.3,4593.29,4015341.26
1756328400,4593.29,4595.0,4512.62,4525.79,1184602.53
1756332000,4525.8,4535.34,4479.0,4522.11,1478844.12
1756335600,4522.1,4538.0,4489.26,4505.6,1124537.44
1756339200,4505.6,4521.81,4466.0,4492.66,1661199.88
1756342800,4492.67,4522.0,4491.9,4515.0,977007.23
1756346400,4515.0,4526.76,4505.6,4510.9,684232.24
1756350000,4510.9,4546.99,4505.52,4539.87,1122982.82
1756353600,4539.86,4578.63,4533.0,4569.0,1447401.33
1756357200,4569.01,4586.0,4551.7,4568.41,1249596.08
1756360800,4568.41,4584.0,4552.54,4581.36,874517.12
1756364400,4581.36,4598.48,4562.57,4594.6,986342.77
1756368000,4594.6,4632.57,4592.28,4602.69,2034430.91
1756371600,4602.68,4603.57,4578.09,4585.4,889725.49
1756375200,4585.4,4611.69,4580.1,4609.3,738178.37
1756378800,4609.3,4609.41,4581.25,4593.77,672228.41
1756382400,4593.77,4612.92,4572.0,4597.69,1598491.94
1756386000,4597.68,4612.86,4560.2,4573.24,2123967.14
1756389600,4573.24,4592.22,4541.55,4565.45,2152226.67
1756393200,4565.45,4571.9,4483.2,4502.43,2951286.37
1756396800,4502.44,4528.89,4456.7,4463.9,2108394.23
1756400400,4463.9,4497.08,4461.87,4488.36,1534886.94
1756404000,4488.36,4508.17,4472.15,4479.53,1035159.49
1756407600,4479.52,4491.62,4432.61,4436.47,1607759.14
1756411200,4436.47,4468.67,4425.86,4457.18,1004452.5
1756414800,4457.19,4489.99,4455.19,4486.55,596384.32
1756418400,4486.54,4514.56,4486.0,4504.06,602430.94
1756422000,4504.06,4513.67,4492.0,4509.15,657862.51
1756425600,4509.16,4516.37,4467.44,4480.69,1040981.44
1756429200,4480.69,4489.42,4432.75,4454.82,1536024.81
1756432800,4454.81,4494.44,4448.64,4478.95,1085315.03
1756436400,4478.95,4504.1,4465.8,4487.84,836690.89
1756440000,4487.84,4495.8,4466.89,4475.5,646248.82
1756443600,4475.5,4483.94,4462.0,4478.74,599084.42
1756447200,4478.75,4486.09,4443.66,4455.14,1565454.1
1756450800,4455.13,4455.14,4365.0,4380.0,4012263.94
1756454400,4380.0,4397.0,4327.62,4334.55,2779473.3
1756458000,4334.56,4344.64,4318.01,4336.81,2074982.8
1756461600,4336.82,4361.73,4333.1,4345.0,1460553.66
1756465200,4345.0,4357.86,4331.22,4345.16,803214.24
1756468800,4345.15,4453.05,4345.15,4405.0,4293071.89
1756472400,4404.99,4411.0,4311.29,4329.57,3822045.74
1756476000,4329.57,4354.56,4260.51,4281.33,6177834.93
1756479600,4281.32,4347.0,4280.4,4314.09,2636841.32
1756483200,4314.09,4353.14,4292.67,4333.43,2002061.87
1756486800,4333.44,4356.52,4310.38,4330.38,1330160.66
1756490400,4330.39,4340.47,4303.67,4313.42,1037678.13
1756494000,4313.42,4365.99,4304.52,4338.99,1313830.89
1756497600,4339.0,4346.49,4311.0,4319.84,1043477.31
1756501200,4319.85,4378.23,4303.78,4363.6,1076888.56
1756504800,4363.61,4366.46,4343.29,4364.38,542321.62
1756508400,4364.38,4373.45,4356.06,4358.52,467590.05
1756512000,4358.52,4362.29,4328.41,4341.91,826147.65
1756515600,4341.91,4347.47,4256.53,4263.98,1775296.6
1756519200,4263.98,4315.59,4255.16,4302.5,1533189.7
1756522800,4302.5,4381.51,4301.43,4350.69,2076526.17
1756526400,4350.69,4367.0,4348.79,4350.94,567239.08
1756530000,4350.93,4400.0,4345.33,4377.88,1651950.06
1756533600,4377.87,4403.37,4371.36,4394.3,1082741.8
1756537200,4394.3,4413.74,4386.5,4400.0,1044945.07
1756540800,4400.0,4405.0,4383.0,4393.35,779985.47
1756544400,4393.35,4395.91,4376.0,4389.99,715911.93
1756548000,4390.0,4405.99,4382.12,4390.37,632004.6
1756551600,4390.37,4400.0,4381.3,4390.01,404012.85
1756555200,4390.0,4391.48,4346.11,4365.24,1434016.53
1756558800,4365.25,4365.45,4329.19,4357.0,1492670.9
1756562400,4357.01,4368.32,4335.83,4362.11,877511.81
1756566000,4362.1,4382.39,4354.73,4374.23,785920.93
1756569600,4374.23,4374.23,4357.95,4360.49,534356.72
1756573200,4360.49,4371.69,4345.73,4360.6,501010.57
1756576800,4360.59,4365.2,4344.44,4348.48,395092.29
1756580400,4348.48,4353.33,4333.53,4352.46,407634.35
1756584000,4352.46,4353.33,4331.35,4342.0,334052.79
1756587600,4341.99,4354.46,4337.51,4345.34,282142.59
1756591200,4345.33,4359.03,4338.6,4356.91,294224.98
1756594800,4356.91,4378.0,4355.69,4372.12,483529.21
1756598400,4372.12,4468.82,4370.91,4465.67,2636331.03
1756602000,4465.68,4468.36,4434.36,4455.01,1212763.41
1756605600,4455.0,4461.0,4443.9,4448.28,599124.37
1756609200,4448.28,4486.07,4447.23,4485.54,1049261.16
1756612800,4485.54,4489.6,4455.38,4462.93,1101877.4
1756616400,4462.93,4462.93,4445.54,4457.44,671791.67
1756620000,4457.45,4459.3,4431.5,4432.78,834362.14
1756623600,4432.77,4456.0,4430.3,4448.67,586011.19
1756627200,4448.67,4471.17,4448.67,4469.08,832946.18
1756630800,4469.08,4478.0,4458.0,4461.79,903312.78
1756634400,4461.78,4468.03,4446.43,4453.29,866734.58
1756638000,4453.29,4482.43,4438.01,4474.09,1092286.24
1756641600,4474.09,4497.0,4460.45,4487.5,1000433.26
1756645200,4487.51,4496.8,4462.38,4468.85,1230587.53
1756648800,4468.86,4472.73,4448.24,4457.69,825145.21
1756652400,4457.68,4489.88,4455.82,4482.61,973168.91
1756656000,4482.6,4485.0,4457.33,4469.17,1035677.15
1756659600,4469.16,4485.58,4466.24,4474.36,572464.48
1756663200,4474.37,4488.88,4470.0,4486.74,422509.07
1756666800,4486.73,4487.54,4451.38,4453.01,535661.81
1756670400,4453.01,4459.88,4442.0,4452.44,534173.5
1756674000,4452.44,4475.19,4447.66,4467.97,302611.94
1756677600,4467.97,4471.96,4431.01,4442.58,864566.51
1756681200,4442.57,4442.88,4376.0,4389.71,2086577.58
1756684800,4389.71,4409.27,4358.19,4394.24,2018758.57
1756688400,4394.24,4430.0,4381.3,4414.55,1409152.93
1756692000,4414.56,4417.98,4363.46,4384.99,1629055.67
1756695600,4384.99,4406.78,4369.32,4401.39,1067570.41
1756699200,4401.38,4409.75,4370.0,4383.29,972232.31
1756702800,4383.29,4404.38,4356.29,4392.8,1521741.09
1756706400,4392.8,4406.91,4372.66,4395.16,853995.4
1756710000,4395.16,4463.12,4377.97,4460.7,2596505.93
1756713600,4460.71,4489.85,4460.14,4473.7,2274730.15
1756717200,4473.7,4480.9,4436.13,4439.74,1377716.0
1756720800,4439.74,4444.27,4388.04,4407.04,2127398.15
1756724400,4407.05,4414.12,4381.0,4391.7,1162384.95
1756728000,4391.69,4411.14,4382.65,4401.65,840441.98
1756731600,4401.66,4422.0,4370.02,4384.04,1662688.72
1756735200,4384.03,4401.7,4378.19,4394.44,861932.83
1756738800,4394.43,4403.71,4343.0,4359.71,1940671.9
1756742400,4359.74,4370.38,4344.14,4354.12,1103667.96
1756746000,4354.12,4357.0,4307.24,4320.9,2302817.22
1756749600,4320.9,4347.99,4320.76,4345.0,800190.52
1756753200,4345.0,4367.71,4340.3,4365.99,543082.05
1756756800,4365.99,4366.5,4260.0,4286.27,2546350.83
1756760400,4286.28,4288.64,4208.13,4259.17,2331357.98
1756764000,4259.17,4297.85,4249.8,4282.19,1343995.68
1756767600,4282.19,4317.99,4280.0,4312.2,1079945.29
1756771200,4312.19,4317.31,4288.48,4301.88,952261.85
1756774800,4301.87,4339.44,4290.43,4321.51,1338220.2
1756778400,4321.5,4362.0,4313.64,4358.7,1328604.8
1756782000,4358.7,4393.0,4351.0,4364.62,2029318.25
1756785600,4364.62,4386.25,4358.61,4385.0,822789.12
1756789200,4385.0,4387.44,4367.0,4382.8,679690.58
1756792800,4382.8,4415.6,4379.31,4410.32,1441959.05
1756796400,4410.32,4411.95,4366.1,4375.73,1352663.66
1756800000,4375.73,4407.58,4366.11,4390.41,1132659.9
1756803600,4390.4,4406.0,4383.52,4398.14,687174.22
1756807200,4398.17,4399.42,4376.3,4390.22,637785.11
1756810800,4390.23,4391.33,4338.01,4346.23,1544923.87
1756814400,4346.22,4351.72,4270.0,4275.79,3593258.52
1756818000,4275.8,4392.34,4273.2,4376.97,5341580.48
1756821600,4376.96,4396.0,4331.01,4346.31,3431947.26
1756825200,4346.32,4351.79,4282.03,4293.21,2912282.72
1756828800,4293.2,4309.1,4275.81,4294.65,1780659.9
1756832400,4294.69,4330.8,4286.0,4318.01,1400510.4
1756836000,4318.0,4321.43,4263.19,4294.57,1948013.64
1756839600,4294.56,4312.43,4255.4,4272.49,1463822.55
1756843200,4272.49,4326.63,4264.52,4311.0,1259759.8
1756846800,4311.0,4333.89,4302.95,4326.67,739146.65
1756850400,4326.67,4331.6,4307.0,4327.31,688145.31
1756854000,4327.31,4335.27,4311.11,4324.32,527823.18
1756857600,4324.33,4330.96,4301.18,4307.81,778296.55
1756861200,4307.8,4324.19,4281.0,4323.55,1121491.49
1756864800,4323.54,4354.96,4310.3,4336.61,1818466.29
1756868400,4336.61,4342.46,4317.5,4333.4,770085.26
1756872000,4333.4,4341.2,4312.0,4338.41,682243.6
1756875600,4338.41,4339.5,4311.06,4313.91,656861.6
1756879200,4313.91,4319.98,4288.01,4306.07,1236365.25
1756882800,4306.08,4314.2,4286.0,4308.72,885724.55
1756886400,4308.72,4332.9,4306.2,4316.47,982429.98
1756890000,4316.47,4351.85,4301.11,4349.99,1139220.57
1756893600,4350.0,4375.78,4343.0,4369.87,1545337.89
1756897200,4369.87,4384.67,4364.21,4369.6,1125267.56
1756900800,4369.6,4377.87,4340.0,4352.22,1336728.34
1756904400,4352.22,4439.0,4349.4,4417.0,3667284.35
1756908000,4416.99,4479.82,4413.06,4464.92,3615826.85
1756911600,4464.91,4485.0,4452.5,4477.06,1583835.25
1756915200,4477.05,4482.0,4452.92,4465.0,1061206.77
1756918800,4465.0,4489.41,4462.33,4470.47,1183756.63
1756922400,4470.47,4477.78,4455.95,4467.38,688002.1
1756926000,4467.37,4476.64,4457.0,4473.49,428956.14
1756929600,4473.5,4478.0,4461.2,4462.37,280920.38
1756933200,4462.37,4471.59,4432.27,4459.0,617778.92
1756936800,4459.0,4482.08,4456.37,4467.6,428170.82
1756940400,4467.6,4470.43,4442.03,4448.3,562425.41
1756944000,4448.3,4481.56,4443.94,4466.46,798083.77
1756947600,4466.47,4477.0,4447.26,4466.5,706301.15
1756951200,4466.49,4469.0,4418.77,4419.99,1431634.18
1756954800,4419.99,4428.0,4388.0,4396.9,2021636.37
1756958400,4396.89,4414.64,4385.66,4390.72,1065183.82
1756962000,4390.71,4390.72,4361.38,4374.61,1586417.46
1756965600,4374.6,4382.99,4354.23,4364.22,1223456.15
1756969200,4364.21,4383.0,4360.0,4369.67,782298.03
1756972800,4369.66,4390.21,4363.75,4367.94,974009.16
1756976400,4368.0,4393.59,4368.0,4393.58,548776.89
1756980000,4393.58,4431.6,4391.0,4405.26,1635586.25
1756983600,4405.26,4430.92,4390.03,4405.01,1330001.02
1756987200,4405.0,4427.51,4380.35,4414.29,2069416.73
1756990800,4414.3,4417.93,4363.45,4376.37,2014428.93
1756994400,4376.36,4381.0,4325.42,4340.11,3417687.04
1756998000,4340.11,4344.83,4292.11,4302.57,3364935.38
1757001600,4302.57,4317.63,4283.0,4294.81,1728456.06
1757005200,4294.8,4322.42,4293.35,4303.41,956780.95
1757008800,4303.42,4316.58,4268.68,4271.87,1797507.63
1757012400,4271.88,4286.0,4262.2,4274.21,866994.28
1757016000,4274.2,4308.68,4270.53,4303.55,783845.83
1757019600,4303.55,4324.31,4300.5,4317.0,400783.88
1757023200,4317.0,4350.0,4313.98,4339.18,832090.08
1757026800,4339.17,4347.78,4293.05,4295.1,959158.81
1757030400,4295.07,4312.22,4288.0,4299.26,797917.41
1757034000,4299.26,4331.52,4296.1,4324.65,792959.47
1757037600,4324.64,4334.44,4298.3,4322.29,1092634.55
1757041200,4322.29,4331.67,4295.7,4327.0,1032634.74
1757044800,4327.0,4333.0,4314.61,4328.63,610489.85
1757048400,4328.54,4340.18,4325.13,4336.33,586560.03
1757052000,4336.34,4339.0,4320.0,4330.91,557269.71
1757055600,4330.91,4426.89,4329.23,4414.88,4072421.49
1757059200,4414.88,4418.8,4383.94,4404.18,1776089.07
1757062800,4404.18,4406.9,4371.74,4395.46,1428129.64
1757066400,4395.46,4421.12,4393.22,4408.19,1116793.57
1757070000,4408.2,4424.7,4404.14,4415.67,1020220.75
1757073600,4415.67,4495.0,4405.63,4469.5,7063890.19
1757077200,4469.49,4478.0,4433.08,4441.54,2587831.15
1757080800,4441.53,4441.54,4261.32,4271.61,10211877.77
1757084400,4271.61,4302.98,4253.33,4281.0,3468850.28
1757088000,4280.99,4301.5,4271.84,4295.4,1149214.61
1757091600,4295.4,4296.84,4270.48,4288.19,898517.92
1757095200,4288.19,4315.0,4282.01,4310.61,1091190.02
1757098800,4310.6,4329.8,4303.67,4329.05,1097330.99
1757102400,4329.06,4341.75,4319.1,4336.2,860900.93
1757106000,4336.19,4336.5,4282.64,4294.84,1425510.39
1757109600,4294.95,4317.96,4293.35,4311.0,387705.65
1757113200,4311.0,4317.0,4302.17,4305.62,336755.27
1757116800,4305.62,4326.9,4301.0,4320.8,527566.19
1757120400,4320.81,4323.46,4310.42,4316.46,297498.2
1757124000,4316.46,4321.69,4302.55,4320.96,402453.86
1757127600,4320.96,4323.0,4314.23,4318.2,278849.97
1757131200,4318.21,4318.41,4301.19,4307.76,459487.99
1757134800,4307.76,4310.31,4288.66,4293.43,704185.06
1757138400,4293.43,4305.3,4291.37,4300.4,361225.46
1757142000,4300.4,4313.56,4298.0,4310.27,384424.45
1757145600,4310.28,4313.33,4302.68,4308.5,356051.11
1757149200,4308.51,4308.51,4289.36,4291.3,578812.6
1757152800,4291.3,4302.27,4283.73,4299.65,467006.81
1757156400,4299.66,4300.0,4289.0,4298.29,295615.01
1757160000,4298.29,4307.74,4290.0,4298.0,483464.73
1757163600,4298.0,4300.79,4285.58,4292.39,452633.1
1757167200,4292.39,4300.02,4290.27,4294.46,597061.88
1757170800,4294.47,4295.49,4261.3,4268.0,1743684.86
1757174400,4268.01,4303.3,4230.0,4287.51,3275778.27
1757178000,4287.51,4290.42,4264.3,4271.0,736879.59
1757181600,4270.99,4285.71,4267.0,4276.65,474427.37
1757185200,4276.66,4279.38,4248.01,4253.92,560588.41
1757188800,4253.92,4279.34,4251.53,4277.48,379859.68
1757192400,4277.48,4284.77,4266.35,4280.69,353755.04
1757196000,4280.69,4287.0,4267.62,4275.8,333294.13
1757199600,4275.81,4282.37,4265.86,4271.6,255281.9
1757203200,4271.6,4287.38,4268.52,4282.45,331415.35
1757206800,4282.45,4302.67,4281.0,4293.53,662160.98
1757210400,4293.53,4301.82,4287.0,4297.67,376229.98
1757214000,4297.67,4302.5,4291.0,4295.51,318627.25
1757217600,4295.5,4300.67,4291.01,4299.1,268158.71
1757221200,4299.09,4302.0,4290.6,4292.61,307169.75
1757224800,4292.61,4294.0,4280.57,4282.0,409420.42
1757228400,4282.0,4305.73,4276.0,4293.0,864428.51
1757232000,4293.0,4313.47,4292.64,4299.36,881997.46
1757235600,4299.35,4309.48,4290.0,4297.81,560971.32
1757239200,4297.82,4304.41,4294.57,4302.81,292911.68
1757242800,4302.81,4308.45,4301.1,4308.45,280256.11
1757246400,4308.44,4308.96,4291.64,4298.88,513886.31
1757250000,4298.88,4306.0,4285.94,4302.9,541331.24
1757253600,4302.9,4309.98,4294.55,4297.92,612763.21
1757257200,4297.92,4302.86,4294.02,4297.23,374433.61
1757260800,4297.23,4299.5,4281.02,4281.89,731911.16
1757264400,4281.89,4286.0,4269.0,4273.34,987463.94
1757268000,4273.34,4282.0,4268.01,4279.59,363970.81
1757271600,4279.6,4295.0,4275.0,4291.75,421375.02
1757275200,4291.75,4298.99,4279.25,4298.55,251110.04
1757278800,4298.56,4298.92,4285.0,4286.29,243623.94
1757282400,4286.29,4308.99,4284.79,4307.6,518936.35
1757286000,4307.6,4336.0,4296.55,4304.1,1265857.11
1757289600,4304.1,4317.01,4290.43,4297.35,771902.6
1757293200,4297.35,4301.04,4281.43,4291.01,643686.82
1757296800,4291.01,4307.68,4277.0,4307.3,778511.03
1757300400,4307.31,4329.48,4302.01,4310.0,965797.77
1757304000,4310.0,4312.0,4293.9,4296.08,560188.78
1757307600,4296.07,4302.97,4287.89,4295.44,437709.17
1757311200,4295.43,4302.0,4287.9,4290.23,478947.61
1757314800,4290.22,4310.41,4285.68,4290.7,733958.51
1757318400,4290.7,4303.67,4286.51,4300.47,700988.67
1757322000,4300.47,4333.0,4295.54,4318.04,1630542.17
1757325600,4318.04,4336.74,4313.53,4327.0,1094345.09
1757329200,4327.01,4328.38,4297.11,4310.47,1363491.23
1757332800,4310.47,4321.0,4304.0,4318.5,598817.54
1757336400,4318.5,4361.5,4314.0,4318.24,3386506.7
1757340000,4318.23,4357.39,4312.63,4348.82,1644987.72
1757343600,4348.82,4382.36,4342.18,4370.0,2483775.92
1757347200,4369.99,4371.94,4332.0,4337.85,1415629.54
1757350800,4337.85,4342.39,4298.0,4309.6,1812156.13
1757354400,4309.6,4334.71,4308.0,4328.38,822809.85
1757358000,4328.38,4328.38,4282.23,4292.0,1449568.13
1757361600,4292.01,4302.33,4281.0,4297.59,728793.98
1757365200,4297.6,4320.88,4293.89,4320.87,478501.95
1757368800,4320.87,4332.85,4306.6,4310.04,654372.92
1757372400,4310.03,4319.4,4295.22,4305.16,612300.74
1757376000,4305.15,4314.86,4288.01,4301.22,768090.5
1757379600,4301.22,4307.84,4282.0,4286.53,826633.4
1757383200,4286.52,4295.0,4276.01,4290.12,863370.44
1757386800,4290.13,4307.91,4287.99,4305.5,723175.5
1757390400,4305.5,4316.69,4302.21,4312.5,702122.09
1757394000,4312.5,4319.79,4300.77,4317.56,650472.88
1757397600,4317.57,4374.07,4313.92,4364.13,2646610.17
1757401200,4364.13,4380.0,4345.0,4360.27,1677002.45
1757404800,4360.27,4365.71,4342.0,4358.39,911580.78
1757408400,4358.39,4365.0,4351.0,4355.96,412993.3
1757412000,4355.97,4362.0,4341.0,4347.46,733740.49
1757415600,4347.46,4355.44,4343.5,4346.65,418450.07
1757419200,4346.66,4366.57,4327.33,4344.49,1492135.77
1757422800,4344.49,4359.66,4323.2,4345.99,1930555.04
1757426400,4346.0,4361.85,4284.0,4304.77,4350294.36
1757430000,4304.77,4308.88,4276.67,4284.51,1949290.14
1757433600,4284.51,4297.0,4277.14,4287.3,859951.35
1757437200,4287.3,4296.85,4278.98,4285.22,808035.56
1757440800,4285.21,4293.0,4280.07,4285.9,443247.85
1757444400,4285.9,4299.0,4284.32,4293.88,360541.34
1757448000,4293.87,4305.0,4280.55,4304.43,578609.75
1757451600,4304.43,4319.94,4292.63,4301.9,594289.4
1757455200,4301.89,4318.3,4298.39,4318.19,425706.34
1757458800,4318.2,4318.64,4302.0,4309.56,454324.02
1757462400,4309.55,4314.89,4284.6,4285.28,769378.63
1757466000,4285.28,4313.99,4285.0,4302.31,695352.48
1757469600,4302.32,4326.79,4302.31,4316.92,1084445.83
1757473200,4316.92,4323.5,4306.57,4319.96,559665.07
1757476800,4319.95,4319.95,4307.11,4311.79,337233.55
1757480400,4311.79,4318.39,4293.39,4307.94,769650.76
1757484000,4307.84,4318.0,4296.62,4312.22,729449.42
1757487600,4312.23,4333.0,4311.0,4328.24,972291.94
1757491200,4328.24,4332.89,4322.0,4330.11,795736.64
1757494800,4330.12,4331.0,4307.05,4323.27,845667.82
1757498400,4323.26,4331.86,4315.78,4325.52,536299.97
1757502000,4325.53,4331.56,4320.0,4329.97,405577.58
1757505600,4329.98,4393.96,4328.33,4369.95,4352463.01
1757509200,4369.95,4438.37,4355.13,4416.93,4475148.28
1757512800,4416.93,4453.74,4396.65,4399.79,3001339.5
1757516400,4399.78,4423.6,4395.04,4403.66,1137770.37
1757520000,4403.65,4408.12,4360.86,4384.38,1981260.72
1757523600,4384.38,4396.0,4340.78,4364.99,2157387.43
1757527200,4365.0,4371.6,4325.0,4340.14,1762527.21
1757530800,4340.15,4341.32,4299.0,4321.08,1889911.22
1757534400,4321.07,4334.96,4319.1,4328.73,701357.52
1757538000,4328.74,4354.41,4326.84,4348.89,587863.6
1757541600,4348.9,4354.8,4336.0,4344.7,496034.79
1757545200,4344.7,4354.6,4337.0,4347.99,448188.04
1757548800,4347.99,4358.9,4337.35,4358.01,498758.56
1757552400,4358.0,4382.77,4353.25,4363.67,1251424.06
1757556000,4363.66,4384.44,4361.0,4375.34,852133.31
1757559600,4375.35,4407.81,4370.35,4402.72,1189028.95
1757563200,4402.73,4418.88,4393.76,4410.28,1103232.25
1757566800,4410.29,4424.54,4396.07,4417.49,1076834.54
1757570400,4417.5,4442.8,4405.11,4438.46,1474413.01
1757574000,4438.45,4448.88,4424.61,4438.57,1293487.24
1757577600,4438.58,4440.97,4426.0,4429.69,594954.13
1757581200,4429.7,4433.0,4405.0,4415.43,1229055.83
1757584800,4415.43,4429.34,4413.68,4426.16,688873.92
1757588400,4426.16,4438.4,4421.26,4428.51,901289.73
1757592000,4428.51,4481.0,4346.36,4424.63,7996951.38
1757595600,4424.64,4442.0,4383.32,4435.96,3473172.4
1757599200,4435.92,4437.24,4394.51,4425.01,2088312.74
1757602800,4425.01,4430.5,4399.0,4410.85,1337580.45
1757606400,4410.85,4424.69,4405.81,4416.23,881642.79
1757610000,4416.23,4440.81,4411.73,4431.84,1095294.48
1757613600,4431.84,4436.59,4406.0,4418.56,710952.12
1757617200,4418.56,4429.48,4411.29,4422.42,515055.94
1757620800,4422.43,4425.65,4413.75,4416.0,336468.81
1757624400,4415.99,4429.0,4414.2,4427.7,210902.38
1757628000,4427.71,4460.57,4422.5,4451.61,1150037.69
1757631600,4451.62,4467.6,4449.67,4456.5,650151.54
1757635200,4456.5,4539.99,4448.4,4511.13,3368871.42
1757638800,4511.14,4531.49,4493.58,4496.71,1635994.83
1757642400,4496.7,4523.33,4495.0,4506.42,956480.25
1757646000,4506.43,4508.17,4486.31,4504.79,1164278.8
1757649600,4504.79,4523.73,4499.0,4519.72,1012167.8
1757653200,4519.72,4558.12,4513.18,4556.77,1626882.98
1757656800,4556.78,4562.0,4530.77,4538.19,1260604.46
1757660400,4538.19,4551.0,4524.0,4525.64,946145.33
1757664000,4525.65,4533.0,4512.59,4517.63,1118483.65
1757667600,4517.63,4527.63,4504.44,4515.34,801966.9
1757671200,4515.33,4523.0,4507.03,4516.35,543653.1
1757674800,4516.35,4537.33,4513.7,4520.38,790326.95
1757678400,4520.39,4531.55,4502.01,4525.45,791411.52
1757682000,4525.46,4543.0,4505.8,4538.8,1187345.88
1757685600,4538.79,4571.66,4524.0,4545.99,3014778.17
1757689200,4545.98,4551.03,4526.84,4541.0,988520.22
1757692800,4541.0,4575.76,4532.14,4574.15,1619189.49
1757696400,4574.15,4627.88,4563.5,4611.52,3100304.69
1757700000,4611.52,4626.59,4598.24,4623.59,1149570.91
1757703600,4623.6,4660.0,4612.0,4656.92,2017291.03
1757707200,4656.92,4693.0,4630.89,4670.33,2362297.91
1757710800,4670.32,4671.96,4642.89,4650.0,1036663.59
1757714400,4650.01,4756.39,4650.0,4695.4,2650370.08
1757718000,4695.4,4714.74,4671.57,4711.81,1222658.79
1757721600,4711.82,4719.12,4697.0,4705.75,738076.1
1757725200,4705.74,4735.0,4700.01,4700.1,1061182.07
1757728800,4700.1,4714.79,4692.5,4703.57,609918.19
1757732400,4703.56,4768.0,4702.01,4755.57,1907170.21
1757736000,4755.57,4756.0,4734.44,4741.86,979016.95
1757739600,4741.86,4742.44,4717.51,4723.7,897309.68
1757743200,4723.71,4731.0,4701.01,4711.6,1084500.83
1757746800,4711.6,4723.84,4708.0,4711.61,436157.87
1757750400,4711.61,4733.2,4711.6,4731.12,636372.57
1757754000,4731.12,4734.39,4720.88,4733.0,543367.76
1757757600,4733.0,4739.96,4710.83,4718.15,767799.07
1757761200,4718.15,4726.53,4708.98,4720.64,473516.28
1757764800,4720.64,4730.85,4714.08,4720.32,414568.76
1757768400,4720.32,4726.01,4651.0,4685.87,2299758.09
1757772000,4685.87,4711.0,4667.0,4689.01,1524518.97
1757775600,4689.0,4706.6,4642.73,4655.33,1965282.59
1757779200,4655.33,4669.17,4617.05,4624.97,2241264.92
1757782800,4624.97,4643.74,4606.63,4635.24,1356118.79
1757786400,4635.24,4654.78,4626.01,4644.44,660926.56
1757790000,4644.44,4650.93,4636.42,4639.5,362139.47
1757793600,4639.5,4664.4,4638.48,4658.81,605900.58
1757797200,4658.8,4669.69,4657.25,4664.86,248917.84
1757800800,4664.87,4667.69,4648.01,4660.31,242926.21
1757804400,4660.32,4674.44,4657.75,4668.0,391423.23
1757808000,4668.0,4682.99,4660.39,4671.1,549466.05
1757811600,4671.11,4680.18,4652.6,4674.44,525565.41
1757815200,4674.44,4694.97,4672.23,4684.29,657730.56
1757818800,4684.29,4687.97,4662.68,4664.99,498988.19
1757822400,4664.99,4669.97,4635.79,4661.0,1036939.47
1757826000,4661.0,4681.73,4660.01,4677.56,435527.11
1757829600,4677.56,4683.49,4661.36,4668.58,448961.59
1757833200,4668.59,4670.28,4643.29,4653.01,472048.75
1757836800,4653.01,4666.66,4647.37,4657.79,422492.2
1757840400,4657.78,4676.5,4654.1,4667.24,465821.91
1757844000,4667.23,4671.7,4658.7,4661.91,242789.64
1757847600,4661.91,4670.66,4628.61,4637.18,970842.32
1757851200,4637.19,4646.85,4616.06,4634.81,1011852.88
1757854800,4634.81,4637.49,4608.0,4614.6,1165885.81
1757858400,4614.61,4646.68,4580.68,4603.45,2933837.16
1757862000,4603.45,4606.6,4577.9,4584.07,1093381.4
1757865600,4584.07,4612.92,4581.5,4598.94,880478.64
1757869200,4598.94,4632.48,4592.64,4622.17,828407.78
1757872800,4622.17,4623.3,4602.6,4606.15,366274.09
1757876400,4606.16,4627.79,4594.52,4618.07,442423.76
1757880000,4618.08,4630.0,4616.3,4619.33,265682.29
1757883600,4619.33,4638.88,4600.11,4632.42,487568.86
1757887200,4632.43,4638.14,4612.76,4630.8,478451.55
1757890800,4630.71,4632.23,4604.0,4606.11,550455.41
1757894400,4606.11,4617.65,4588.0,4603.15,875578.19
1757898000,4603.15,4624.99,4581.33,4619.31,982757.91
1757901600,4619.3,4631.29,4611.58,4621.94,544940.66
1757905200,4621.95,4644.42,4620.5,4636.91,685295.34
1757908800,4636.91,4661.62,4636.9,4643.52,1179127.21
1757912400,4643.59,4666.0,4640.7,4662.87,731269.35
1757916000,4662.87,4671.69,4618.0,4630.77,1617963.54
1757919600,4630.76,4643.5,4588.01,4598.6,1933712.96
1757923200,4598.6,4598.6,4508.28,4510.89,5257197.5
1757926800,4510.88,4534.61,4496.26,4526.0,2575112.9
1757930400,4525.99,4535.88,4506.8,4529.41,948303.44
1757934000,4529.41,4538.5,4520.35,4529.72,698641.07
1757937600,4529.73,4536.37,4506.61,4514.82,970329.49
1757941200,4514.82,4541.37,4486.0,4515.13,2469313.27
1757944800,4515.13,4529.59,4496.8,4510.1,1180508.14
1757948400,4510.1,4520.85,4463.62,4498.9,2938729.54
1757952000,4498.91,4510.41,4478.5,4493.98,1094746.49
1757955600,4493.99,4509.97,4473.0,4508.6,784919.6
1757959200,4508.52,4511.95,4485.08,4499.95,583273.33
1757962800,4499.95,4513.18,4474.26,4492.84,786357.21
1757966400,4492.84,4511.9,4486.72,4509.33,422921.63
1757970000,4509.33,4526.7,4505.0,4522.37,392758.54
1757973600,4522.36,4529.71,4507.88,4512.05,444371.27
1757977200,4512.05,4526.99,4506.67,4521.69,338658.85
1757980800,4521.69,4522.0,4502.0,4512.5,452963.75
1757984400,4512.5,4536.43,4511.88,4516.82,847918.38
1757988000,4516.82,4530.5,4511.76,4512.5,460559.15
1757991600,4512.5,4530.0,4511.81,4519.48,391014.29
1757995200,4519.49,4522.0,4485.76,4516.84,1094941.88
1757998800,4516.85,4529.97,4509.26,4526.88,1128528.24
1758002400,4526.88,4533.21,4490.29,4506.06,1401004.33
1758006000,4506.07,4513.4,4500.0,4510.55,451345.79
1758009600,4510.55,4529.52,4496.67,4509.21,936046.5
1758013200,4509.21,4515.0,4501.2,4509.2,397279.65
1758016800,4509.2,4512.49,4491.0,4496.01,562037.31
1758020400,4496.01,4505.33,4491.0,4499.59,601242.73
1758024000,4499.6,4505.0,4493.4,4498.54,484183.52
1758027600,4498.54,4510.5,4427.74,4470.83,4516288.41
1758031200,4470.84,4470.84,4420.62,4443.37,3380965.13
1758034800,4443.37,4468.0,4427.02,4465.0,1513737.94
1758038400,4465.0,4468.99,4444.0,4460.48,1128627.83
1758042000,4460.48,4507.85,4459.16,4483.75,2105598.53
1758045600,4483.75,4493.98,4463.3,4471.68,766296.32
1758049200,4471.68,4493.13,4468.0,4488.87,427561.16
1758052800,4488.87,4496.64,4480.52,4496.01,347524.04
1758056400,4496.0,4507.99,4487.34,4505.0,488030.38
1758060000,4505.0,4523.33,4498.54,4517.14,617579.3
1758063600,4517.14,4521.0,4490.57,4499.0,592324.38
1758067200,4499.0,4514.23,4490.01,4510.82,540879.91
1758070800,4510.83,4517.5,4500.35,4511.19,493390.13
1758074400,4511.2,4550.0,4504.3,4528.55,1605339.33
1758078000,4528.54,4528.98,4493.33,4495.0,1102622.9
1758081600,4495.0,4502.8,4461.11,4474.86,1337415.62
1758085200,4474.86,4516.48,4474.63,4512.75,1150532.44
1758088800,4512.74,4547.86,4503.15,4543.0,1646589.3
1758092400,4543.01,4552.94,4534.23,4541.69,995432.95
1758096000,4541.68,4543.0,4490.74,4509.01,1755545.41
1758099600,4509.01,4509.01,4491.55,4492.8,550606.92
1758103200,4492.81,4499.28,4476.54,4481.86,896151.48
1758106800,4481.85,4495.78,4477.6,4489.64,616416.8
1758110400,4489.64,4511.27,4481.01,4500.19,833374.19
1758114000,4500.2,4510.94,4481.01,4494.0,1118883.79
1758117600,4494.0,4502.0,4465.0,4487.8,1268630.48
1758121200,4487.8,4497.0,4479.57,4487.5,623088.21
1758124800,4487.5,4490.54,4467.95,4485.62,746037.08
1758128400,4485.61,4532.27,4421.36,4421.36,3218375.12
1758132000,4421.36,4520.0,4398.0,4453.77,8871544.81
1758135600,4453.7,4524.28,4450.24,4515.0,2639815.61
1758139200,4514.89,4538.91,4492.71,4499.49,1363841.45
1758142800,4499.5,4537.0,4483.74,4526.96,903229.28
1758146400,4526.96,4599.59,4525.0,4584.64,1906655.63
1758150000,4584.63,4614.75,4577.25,4587.77,1478624.09
1758153600,4587.77,4607.48,4581.0,4582.76,1268582.63
1758157200,4582.76,4630.83,4576.95,4616.5,1573556.01
1758160800,4616.49,4617.43,4602.15,4611.75,747848.98
1758164400,4611.74,4643.06,4607.0,4612.15,1321850.39
1758168000,4612.15,4618.0,4596.21,4609.99,853857.64
1758171600,4609.99,4609.99,4582.25,4588.0,739465.69
1758175200,4587.99,4592.31,4551.0,4569.49,1710367.41
1758178800,4569.5,4581.6,4569.1,4572.68,638645.53
1758182400,4572.69,4606.31,4569.28,4600.0,959273.12
1758186000,4600.0,4601.99,4587.38,4595.23,491145.05
1758189600,4595.24,4598.9,4568.0,4572.3,775576.25
1758193200,4572.3,4586.71,4567.0,4574.14,525715.25
1758196800,4574.15,4586.41,4566.26,4569.0,680522.07
1758200400,4569.0,4603.0,4555.25,4585.96,1897152.91
1758204000,4585.96,4623.28,4584.62,4594.01,2057453.92
1758207600,4594.01,4606.0,4584.0,4597.09,965963.39
1758211200,4597.08,4634.3,4587.48,4619.0,1698291.92
1758214800,4619.0,4630.0,4594.55,4607.12,1203191.11
1758218400,4607.11,4620.96,4600.6,4615.87,435789.93
1758222000,4615.88,4616.94,4578.55,4586.4,735803.59
1758225600,4586.39,4603.45,4584.69,4602.85,293017.5
1758229200,4602.86,4603.04,4588.21,4592.32,196238.96
1758232800,4592.31,4599.76,4584.44,4588.99,278923.16
1758236400,4588.99,4590.39,4568.22,4585.49,663934.39
1758240000,4585.5,4610.95,4584.95,4607.21,619594.02
1758243600,4607.2,4619.38,4595.9,4604.75,800801.74
1758247200,4604.75,4613.0,4586.5,4587.45,561394.28
1758250800,4587.45,4599.99,4541.01,4548.41,1970226.06
1758254400,4548.4,4557.44,4530.4,4555.94,1321379.08
1758258000,4555.99,4556.6,4526.08,4539.31,858852.34
1758261600,4539.31,4541.0,4517.59,4522.63,798120.75
1758265200,4522.63,4541.51,4516.57,4536.4,793542.91
1758268800,4536.41,4547.39,4529.17,4532.25,472777.57
1758272400,4532.25,4541.61,4512.52,4520.93,843157.57
1758276000,4520.93,4531.42,4515.0,4525.35,590471.08
1758279600,4525.35,4526.75,4506.0,4512.01,876294.5
1758283200,4512.01,4519.5,4505.34,4516.61,665492.1
1758286800,4516.6,4534.9,4507.54,4525.81,1084734.2
1758290400,4525.8,4541.57,4483.01,4492.86,2238999.47
1758294000,4492.86,4495.0,4443.0,4472.72,3290615.82
1758297600,4472.73,4487.47,4469.48,4478.71,856542.03
1758301200,4478.71,4478.88,4454.44,4457.64,818787.46
1758304800,4457.63,4460.77,4431.04,4446.72,1206768.08
1758308400,4446.72,4464.01,4438.41,4438.42,533228.52
1758312000,4438.42,4462.83,4436.0,4457.58,387659.31
1758315600,4457.59,4470.0,4448.34,4469.37,341983.64
1758319200,4469.36,4476.5,4466.5,4466.5,247383.99
1758322800,4466.5,4467.75,4443.23,4466.99,499786.34
1758326400,4467.0,4474.02,4458.13,4474.01,377258.05
1758330000,4474.02,4474.2,4456.3,4464.1,346948.62
1758333600,4464.09,4467.01,4452.0,4463.42,325744.32
1758337200,4463.43,4466.0,4457.0,4463.6,198772.17
1758340800,4463.59,4473.99,4460.8,4471.96,268915.9
1758344400,4471.97,4483.0,4464.19,4476.25,470949.85
1758348000,4476.25,4476.25,4468.1,4471.3,198373.21
1758351600,4471.31,4481.24,4466.95,4481.15,400720.02
1758355200,4481.15,4481.15,4462.3,4463.55,340898.45
1758358800,4463.55,4470.0,4454.14,4464.25,474426.9
1758362400,4464.25,4474.5,4462.01,4462.22,249857.1
1758366000,4462.21,4469.88,4461.75,4468.4,160306.36
1758369600,4468.4,4469.63,4461.87,4463.99,160554.99
1758373200,4463.99,4469.76,4461.75,4466.02,190059.29
1758376800,4466.02,4495.02,4462.0,4485.27,980837.66
1758380400,4485.27,4504.73,4484.45,4495.71,1019556.73
1758384000,4495.7,4506.86,4486.63,4499.1,605947.72
1758387600,4499.11,4500.0,4466.8,4483.67,822203.92
1758391200,4483.66,4484.61,4470.48,4473.01,367654.94
1758394800,4473.01,4482.68,4469.59,4477.6,227777.83
1758398400,4477.6,4485.0,4475.56,4481.51,163777.88
1758402000,4481.51,4498.7,4481.51,4487.67,312550.53
1758405600,4487.67,4493.33,4485.14,4491.2,170586.52
1758409200,4491.2,4491.2,4476.67,4478.64,204620.7
1758412800,4478.63,4488.0,4472.02,4485.4,296216.54
1758416400,4485.41,4487.28,4476.42,4479.2,205846.65
1758420000,4479.2,4486.05,4455.19,4477.0,703104.3
1758423600,4476.99,4478.0,4471.0,4476.75,198668.63
1758427200,4476.74,4477.34,4467.48,4470.37,214736.59
1758430800,4470.38,4476.39,4464.46,4475.89,257593.42
1758434400,4475.9,4491.35,4475.1,4482.77,463499.45
1758438000,4482.78,4483.84,4474.06,4476.45,239261.25
1758441600,4476.45,4478.14,4465.35,4467.9,332755.45
1758445200,4467.91,4472.8,4442.01,4464.8,1150186.55
1758448800,4464.8,4467.5,4456.5,4457.5,381446.53
1758452400,4457.5,4465.0,4454.32,4459.13,250394.5
1758456000,4459.12,4471.93,4459.0,4465.55,375941.05
1758459600,4465.55,4480.0,4464.01,4473.86,403710.1
1758463200,4473.85,4482.25,4467.88,4470.4,454901.02
1758466800,4470.4,4484.39,4470.0,4480.22,386591.31
1758470400,4480.21,4487.0,4462.37,4474.34,810271.4
1758474000,4474.34,4492.37,4465.0,4489.38,564576.79
1758477600,4489.38,4494.98,4481.66,4494.95,446026.76
1758481200,4494.95,4496.5,4474.5,4492.01,442093.57
1758484800,4492.01,4492.58,4472.21,4472.21,222883.28
1758488400,4472.21,4476.0,4465.02,4469.21,293262.23
1758492000,4469.2,4475.85,4442.58,4463.01,655882.88
1758495600,4463.0,4463.01,4441.0,4443.26,634500.12
1758499200,4443.26,4454.16,4317.84,4333.92,5348722.98
1758502800,4333.91,4349.94,4323.84,4326.35,1723050.19
1758506400,4326.35,4338.58,4259.0,4286.25,3828285.02
1758510000,4286.24,4305.94,4285.52,4303.0,1193653.91
1758513600,4303.0,4307.95,4286.04,4287.98,761488.81
1758517200,4287.97,4296.23,4206.87,4212.69,2050045.46
1758520800,4212.8,4221.35,4032.0,4188.5,9098154.46
1758524400,4188.5,4222.03,4180.12,4190.5,2013814.46
1758528000,4190.49,4204.97,4180.61,4191.99,863564.51
1758531600,4191.99,4195.0,4132.19,4148.99,2572611.43
1758535200,4148.99,4187.56,4136.36,4179.4,1629668.45
1758538800,4179.39,4189.7,4171.37,4179.25,759790.4
1758542400,4179.24,4198.98,4166.38,4189.66,772120.98
1758546000,4189.65,4214.99,4170.24,4204.44,1873478.28
1758549600,4204.43,4217.83,4180.52,4187.52,1449659.39
1758553200,4187.52,4193.69,4156.0,4165.79,1321014.46
1758556800,4165.79,4180.99,4158.0,4162.58,956528.08
1758560400,4162.59,4177.77,4142.99,4162.14,1564607.03
1758564000,4162.13,4176.0,4152.48,4153.28,583927.7
1758567600,4153.27,4164.52,4116.79,4132.89,1790776.44
1758571200,4132.89,4187.98,4131.65,4179.65,937342.68
1758574800,4179.64,4196.55,4173.66,4195.51,455365.35
1758578400,4195.51,4196.2,4181.21,4188.21,344885.84
1758582000,4188.21,4205.73,4186.94,4196.25,479374.28
1758585600,4196.25,4209.0,4187.1,4188.94,620642.83
1758589200,4188.94,4196.35,4160.7,4161.59,1014385.79
1758592800,4161.59,4181.1,4138.37,4142.16,1045661.67
1758596400,4142.15,4195.49,4112.71,4185.68,2515911.59
1758600000,4185.68,4191.56,4152.24,4175.01,980774.42
1758603600,4175.02,4192.0,4162.9,4181.01,750571.63
1758607200,4181.01,4214.02,4175.37,4203.0,1264387.75
1758610800,4202.99,4209.3,4195.37,4203.0,621188.22
1758614400,4203.0,4212.0,4190.67,4206.33,575173.78
1758618000,4206.33,4227.87,4182.11,4189.59,1417680.88
1758621600,4189.58,4194.22,4182.89,4191.11,467496.81
1758625200,4191.1,4193.15,4176.0,4189.5,513272.69
1758628800,4189.5,4202.11,4181.18,4192.8,716781.69
1758632400,4192.8,4206.95,4178.39,4185.66,891815.81
1758636000,4185.65,4209.99,4161.24,4173.17,1890717.23
1758639600,4173.17,4202.74,4159.07,4179.05,1190689.73
1758643200,4179.01,4206.0,4162.0,4190.16,1626853.62
1758646800,4190.15,4192.43,4135.25,4147.22,1741998.86
1758650400,4147.22,4166.24,4145.0,4155.51,852207.18
1758654000,4155.51,4181.13,4140.25,4151.52,1021138.83
1758657600,4151.5,4174.84,4137.03,4174.01,547431.27
1758661200,4174.0,4189.99,4162.16,4181.56,487765.38
1758664800,4181.53,4187.76,4166.61,4179.74,321026.74
1758668400,4179.75,4184.21,4158.42,4162.17,515381.4
1758672000,4162.17,4193.03,4155.84,4172.21,779595.76
1758675600,4172.21,4191.22,4166.95,4187.59,443369.13
1758679200,4187.59,4189.8,4158.88,4167.71,1095967.03
1758682800,4167.72,4172.5,4126.02,4145.51,1694228.03
1758686400,4145.51,4159.77,4071.01,4139.15,4798804.4
1758690000,4139.15,4174.99,4137.0,4170.8,1020503.61
1758693600,4170.8,4181.5,4164.03,4178.53,795817.67
1758697200,4178.54,4181.89,4162.6,4173.0,550928.54
1758700800,4173.0,4176.0,4165.46,4172.59,336807.99
1758704400,4172.59,4182.57,4167.22,4180.6,428516.76
1758708000,4180.6,4181.46,4161.15,4175.3,549521.23
1758711600,4175.31,4197.0,4172.26,4180.0,1355586.61
1758715200,4180.0,4185.39,4168.08,4178.75,488010.24
1758718800,4178.74,4183.99,4142.89,4147.99,1855703.72
1758722400,4148.0,4205.0,4147.46,4191.35,1723189.53
1758726000,4191.34,4195.54,4160.0,4163.52,1158916.1
1758729600,4163.52,4174.0,4151.55,4170.68,1017803.13
1758733200,4170.68,4192.56,4163.13,4180.53,720721.89
1758736800,4180.53,4181.53,4163.51,4169.6,429346.51
1758740400,4169.6,4171.91,4152.38,4159.09,482587.89
1758744000,4159.08,4167.0,4145.49,4163.53,503450.91
1758747600,4163.53,4169.7,4127.01,4143.01,592977.86
1758751200,4143.01,4162.3,4141.0,4152.36,497231.35
1758754800,4152.37,4160.51,4142.33,4150.28,340953.41
1758758400,4150.28,4159.29,4120.05,4127.0,1015521.81
1758762000,4127.0,4134.88,4080.0,4099.99,2656269.11
1758765600,4100.0,4135.8,4060.52,4099.88,3286273.38
1758769200,4099.88,4101.12,4018.62,4059.61,3671103.2
1758772800,4059.6,4069.06,3959.22,3999.58,5488758.55
1758776400,3999.58,4037.6,3973.78,4022.49,2465109.64
1758780000,4022.49,4025.99,3990.58,3995.42,1960462.12
1758783600,3995.47,4019.52,3982.31,4006.61,1270946.75
1758787200,4006.6,4033.44,4001.01,4012.73,1409223.55
1758790800,4012.72,4050.0,4009.58,4022.59,1684103.67
1758794400,4022.59,4040.81,4006.44,4011.75,933874.74
1758798000,4011.75,4018.44,3987.61,4000.72,1314660.48
1758801600,4000.72,4014.85,3920.0,3976.81,4682997.67
1758805200,3976.8,4005.99,3942.07,3968.0,3776121.0
1758808800,3968.0,4020.19,3966.42,4010.9,2054928.2
1758812400,4010.9,4014.37,3976.47,4000.5,1360801.52
1758816000,4000.49,4004.0,3925.0,3938.46,2777438.93
1758819600,3938.45,3940.73,3820.01,3836.76,7774783.24
1758823200,3836.75,3922.62,3822.0,3921.9,3973930.97
1758826800,3921.91,3944.56,3904.26,3908.63,1933393.08
1758830400,3908.64,3916.0,3875.0,3883.06,1496442.97
1758834000,3883.07,3915.1,3878.27,3902.51,874066.62
1758837600,3902.5,3934.8,3878.62,3890.5,1026735.07
1758841200,3890.5,3903.39,3847.11,3872.72,1638436.11
1758844800,3872.73,3936.97,3865.35,3929.57,1994960.57
1758848400,3929.56,3955.41,3918.0,3946.11,1637780.72
1758852000,3946.12,3969.0,3938.9,3956.33,1301676.07
1758855600,3956.34,3966.85,3942.23,3962.97,759394.71
1758859200,3962.98,3974.53,3937.01,3943.99,1065573.78
1758862800,3944.0,3961.48,3917.88,3919.99,1073828.9
1758866400,3919.99,3947.59,3909.0,3919.26,1391120.94
1758870000,3919.27,3946.8,3905.16,3937.14,1750280.79
1758873600,3937.14,3943.16,3923.19,3932.08,803570.75
1758877200,3932.09,3938.35,3892.55,3913.4,1119508.19
1758880800,3913.39,3914.74,3872.0,3886.52,1519435.56
1758884400,3886.51,3915.0,3871.21,3903.99,1144033.88
1758888000,3903.98,3962.97,3873.12,3934.65,3008500.08
1758891600,3934.66,3983.0,3904.07,3968.16,2815745.14
1758895200,3968.1,3976.0,3920.37,3929.1,1896297.61
1758898800,3929.11,3961.05,3927.01,3943.81,1056672.8
1758902400,3943.81,3994.39,3940.02,3988.04,1706100.08
1758906000,3988.05,4044.0,3975.0,4042.54,2495583.52
1758909600,4042.54,4067.5,4033.93,4041.58,1875314.59
1758913200,4041.59,4044.01,4005.01,4021.61,1439570.13
1758916800,4021.61,4027.99,4007.0,4007.52,557153.26
1758920400,4007.52,4024.04,4002.48,4021.0,433512.62
1758924000,4021.0,4038.07,4017.0,4024.07,483043.43
1758927600,4024.08,4034.46,4012.61,4029.78,382224.63
1758931200,4029.78,4030.8,4014.44,4024.48,373058.32
1758934800,4024.49,4027.0,4003.73,4016.62,441559.82
1758938400,4016.61,4021.6,4007.3,4010.24,347186.58
1758942000,4010.23,4027.78,4008.35,4016.8,422027.35
1758945600,4016.79,4026.67,4013.0,4019.66,248472.03
1758949200,4019.65,4020.0,4010.47,4018.39,266121.48
1758952800,4018.38,4018.39,4011.0,4016.96,218455.35
1758956400,4016.96,4020.0,4004.16,4006.5,398205.52
1758960000,4006.49,4006.5,3980.38,3983.94,1290658.53
1758963600,3983.93,3996.3,3970.17,3993.17,941386.45
1758967200,3993.18,4015.89,3986.79,4006.91,901306.81
1758970800,4006.92,4011.5,3996.56,4000.19,418912.66
1758974400,4000.2,4037.64,3992.43,4026.44,1194911.24
1758978000,4026.45,4029.44,4013.58,4017.91,534515.46
1758981600,4017.91,4024.61,4006.22,4012.66,491184.06
1758985200,4012.67,4020.0,3997.13,4016.42,629271.23
1758988800,4016.42,4017.45,4001.33,4005.47,378872.82
1758992400,4005.48,4005.77,3977.0,4000.0,1103243.94
1758996000,4000.01,4002.5,3984.59,3994.67,324348.16
1758999600,3994.67,4001.83,3989.63,4000.51,172264.27
1759003200,4000.5,4008.83,3998.58,4004.99,188474.81
1759006800,4004.99,4019.5,4004.53,4012.8,232207.92
1759010400,4012.8,4032.0,4011.98,4021.01,486624.44
1759014000,4021.0,4025.32,4012.0,4016.96,379021.35
1759017600,4016.97,4031.06,4005.0,4014.52,617348.48
1759021200,4014.52,4016.37,3992.31,3995.01,676407.76
1759024800,3995.01,4009.92,3993.79,3999.61,397899.73
1759028400,3999.64,4009.0,3995.06,4001.01,229084.71
1759032000,4001.01,4004.47,3995.03,4003.7,213088.58
1759035600,4003.7,4019.22,4001.32,4009.09,405783.76
1759039200,4009.08,4015.0,3994.65,4004.92,503613.27
1759042800,4004.92,4014.0,4000.45,4012.02,300758.61
1759046400,4012.03,4014.1,3998.5,4000.0,378377.99
1759050000,4000.0,4004.87,3987.02,3994.29,641672.5
1759053600,3994.29,3998.88,3982.27,3994.55,460636.18
1759057200,3994.56,3995.45,3983.0,3990.85,450792.74
1759060800,3990.84,3991.0,3962.06,3976.01,1068707.58
1759064400,3976.01,4020.0,3975.9,4011.38,1363899.63
1759068000,4011.38,4026.15,4005.74,4022.28,1032024.49
1759071600,4022.28,4027.0,4013.4,4019.18,625299.25
1759075200,4019.18,4053.0,4019.06,4030.9,1448311.93
1759078800,4030.9,4049.88,4020.71,4037.43,992629.32
1759082400,4037.42,4042.94,4033.0,4040.09,253308.62
1759086000,4040.09,4044.18,4030.55,4036.96,224690.79
1759089600,4036.96,4064.96,4033.39,4048.39,759117.01
1759093200,4048.39,4059.89,4039.43,4047.79,312855.33
1759096800,4047.8,4139.5,4047.79,4130.0,2979189.14
1759100400,4130.0,4143.12,4118.41,4139.36,1092576.87
1759104000,4139.35,4143.75,4121.0,4125.0,994666.36
1759107600,4125.0,4135.68,4109.99,4112.29,902033.74
1759111200,4112.28,4126.8,4105.68,4110.0,722298.77
1759114800,4110.0,4119.78,4101.2,4119.77,658104.3
1759118400,4119.77,4122.2,4111.5,4117.36,325425.32
1759122000,4117.35,4118.63,4101.3,4112.43,458651.29
1759125600,4112.44,4112.91,4090.86,4095.77,713340.93
1759129200,4095.77,4111.66,4086.0,4106.54,744996.71
1759132800,4106.54,4134.43,4106.4,4119.79,1049058.2
1759136400,4119.8,4137.94,4117.0,4131.87,762717.78
1759140000,4131.87,4135.68,4111.7,4114.1,613675.68
1759143600,4114.1,4114.96,4092.0,4101.57,1006773.83
1759147200,4101.56,4128.16,4090.53,4096.27,1154080.66
1759150800,4096.26,4185.99,4080.08,4167.07,4149114.32
1759154400,4167.07,4206.6,4157.57,4186.61,3260630.31
1759158000,4186.61,4197.99,4151.5,4163.28,1814179.71
1759161600,4163.28,4173.5,4137.31,4140.63,1273768.95
1759165200,4140.63,4157.6,4125.25,4153.58,1265926.49
1759168800,4153.59,4161.87,4140.54,4160.0,542415.57
1759172400,4159.99,4192.17,4158.0,4186.16,963952.33
1759176000,4186.16,4232.42,4179.55,4224.98,1427582.38
1759179600,4224.99,4234.33,4209.03,4222.0,544892.57
1759183200,4222.01,4229.0,4211.13,4223.81,545647.03
1759186800,4223.81,4228.0,4210.6,4212.84,483883.86
1759190400,4212.83,4243.62,4192.41,4204.17,1707737.04
1759194000,4204.17,4225.44,4188.6,4201.64,1213755.17
1759197600,4201.65,4209.23,4194.23,4197.1,520072.22
1759201200,4197.1,4206.0,4186.01,4197.0,496219.28
1759204800,4197.0,4199.0,4187.0,4187.19,399622.02
1759208400,4187.19,4193.33,4168.1,4182.64,989721.64
1759212000,4182.64,4201.58,4178.04,4187.99,865099.86
1759215600,4187.99,4205.0,4170.98,4180.63,815485.46
1759219200,4180.62,4181.56,4162.0,4167.35,807603.61
1759222800,4167.35,4176.77,4132.12,4139.01,1681247.67
1759226400,4139.0,4164.0,4133.45,4156.1,1236209.21
1759230000,4156.1,4167.62,4145.59,4162.64,717451.42
1759233600,4162.64,4173.67,4153.14,4155.79,716293.67
1759237200,4155.8,4173.33,4137.27,4152.61,1378981.83
1759240800,4152.6,4159.08,4113.61,4147.25,2296424.38
1759244400,4147.26,4148.0,4092.19,4117.88,2204949.42
1759248000,4117.87,4125.7,4090.01,4097.34,1574246.32
1759251600,4097.34,4109.0,4091.97,4099.06,930506.4
1759255200,4099.05,4116.86,4091.03,4114.71,669739.28
1759258800,4114.71,4169.65,4107.0,4158.29,1333659.26
1759262400,4158.29,4195.71,4147.25,4193.88,1540006.2
1759266000,4193.88,4199.62,4151.0,4151.01,1134804.81
1759269600,4151.0,4169.7,4127.55,4138.01,1029088.14
1759273200,4138.01,4144.5,4114.32,4143.18,826092.2
1759276800,4143.19,4150.4,4122.25,4146.82,739862.12
1759280400,4146.81,4172.54,4140.74,4168.68,982339.19
1759284000,4168.68,4169.0,4151.0,4151.48,541600.85
1759287600,4151.49,4152.32,4126.88,4127.39,933006.72
1759291200,4127.4,4155.0,4125.0,4138.89,865420.23
1759294800,4138.9,4155.0,4138.06,4142.79,520617.68
1759298400,4142.79,4145.27,4120.37,4124.47,807761.88
1759302000,4124.47,4145.25,4123.0,4143.69,493689.34
1759305600,4143.7,4328.16,4140.95,4289.99,7627433.6
1759309200,4289.99,4318.0,4277.47,4308.31,2521705.11
1759312800,4308.32,4311.0,4277.01,4280.41,1323647.02
1759316400,4280.4,4306.0,4280.4,4296.01,948123.79
1759320000,4296.01,4312.66,4276.0,4282.99,1361234.31
1759323600,4282.98,4301.88,4278.51,4293.77,1217489.98
1759327200,4293.78,4338.38,4289.24,4321.59,3324949.04
1759330800,4321.59,4342.43,4312.0,4324.55,1410523.78
1759334400,4324.55,4337.98,4315.56,4322.01,1193065.96
1759338000,4322.02,4331.0,4287.0,4291.15,1386761.72
1759341600,4291.15,4316.5,4290.0,4305.8,709814.97
1759345200,4305.8,4337.98,4303.4,4331.73,938707.18
1759348800,4331.73,4334.48,4313.0,4333.15,662088.82
1759352400,4333.14,4333.62,4286.11,4302.75,816189.82
1759356000,4302.74,4327.73,4302.74,4310.83,433010.67
1759359600,4310.82,4354.99,4308.6,4346.11,1198656.73
1759363200,4346.11,4379.7,4331.11,4333.6,2381529.33
1759366800,4333.6,4397.66,4330.5,4391.51,1607934.65
1759370400,4391.5,4396.97,4364.3,4383.65,1361311.64
1759374000,4383.66,4396.88,4369.11,4375.14,907342.61
1759377600,4375.15,4384.17,4357.5,4371.44,804684.1
1759381200,4371.44,4396.53,4368.58,4381.95,713411.44
1759384800,4381.95,4423.06,4372.51,4401.72,2161379.67
1759388400,4401.73,4407.99,4368.56,4374.4,852766.76
1759392000,4374.41,4393.0,4367.23,4386.51,753465.45
1759395600,4386.51,4395.24,4377.01,4389.65,460092.28
1759399200,4389.66,4395.0,4373.83,4378.81,511283.29
1759402800,4378.81,4393.0,4371.44,4377.7,499320.45
1759406400,4377.71,4406.44,4375.0,4404.43,841778.18
1759410000,4404.43,4417.92,4377.0,4415.0,2167965.23
1759413600,4414.99,4418.0,4365.0,4372.9,2661311.48
1759417200,4372.91,4441.44,4332.01,4435.38,4429229.04
1759420800,4435.39,4469.63,4423.23,4446.65,3242005.98
1759424400,4446.65,4477.76,4437.0,4464.11,1607467.85
1759428000,4464.11,4495.72,4463.47,4485.26,1529703.0
1759431600,4485.26,4516.25,4481.77,4493.48,1849420.08
1759435200,4493.48,4495.49,4466.0,4489.73,865495.21
1759438800,4489.73,4495.64,4466.0,4466.93,549878.68
1759442400,4466.92,4483.55,4456.0,4462.01,778109.7
1759446000,4462.01,4487.97,4460.63,4481.85,543011.93
1759449600,4481.85,4482.0,4464.44,4466.79,431454.6
1759453200,4466.8,4477.88,4459.5,4469.73,607313.42
1759456800,4469.73,4514.63,4469.1,4507.99,1399147.71
1759460400,4508.0,4558.77,4488.08,4499.37,2850838.29
1759464000,4499.38,4510.0,4481.08,4495.72,773707.07
1759467600,4495.72,4499.96,4466.0,4475.65,950419.22
1759471200,4475.64,4484.96,4456.4,4471.06,916333.68
1759474800,4471.06,4477.14,4452.02,4462.18,954808.9
1759478400,4462.17,4466.5,4427.0,4465.51,1712087.04
1759482000,4465.5,4481.6,4456.0,4471.62,983145.03
1759485600,4471.63,4493.95,4465.6,4487.33,765344.59
1759489200,4487.32,4488.38,4464.01,4476.6,705419.48
1759492800,4476.6,4490.93,4470.99,4480.57,569680.97
1759496400,4480.57,4504.42,4446.87,4468.68,2126895.41
1759500000,4468.68,4488.5,4433.06,4480.77,2002291.48
1759503600,4480.73,4541.64,4454.52,4533.18,2419110.33
1759507200,4533.19,4590.93,4518.77,4523.6,4515015.87
1759510800,4523.59,4524.77,4452.64,4470.32,4831849.19
1759514400,4470.31,4511.27,4448.95,4510.79,1510693.71
1759518000,4510.78,4544.05,4501.55,4517.76,1045237.13
1759521600,4517.76,4541.47,4491.23,4533.68,850409.34
1759525200,4533.68,4535.94,4512.32,4521.56,340065.72
1759528800,4521.56,4532.9,4521.56,4526.66,292442.61
1759532400,4526.66,4527.36,4505.0,4511.3,521250.48
1759536000,4511.32,4515.52,4493.58,4500.0,753518.85
1759539600,4499.99,4500.68,4466.76,4478.71,873768.24
1759543200,4478.71,4488.71,4461.59,4483.39,861945.1
1759546800,4483.4,4487.12,4469.38,4485.0,427975.57
1759550400,4485.0,4497.77,4478.0,4492.27,502376.61
1759554000,4492.27,4508.97,4490.39,4502.02,560073.1
1759557600,4502.01,4516.74,4500.3,4504.86,641933.9
1759561200,4504.86,4512.03,4491.7,4496.41,560611.07
1759564800,4496.41,4501.11,4480.52,4487.97,553462.14
1759568400,4487.97,4501.49,4482.0,4488.0,438565.47
1759572000,4488.0,4502.94,4481.8,4485.99,455767.19
1759575600,4485.99,4494.39,4478.01,4482.08,375835.04
1759579200,4482.07,4488.62,4473.68,4478.1,429725.76
1759582800,4478.11,4507.91,4477.02,4497.77,736909.88
1759586400,4497.77,4510.0,4467.1,4468.08,997845.49
1759590000,4468.08,4481.85,4439.53,4453.67,1908745.59
1759593600,4453.68,4466.99,4437.86,4465.63,923259.27
1759597200,4465.62,4475.43,4451.66,4463.31,572554.3
1759600800,4463.32,4466.33,4449.07,4454.3,348105.94
1759604400,4454.29,4467.77,4454.0,4466.02,184915.03
1759608000,4466.02,4484.0,4466.02,4472.96,423344.52
1759611600,4472.97,4493.0,4472.96,4483.07,342983.12
1759615200,4483.07,4493.33,4478.46,4487.53,210732.61
1759618800,4487.54,4488.5,4480.3,4485.39,185830.46
1759622400,4485.38,4492.0,4465.02,4469.99,386577.57
1759626000,4469.99,4487.0,4469.07,4485.59,358706.45
1759629600,4485.58,4549.61,4478.0,4546.92,2619992.71
1759633200,4546.92,4574.55,4526.43,4529.73,2637794.58
1759636800,4529.73,4587.01,4526.52,4572.32,2049981.38
1759640400,4572.33,4584.17,4556.11,4568.08,1175820.22
1759644000,4568.09,4572.57,4552.0,4558.13,677474.72
1759647600,4558.14,4613.79,4557.16,4604.2,2104942.72
1759651200,4604.19,4618.0,4582.66,4587.0,1495126.35
1759654800,4587.01,4589.6,4536.47,4549.18,2297004.82
1759658400,4549.17,4551.71,4522.0,4541.39,1670388.64
1759662000,4541.39,4556.1,4534.0,4549.52,635004.82
1759665600,4549.52,4550.33,4528.21,4530.69,769869.11
1759669200,4530.7,4543.87,4529.85,4537.59,416117.19
1759672800,4537.6,4549.0,4529.35,4534.0,623989.33
1759676400,4534.0,4542.87,4525.1,4531.01,427855.89
1759680000,4531.01,4540.0,4488.0,4527.64,1594395.43
1759683600,4527.64,4537.06,4502.63,4510.97,864405.59
1759687200,4510.98,4524.56,4495.2,4517.4,549816.44
1759690800,4517.4,4518.12,4480.01,4485.29,808376.9
1759694400,4485.29,4508.0,4472.0,4496.27,662753.39
1759698000,4496.27,4506.67,4490.29,4503.23,294525.32
1759701600,4503.23,4517.44,4499.03,4510.88,355469.98
1759705200,4510.88,4521.57,4509.98,4512.25,424967.33
1759708800,4512.25,4552.0,4483.53,4497.44,1772855.64
1759712400,4497.44,4539.99,4487.53,4525.84,1180063.33
1759716000,4525.82,4548.67,4504.07,4536.71,908006.82
1759719600,4536.72,4540.87,4525.93,4535.14,472029.6
1759723200,4535.14,4540.55,4520.49,4522.64,359859.28
1759726800,4522.64,4528.0,4507.3,4526.31,560343.4
1759730400,4526.31,4574.9,4525.31,4558.6,1613467.24
1759734000,4558.6,4576.82,4526.73,4531.81,1365801.76
1759737600,4531.81,4566.0,4531.81,4559.81,838608.03
1759741200,4559.81,4574.96,4558.46,4571.11,648006.95
1759744800,4571.11,4578.0,4555.32,4571.24,623148.72
1759748400,4571.23,4592.12,4562.9,4570.14,1088003.91
1759752000,4570.15,4595.0,4568.22,4579.54,818867.15
1759755600,4579.52,4637.88,4575.11,4636.58,3017248.15
1759759200,4636.57,4675.0,4627.21,4637.31,3339403.21
1759762800,4637.31,4693.0,4636.06,4671.15,2103192.86
1759766400,4671.14,4683.89,4658.23,4676.76,868262.48
1759770000,4676.7,4718.0,4672.02,4693.89,1945669.49
1759773600,4693.89,4715.9,4676.7,4710.17,905385.08
1759777200,4710.17,4734.99,4693.36,4721.24,1212377.36
1759780800,4721.24,4734.75,4685.0,4687.3,908479.93
1759784400,4687.29,4697.0,4669.1,4692.0,625797.4
1759788000,4691.96,4707.64,4680.47,4696.85,454524.52
1759791600,4696.86,4703.6,4681.23,4682.02,415190.37
1759795200,4682.01,4691.54,4670.01,4678.47,571369.47
1759798800,4678.47,4697.9,4662.02,4674.09,738682.56
1759802400,4674.1,4690.28,4667.13,4684.86,530066.42
1759806000,4684.85,4694.2,4676.88,4689.0,520268.63
1759809600,4689.0,4718.0,4677.2,4711.96,1116569.86
1759813200,4711.95,4730.77,4703.03,4710.22,992346.2
1759816800,4710.23,4718.33,4664.3,4668.45,1503480.05
1759820400,4668.45,4682.0,4663.02,4676.99,845291.05
1759824000,4676.99,4677.36,4637.12,4669.32,2063215.7
1759827600,4669.32,4681.78,4666.67,4678.38,538308.02
1759831200,4678.38,4696.0,4671.62,4689.94,790975.13
1759834800,4689.95,4711.45,4685.01,4706.36,835940.72
1759838400,4706.36,4748.0,4693.37,4746.3,1902524.87
1759842000,4746.3,4754.37,4661.61,4702.0,4746092.81
1759845600,4702.01,4707.99,4588.06,4591.79,4947591.53
1759849200,4591.79,4605.0,4476.0,4510.48,7657881.35
1759852800,4510.48,4521.69,4452.0,4497.19,4180618.9
1759856400,4497.18,4505.48,4465.95,4473.6,1346620.8
1759860000,4473.6,4481.95,4444.03,4462.64,1684154.35
1759863600,4462.64,4492.67,4457.21,4477.61,1382920.79
1759867200,4477.61,4514.96,4474.02,4507.1,841540.64
1759870800,4507.09,4511.84,4477.7,4490.9,525322.65
1759874400,4490.9,4503.98,4480.45,4495.16,355319.87
1759878000,4495.17,4496.93,4424.15,4445.76,1582658.22
1759881600,4445.78,4479.64,4430.78,4469.63,1194326.08
1759885200,4469.64,4487.47,4455.58,4481.05,649884.6
1759888800,4481.05,4496.2,4471.0,4478.85,742449.86
1759892400,4478.86,4478.86,4431.64,4442.25,1387287.62
1759896000,4442.25,4464.8,4408.14,4460.0,1714366.84
1759899600,4460.0,4460.5,4418.01,4436.0,1206159.16
1759903200,4436.0,4456.57,4421.7,4453.45,759346.19
1759906800,4453.46,4462.24,4440.27,4461.25,722943.68
1759910400,4461.25,4494.99,4455.9,4473.3,1662342.74
1759914000,4473.3,4482.9,4469.1,4481.88,540536.7
1759917600,4481.88,4503.48,4477.4,4497.61,1019897.38
1759921200,4497.61,4504.7,4480.33,4485.37,718914.1
1759924800,4485.37,4494.99,4467.36,4476.38,753276.15
1759928400,4476.38,4487.9,4435.23,4474.0,1855405.46
1759932000,4474.0,4521.38,4437.0,4448.3,3133550.58
1759935600,4448.3,4467.62,4433.84,4445.05,1428133.03
1759939200,4445.04,4496.86,4436.5,4493.7,1620194.12
1759942800,4493.7,4555.9,4487.53,4536.62,2788387.46
1759946400,4536.62,4542.0,4510.1,4520.91,1315229.6
1759950000,4520.91,4524.91,4495.0,4512.72,1006450.51
1759953600,4512.68,4524.98,4497.42,4501.68,507052.03
1759957200,4501.67,4525.92,4500.01,4523.0,381825.16
1759960800,4523.0,4536.97,4518.73,4519.28,409915.41
1759964400,4519.27,4535.84,4507.03,4523.51,459581.52
1759968000,4523.5,4529.69,4505.0,4509.13,562294.1
1759971600,4509.12,4512.0,4460.66,4477.72,1618944.22
1759975200,4477.71,4480.54,4400.5,4411.04,2285323.92
1759978800,4411.03,4451.32,4410.01,4448.49,1082840.93
1759982400,4448.5,4457.0,4435.95,4452.69,623379.05
1759986000,4452.69,4458.42,4435.95,4452.21,503434.61
1759989600,4452.21,4452.39,4421.2,4427.6,1003107.52
1759993200,4427.6,4435.89,4408.88,4424.0,821644.95
1759996800,4424.0,4424.91,4317.0,4326.45,4749170.72
1760000400,4326.45,4354.89,4324.22,4333.36,1418390.69
1760004000,4333.35,4356.66,4322.99,4351.99,1161099.37
1760007600,4351.99,4385.76,4351.81,4371.01,1349429.67
1760011200,4371.0,4412.1,4367.0,4401.73,1570115.65
1760014800,4401.73,4404.91,4345.62,4348.94,2220423.68
1760018400,4348.94,4374.08,4302.05,4342.94,3539532.6
1760022000,4342.95,4361.69,4288.0,4312.36,3007292.81
1760025600,4312.37,4326.0,4263.0,4275.08,2535764.07
1760029200,4275.09,4334.98,4266.8,4333.1,1965957.62
1760032800,4333.1,4338.74,4299.0,4306.28,1241356.96
1760036400,4306.28,4344.0,4305.53,4336.74,697029.16
1760040000,4336.74,4346.0,4325.53,4335.04,489025.08
1760043600,4335.04,4357.64,4333.17,4355.85,476856.41
1760047200,4355.85,4381.0,4350.12,4375.62,702492.31
1760050800,4375.62,4377.35,4354.7,4366.61,565838.73
1760054400,4366.61,4384.77,4360.51,4378.75,590719.09
1760058000,4378.74,4391.51,4369.12,4371.59,652508.13
1760061600,4371.58,4378.74,4348.2,4357.9,1010933.65
1760065200,4357.9,4391.88,4341.07,4345.46,1571084.92
1760068800,4345.47,4361.0,4332.43,4342.85,906809.02
1760072400,4342.86,4368.3,4325.69,4366.31,1027589.01
1760076000,4366.31,4375.55,4317.41,4326.17,1348610.27
1760079600,4326.17,4332.64,4313.05,4321.88,1064661.65
1760083200,4321.89,4347.84,4311.0,4344.01,803449.96
1760086800,4344.0,4349.59,4316.39,4319.66,902359.19
1760090400,4319.67,4343.96,4318.47,4340.6,534207.13
1760094000,4340.61,4346.0,4326.26,4341.25,546784.38
1760097600,4341.25,4351.52,4331.89,4346.32,535385.87
1760101200,4346.31,4388.3,4342.7,4353.58,2410790.49
1760104800,4353.58,4374.0,4276.0,4278.2,3050044.25
1760108400,4278.2,4282.0,4067.33,4101.01,14140577.64
1760112000,4101.0,4135.81,4083.11,4105.89,3685468.8
1760115600,4105.89,4110.39,4073.09,4091.74,2277278.24
1760119200,4091.74,4098.0,4050.25,4051.31,3096051.21
1760122800,4051.3,4062.07,3947.22,3995.07,7325327.82
1760126400,3995.07,4022.42,3840.6,3866.18,5522057.26
1760130000,3866.31,3914.0,3355.12,3887.5,21708168.59
1760133600,3887.5,3900.0,3780.0,3850.64,5700289.31
1760137200,3850.68,3915.91,3781.25,3823.96,3176979.22
1760140800,3823.96,3872.63,3800.0,3834.21,2326068.99
1760144400,3834.21,3836.74,3723.85,3733.17,3011105.32
1760148000,3733.17,3863.49,3729.44,3839.22,2439183.84
1760151600,3839.22,3846.0,3753.38,3790.27,2202445.56
1760155200,3790.26,3818.0,3777.2,3818.0,1410342.59
1760158800,3818.0,3830.57,3758.5,3785.99,1653343.88
1760162400,3785.98,3809.0,3768.16,3777.64,1319008.68
1760166000,3777.65,3782.71,3731.0,3757.56,1917333.87
1760169600,3757.56,3818.45,3747.39,3811.63,1837512.4
1760173200,3811.63,3844.96,3809.25,3825.65,1505751.96
1760176800,3825.65,3854.92,3815.1,3830.87,1004316.12
1760180400,3830.87,3841.43,3784.05,3837.69,1357790.52
1760184000,3837.64,3843.23,3803.6,3820.79,977218.82
1760187600,3820.8,3837.68,3781.0,3830.5,1528253.68
1760191200,3830.5,3836.29,3795.24,3812.55,883658.99
1760194800,3812.54,3853.0,3812.0,3822.61,1457750.68
1760198400,3822.6,3846.0,3806.41,3817.03,1252702.28
1760202000,3817.03,3839.4,3810.23,3822.67,640052.94
1760205600,3822.66,3823.44,3807.99,3812.72,297329.32
1760209200,3812.72,3813.75,3726.21,3758.0,2330004.04
1760212800,3758.0,3765.0,3657.0,3693.53,3208127.37
1760216400,3693.54,3742.97,3639.67,3734.48,2445879.41
1760220000,3734.5,3761.99,3723.58,3741.17,1018576.01
1760223600,3741.18,3751.92,3730.5,3745.51,740751.11
1760227200,3745.51,3762.59,3691.69,3699.47,1759351.32
1760230800,3699.48,3739.57,3693.85,3717.63,1230759.78
1760234400,3717.62,3748.0,3705.46,3733.03,1325474.05
1760238000,3733.03,3819.15,3726.36,3779.04,2533286.93
1760241600,3779.03,3820.0,3773.25,3799.5,1425746.32
1760245200,3799.5,3814.68,3793.51,3803.34,648132.3
1760248800,3803.34,3837.35,3801.0,3829.75,1083932.75
1760252400,3829.75,3842.98,3813.48,3824.93,1061762.51
1760256000,3824.94,3844.45,3818.53,3820.15,829208.64
1760259600,3820.15,3846.0,3802.72,3840.69,1241726.86
1760263200,3840.7,3866.0,3813.22,3818.0,1502347.24
1760266800,3818.0,3831.81,3812.48,3818.48,610379.06
1760270400,3818.48,3847.0,3816.4,3829.89,962140.87
1760274000,3829.89,3832.71,3791.17,3807.98,1859628.52
1760277600,3807.98,4025.0,3806.0,3972.36,7162865.08
1760281200,3972.37,4078.11,3961.9,4031.83,6529097.27
1760284800,4031.83,4172.23,4031.38,4103.61,6596768.55
1760288400,4103.61,4155.98,4096.0,4124.71,2520810.17
1760292000,4124.71,4144.88,4090.29,4106.61,1305015.66
1760295600,4106.61,4138.73,4105.33,4133.29,718806.78
1760299200,4133.28,4195.72,4123.48,4134.11,1615485.58
1760302800,4134.1,4163.64,4076.41,4133.65,1583550.7
1760306400,4133.65,4153.25,4107.93,4132.78,1335086.71
1760310000,4132.78,4159.49,4106.93,4149.75,1054747.49
1760313600,4149.75,4185.0,4122.0,4137.36,1845433.31
1760317200,4137.35,4198.0,4124.19,4196.37,1430828.45
1760320800,4196.37,4219.0,4150.35,4157.3,1546082.49
1760324400,4157.29,4168.72,4131.22,4138.65,891295.3
1760328000,4138.65,4145.0,4114.19,4140.06,1120358.21
1760331600,4140.06,4143.05,4122.0,4129.99,490607.5
1760335200,4130.0,4181.42,4114.44,4168.0,1523947.64
1760338800,4168.0,4196.0,4156.28,4176.26,1600416.21
1760342400,4176.26,4193.58,4164.27,4172.45,868019.95
1760346000,4172.46,4174.44,4140.01,4162.22,1050469.26
1760349600,4162.21,4165.65,4137.37,4149.99,660107.25
1760353200,4149.98,4154.0,4038.0,4078.88,4155219.96
1760356800,4078.88,4132.24,4053.98,4095.6,2497864.13
1760360400,4095.59,4179.0,4090.13,4162.21,4467411.03
1760364000,4162.21,4174.85,4079.58,4093.76,3352620.02
1760367600,4093.76,4147.0,4091.0,4133.33,1636823.35
1760371200,4133.34,4173.97,4126.04,4162.99,1834062.28
1760374800,4163.0,4238.0,4154.18,4233.16,2141637.7
1760378400,4233.15,4239.94,4197.67,4225.88,1493807.15
1760382000,4225.88,4269.61,4221.0,4250.4,1575812.93
1760385600,4250.24,4288.9,4241.28,4284.08,1009742.32
1760389200,4284.08,4289.74,4252.28,4256.75,630939.0
1760392800,4256.76,4275.0,4248.51,4269.5,532734.04
1760396400,4269.49,4269.49,4233.15,4239.8,613500.91
1760400000,4239.8,4262.21,4224.0,4240.44,756888.53
1760403600,4240.44,4242.3,4200.01,4209.95,1159528.98
1760407200,4209.95,4209.96,4163.87,4170.03,1388666.48
1760410800,4170.03,4172.36,4135.04,4151.8,1634813.07
1760414400,4151.81,4158.87,4085.0,4098.3,2260952.57
1760418000,4098.3,4124.54,4052.16,4068.34,2574738.08
1760421600,4068.34,4089.4,3962.76,4001.88,4842339.66
1760425200,4001.87,4024.44,3966.15,3979.21,2937130.85
1760428800,3979.21,4009.5,3948.19,3994.7,2972982.7
1760432400,3994.7,4013.19,3967.92,3983.97,1703105.33
1760436000,3983.96,3984.89,3885.99,3941.14,4925225.49
1760439600,3941.14,3984.23,3939.74,3969.86,2080451.48
1760443200,3969.86,3972.0,3928.4,3939.26,2010075.03
1760446800,3939.26,3974.89,3892.11,3954.05,4079444.55
1760450400,3954.05,4018.38,3938.0,3967.19,3816815.08
1760454000,3967.19,4087.0,3946.0,4082.99,3608799.15
1760457600,4083.0,4163.65,4055.56,4093.79,5281284.29
1760461200,4093.8,4140.0,4045.23,4099.53,3486514.51
1760464800,4099.52,4136.5,4091.51,4118.89,1286793.32
1760468400,4118.9,4146.99,4046.36,4101.19,2841284.6
1760472000,4101.2,4124.48,4071.07,4116.32,1129981.25
1760475600,4116.31,4121.29,4091.0,4116.0,467875.52
1760479200,4116.0,4140.43,4099.89,4116.97,611380.7
1760482800,4116.97,4143.62,4115.51,4122.74,577128.36
1760486400,4122.74,4131.33,4090.84,4118.0,992269.08
1760490000,4118.0,4119.84,4080.4,4111.91,1178921.04
1760493600,4111.91,4144.0,4105.0,4116.57,1185090.95
1760497200,4116.56,4121.66,4059.17,4080.0,1519865.9
1760500800,4080.01,4122.57,4070.28,4114.55,1010535.77
1760504400,4114.56,4123.6,4090.68,4108.28,889671.0
1760508000,4108.28,4122.0,4072.91,4116.46,1397931.79
1760511600,4116.46,4128.0,4102.08,4119.69,719832.33
1760515200,4119.7,4216.0,4117.01,4180.0,3530911.87
1760518800,4180.0,4184.09,4135.41,4154.35,1916341.69
1760522400,4154.3,4156.66,4110.01,4116.85,1550605.77
1760526000,4116.85,4129.67,4085.02,4098.2,1538317.16
1760529600,4098.2,4105.98,4068.0,4093.38,1516563.98
1760533200,4093.37,4101.82,4014.75,4053.1,4174363.15
1760536800,4053.1,4104.21,3990.0,4007.49,3972966.92
1760540400,4007.49,4034.59,3956.66,3979.03,3577321.7
1760544000,3979.03,4002.35,3963.54,3974.0,1941065.77
1760547600,3974.0,3992.66,3926.11,3990.81,2815612.45
1760551200,3990.81,4011.11,3966.58,4005.32,1387931.4
1760554800,4005.32,4007.8,3967.86,3980.94,1221731.81
1760558400,3980.94,3994.1,3934.02,3959.59,1423831.42
1760562000,3959.59,3980.83,3922.11,3952.16,1155895.85
1760565600,3952.15,3980.0,3949.44,3959.65,696603.64
1760569200,3959.65,3992.57,3951.93,3983.71,737777.95
1760572800,3983.7,3996.7,3974.06,3980.17,621126.57
1760576400,3980.16,4010.97,3978.36,4008.27,798241.04
1760580000,4008.28,4036.22,3998.3,4028.98,1194662.49
1760583600,4028.98,4034.54,4009.01,4012.46,604485.52
1760587200,4012.47,4029.0,3990.35,3996.87,863080.5
1760590800,3996.86,4018.6,3976.18,3994.62,1086316.59
1760594400,3994.62,4049.89,3992.29,4039.76,1300561.16
1760598000,4039.76,4044.04,3992.39,4002.25,1245793.71
1760601600,4002.25,4005.67,3980.0,3992.66,820466.87
1760605200,3992.67,4047.88,3937.17,4027.92,3415676.1
1760608800,4027.92,4078.0,4027.38,4047.16,2152577.55
1760612400,4047.15,4061.55,4030.93,4060.0,1015470.39
1760616000,4060.0,4088.0,4036.91,4052.65,1431317.35
1760619600,4052.65,4067.94,4004.99,4018.8,1969707.95
1760623200,4018.8,4057.39,3966.97,4013.41,4053034.48
1760626800,4013.41,4019.5,3890.0,3905.2,4847090.83
1760630400,3905.19,3966.36,3855.0,3962.43,5661732.24
1760634000,3962.43,3962.86,3913.72,3919.74,2196617.57
1760637600,3919.74,3920.49,3875.28,3903.16,2200889.41
1760641200,3903.16,3911.28,3848.76,3865.41,2160626.52
1760644800,3865.44,3879.67,3823.65,3849.34,1711934.47
1760648400,3849.33,3884.34,3838.83,3881.78,726276.25
1760652000,3881.79,3888.45,3861.0,3863.27,498426.1
1760655600,3863.27,3896.9,3858.69,3892.37,676080.81
1760659200,3892.38,3927.02,3886.41,3927.02,786635.04
1760662800,3927.02,3948.86,3903.67,3918.5,1271571.73
1760666400,3918.5,3930.0,3897.76,3920.85,851414.41
1760670000,3920.86,3934.15,3917.08,3931.38,517961.15
1760673600,3931.39,3934.44,3907.8,3910.01,638486.96
1760677200,3910.3,3921.65,3891.0,3893.75,938236.52
1760680800,3893.76,3905.0,3805.81,3818.91,3409991.67
1760684400,3818.91,3823.0,3750.01,3754.47,5106598.87
1760688000,3754.46,3768.5,3701.17,3707.47,4777155.83
1760691600,3707.46,3767.34,3695.0,3722.09,2770368.05
1760695200,3722.09,3737.62,3671.67,3723.24,3673767.96
1760698800,3723.23,3815.82,3718.27,3775.86,4498735.75
1760702400,3775.86,3809.99,3769.09,3773.54,1356470.48
1760706000,3773.54,3808.63,3736.49,3787.29,3348613.67
1760709600,3787.28,3796.85,3711.44,3748.64,4084436.07
1760713200,3748.65,3799.0,3741.37,3795.55,2183688.39
1760716800,3795.55,3845.59,3776.0,3786.13,3409759.78
1760720400,3786.14,3824.98,3777.63,3815.31,1256123.77
1760724000,3815.32,3847.43,3810.05,3833.58,1087025.55
1760727600,3833.58,3848.0,3812.5,3825.6,838720.75
1760731200,3825.58,3862.46,3816.2,3856.44,899965.2
1760734800,3856.43,3882.35,3851.2,3874.37,867682.88
1760738400,3874.38,3880.55,3843.91,3852.45,554428.84
1760742000,3852.45,3852.88,3826.6,3829.71,457918.36
1760745600,3829.71,3842.33,3817.0,3838.87,572746.36
1760749200,3838.87,3876.54,3838.01,3866.5,795323.24
1760752800,3866.51,3879.84,3843.51,3849.18,827415.47
1760756400,3849.17,3877.44,3847.46,3868.4,570249.0
1760760000,3868.4,3868.63,3838.68,3842.07,701828.45
1760763600,3842.06,3867.0,3840.66,3865.19,530241.07
1760767200,3865.2,3874.99,3858.33,3869.97,530356.89
1760770800,3869.97,3925.95,3869.96,3890.21,2438516.71
1760774400,3890.21,3903.75,3873.0,3874.36,731981.27
1760778000,3874.36,3885.51,3863.05,3876.64,674110.98
1760781600,3876.64,3891.47,3860.0,3874.3,736397.29
1760785200,3874.3,3881.9,3867.0,3880.72,456567.1
1760788800,3880.71,3892.51,3871.01,3881.32,449748.42
1760792400,3881.32,3881.68,3853.33,3863.86,831537.77
1760796000,3863.87,3880.0,3847.11,3871.98,876376.55
1760799600,3871.98,3878.67,3861.96,3875.88,461236.96
1760803200,3875.88,3880.98,3851.24,3863.39,650034.23
1760806800,3863.39,3897.89,3855.99,3892.03,944755.92
1760810400,3892.02,3897.21,3881.01,3886.92,323941.76
1760814000,3886.92,3892.98,3880.41,3891.41,167785.14
1760817600,3891.41,3909.17,3883.34,3883.56,549852.06
1760821200,3883.59,3894.88,3866.66,3889.64,513739.17
1760824800,3889.65,3893.39,3881.0,3883.61,158699.3
1760828400,3883.6,3887.99,3878.48,3886.5,181133.79
1760832000,3886.49,3890.85,3860.23,3867.39,463320.91
1760835600,3867.38,3875.38,3853.86,3872.66,440548.65
1760839200,3872.66,3874.87,3863.5,3871.36,259172.27
1760842800,3871.37,3904.93,3866.53,3904.0,872866.56
1760846400,3903.99,3906.63,3889.33,3900.79,446422.49
1760850000,3900.8,3918.86,3891.67,3894.66,820673.08
1760853600,3894.65,3898.64,3872.05,3879.48,682594.88
1760857200,3879.49,3893.16,3875.51,3886.79,479407.09
1760860800,3886.79,3957.14,3824.0,3861.77,3873673.42
1760864400,3861.77,3930.0,3847.11,3910.83,2626157.03
1760868000,3910.82,3948.0,3896.28,3929.38,1648290.54
1760871600,3929.37,3949.95,3911.03,3922.41,1243971.93
1760875200,3922.41,3928.9,3906.0,3921.99,691890.04
1760878800,3921.99,3987.75,3911.77,3970.5,1795639.52
1760882400,3970.51,4001.95,3952.68,3987.85,2340705.28
1760886000,3987.84,3991.0,3971.36,3977.36,596988.63
1760889600,3977.36,3987.47,3956.48,3979.66,946471.57
1760893200,3979.66,4026.66,3978.99,3991.9,2004002.61
1760896800,3991.9,4004.59,3984.43,4000.0,615603.81
1760900400,4000.0,4003.68,3976.21,3984.37,511676.37
1760904000,3984.38,4002.56,3973.15,3999.38,527624.81
1760907600,3999.38,4002.96,3983.0,3996.16,417918.96
1760911200,3996.16,4029.68,3986.28,4018.55,861989.39
1760914800,4018.55,4018.56,3967.3,3980.8,1085348.38
1760918400,3980.79,3980.82,3905.71,3939.88,2401443.75
1760922000,3939.88,3952.9,3928.19,3936.37,903186.1
1760925600,3936.38,3965.0,3917.06,3955.0,1297086.07
1760929200,3954.99,4038.96,3944.76,4025.45,1821172.82
1760932800,4025.46,4054.0,4020.65,4052.28,1535305.78
1760936400,4052.28,4073.0,4040.0,4058.97,1409279.61
1760940000,4058.97,4083.26,4054.37,4072.41,1362121.33
1760943600,4072.4,4075.0,4048.34,4053.21,1071953.64
1760947200,4053.21,4070.77,4032.0,4043.6,1443055.05
1760950800,4043.6,4050.62,4033.0,4043.38,660663.78
1760954400,4043.38,4052.0,4012.5,4024.59,1185607.07
1760958000,4024.6,4041.0,4010.04,4033.22,967589.66
1760961600,4033.21,4038.0,4022.18,4036.0,542194.89
1760965200,4035.99,4043.81,4018.0,4037.76,1182916.54
1760968800,4037.77,4047.84,4011.0,4037.17,1283296.58
1760972400,4037.19,4048.8,4000.93,4002.14,1549360.74
1760976000,4002.14,4002.19,3922.76,3947.87,4615697.88
1760979600,3947.86,3963.78,3920.1,3949.29,1671184.59
1760983200,3949.29,3974.04,3944.2,3972.05,767753.67
1760986800,3972.04,3991.38,3956.72,3978.88,938769.28
1760990400,3978.88,3997.06,3972.19,3996.37,444440.95
1760994000,3996.38,4001.64,3968.22,3974.7,594481.38
1760997600,3974.7,3989.71,3968.51,3987.12,453949.67
1761001200,3987.13,3991.67,3974.2,3977.47,353192.87
1761004800,3977.46,3984.65,3960.57,3970.18,543673.31
1761008400,3970.17,3972.18,3929.26,3946.17,1054157.13
1761012000,3946.16,3949.2,3923.2,3930.08,1008067.68
1761015600,3930.09,3941.8,3915.1,3920.96,784277.42
1761019200,3920.95,3920.96,3841.83,3849.53,3817835.6
1761022800,3849.54,3872.8,3837.01,3862.16,1689123.0
1761026400,3862.16,3890.0,3853.61,3885.01,1115481.38
1761030000,3885.0,3894.95,3872.4,3890.08,794378.89
1761033600,3890.08,3891.0,3848.88,3866.26,1487926.62
1761037200,3866.27,3873.0,3854.55,3862.91,596986.98
1761040800,3862.91,3896.35,3858.0,3882.48,1159506.88
1761044400,3882.47,3893.11,3868.32,3888.29,819399.7
1761048000,3888.3,3917.76,3874.03,3879.41,1555607.33
1761051600,3879.4,3897.68,3850.69,3864.76,2097412.74
1761055200,3864.77,4023.0,3863.33,4019.17,5953848.96
1761058800,4019.17,4084.73,3995.0,4079.96,5082329.71
1761062400,4079.95,4109.64,4016.6,4028.57,5107477.5
1761066000,4028.63,4040.0,3963.5,4012.97,5417368.93
1761069600,4012.98,4021.85,3973.18,4012.0,1763815.75
1761073200,4012.0,4021.24,3992.08,3994.39,827622.49
1761076800,3994.4,3999.59,3933.0,3951.95,1606206.64
1761080400,3951.95,3964.99,3891.58,3943.72,1518314.27
1761084000,3943.71,3947.84,3890.7,3899.54,1849216.06
1761087600,3899.54,3909.75,3855.11,3870.8,1773641.96
1761091200,3870.79,3887.81,3817.0,3840.12,2410892.14
1761094800,3840.11,3872.99,3839.13,3868.01,1302227.92
1761098400,3868.01,3874.44,3858.32,3859.87,660691.13
1761102000,3859.87,3861.99,3837.36,3857.67,878089.88
1761105600,3857.66,3882.4,3855.24,3876.9,802575.03
1761109200,3876.9,3880.0,3835.0,3858.48,1170492.13
1761112800,3858.47,3868.97,3850.27,3850.96,576260.49
1761116400,3850.95,3876.77,3839.01,3867.31,989145.82
1761120000,3867.31,3867.32,3846.87,3852.46,521241.22
1761123600,3852.46,3857.0,3822.0,3835.39,1512491.78
1761127200,3835.38,3848.0,3815.49,3819.09,1381987.52
1761130800,3819.1,3837.49,3763.54,3827.01,3996566.95
1761134400,3827.0,3856.45,3818.6,3844.72,1233455.64
1761138000,3844.71,3875.99,3822.3,3870.79,2351447.65
1761141600,3870.8,3872.84,3777.01,3851.68,4668876.86
1761145200,3851.7,3862.68,3786.93,3839.45,3231811.09
1761148800,3839.44,3859.15,3808.08,3833.28,2672316.75
1761152400,3833.28,3840.99,3792.0,3805.53,1225354.95
1761156000,3805.53,3819.46,3786.34,3800.95,1190635.72
1761159600,3800.95,3827.14,3781.06,3802.55,1345123.98
1761163200,3802.55,3808.78,3765.8,3779.01,1205087.58
1761166800,3779.01,3780.29,3705.01,3742.48,2708007.15
1761170400,3742.48,3760.0,3731.38,3750.07,782587.18
1761174000,3750.06,3816.74,3748.4,3803.69,1386795.12
1761177600,3803.69,3820.0,3794.34,3813.21,707422.21
1761181200,3813.22,3835.16,3810.0,3819.37,898747.52
1761184800,3819.38,3833.28,3813.0,3823.99,587599.56
1761188400,3823.99,3833.5,3820.0,3824.89,476414.9
1761192000,3824.89,3847.0,3820.54,3833.69,694414.36
1761195600,3833.7,3848.19,3832.67,3846.0,542608.03
1761199200,3845.99,3895.97,3842.0,3889.67,2090781.35
1761202800,3889.66,3891.0,3868.01,3878.99,1014729.7
1761206400,3878.98,3903.0,3878.98,3884.99,1122168.7
1761210000,3885.0,3890.0,3872.73,3888.8,733054.26
1761213600,3888.8,3903.0,3875.58,3875.63,1070197.14
1761217200,3875.63,3886.57,3855.26,3861.83,1275331.75
1761220800,3861.83,3861.83,3833.8,3851.75,1549144.84
1761224400,3851.76,3866.88,3831.14,3850.0,1792473.72
1761228000,3850.0,3852.63,3806.0,3845.99,2380522.03
1761231600,3846.0,3886.0,3841.0,3874.89,2393506.8
1761235200,3874.88,3934.49,3862.66,3916.15,2125548.7
1761238800,3916.15,3926.49,3873.71,3919.6,2148858.53
1761242400,3919.61,3920.98,3856.0,3868.34,1352952.75
1761246000,3868.35,3869.77,3842.96,3857.8,997661.35
1761249600,3857.8,3858.65,3816.06,3827.32,1043825.41
1761253200,3827.33,3835.66,3819.15,3826.46,653727.61
1761256800,3826.45,3854.52,3824.25,3848.41,795649.72
1761260400,3848.4,3859.27,3843.33,3854.74,503647.4
1761264000,3854.74,3875.67,3843.01,3865.72,957728.89
1761267600,3865.72,3881.57,3855.05,3879.35,617373.04
1761271200,3879.36,3894.33,3869.0,3887.08,587812.97
1761274800,3887.08,3890.34,3876.23,3889.06,542718.8
1761278400,3889.06,3978.4,3883.7,3972.8,2930876.72
1761282000,3972.8,3987.98,3955.0,3972.7,1458094.94
1761285600,3972.7,3985.8,3961.21,3980.88,971503.9
1761289200,3980.87,3982.48,3933.0,3947.53,1806152.56
1761292800,3947.53,3964.0,3928.04,3951.22,1387952.97
1761296400,3951.21,3967.73,3948.2,3957.19,776580.08
1761300000,3957.19,3963.79,3946.01,3954.99,554616.69
1761303600,3955.0,3962.6,3923.4,3944.76,1387288.28
1761307200,3944.75,4030.0,3939.21,3962.34,3824084.22
1761310800,3962.34,3977.3,3916.02,3945.01,2410976.7
1761314400,3945.01,3945.45,3888.0,3900.82,2890962.28
1761318000,3900.83,3929.32,3865.01,3887.35,2234971.13
1761321600,3887.35,3891.58,3863.65,3888.45,1651665.63
1761325200,3888.44,3905.0,3872.99,3886.2,1262140.88
1761328800,3886.2,3913.64,3881.44,3909.58,679847.18
1761332400,3909.57,3936.75,3909.3,3924.7,984157.19
1761336000,3924.71,3941.92,3922.01,3936.97,513120.56
1761339600,3936.98,3944.94,3923.81,3941.53,475069.53
1761343200,3941.53,3943.85,3927.98,3934.28,304831.71
1761346800,3934.29,3935.43,3923.28,3933.0,338952.62
1761350400,3933.0,3934.02,3910.26,3916.56,640927.51
1761354000,3916.57,3937.84,3913.21,3931.09,612404.49
1761357600,3931.1,3936.89,3923.74,3931.7,410423.01
1761361200,3931.71,3933.56,3918.0,3919.0,281119.09
1761364800,3919.0,3933.9,3918.05,3920.93,398707.5
1761368400,3920.93,3930.45,3918.0,3929.14,320704.29
1761372000,3929.14,3934.13,3924.23,3926.76,397059.7
1761375600,3926.76,3961.46,3923.13,3927.21,1120221.96
1761379200,3927.21,3954.0,3925.59,3951.66,589156.95
1761382800,3951.66,3954.63,3936.72,3940.64,572357.74
1761386400,3940.64,3946.03,3928.58,3940.4,497630.67
1761390000,3940.4,3943.56,3936.24,3938.04,212946.81
1761393600,3938.05,3953.72,3937.47,3951.17,481156.41
1761397200,3951.17,3954.45,3933.27,3941.19,554343.99
1761400800,3941.19,3946.27,3932.13,3937.01,353858.85
1761404400,3937.0,3937.01,3920.6,3931.64,454339.94
1761408000,3931.64,3936.45,3926.14,3931.36,275603.48
1761411600,3931.36,3938.16,3928.86,3932.76,237304.14
1761415200,3932.75,3968.0,3927.53,3957.87,931606.0
1761418800,3957.87,3962.48,3949.08,3955.64,366595.95
1761422400,3955.68,3957.98,3942.22,3943.24,354527.24
1761426000,3943.24,3951.41,3931.0,3951.41,320614.6
1761429600,3951.41,3963.39,3944.68,3959.86,296714.86
1761433200,3959.85,3962.47,3948.4,3951.76,214836.54
1761436800,3951.76,3960.01,3944.03,3948.16,315460.22
1761440400,3948.17,3954.02,3915.86,3930.87,692862.32
1761444000,3930.87,3937.32,3920.52,3928.54,521460.37
1761447600,3928.53,3935.0,3921.27,3930.0,352213.37
1761451200,3930.0,3939.84,3927.0,3937.92,260067.0
1761454800,3937.92,3944.94,3935.43,3940.33,260554.73
1761458400,3940.33,3944.31,3936.57,3942.63,221767.29
1761462000,3942.63,3955.0,3939.17,3949.68,423071.77
1761465600,3949.68,3967.89,3948.06,3957.88,581676.08
1761469200,3957.89,4011.0,3954.0,3986.3,2771160.31
1761472800,3986.3,3988.99,3972.32,3981.71,784766.52
1761476400,3981.71,4056.0,3975.0,4043.49,3244170.52
1761480000,4043.49,4077.0,4039.12,4070.87,2285606.88
1761483600,4070.87,4099.0,4060.34,4081.74,2004582.11
1761487200,4081.74,4089.3,4060.82,4065.0,1300071.08
1761490800,4065.01,4075.58,4057.08,4073.0,837721.11
1761494400,4073.01,4074.09,4044.5,4053.99,915608.79
1761498000,4054.0,4067.25,4051.18,4057.6,335685.05
1761501600,4057.59,4079.65,4056.0,4070.48,496075.13
1761505200,4070.48,4071.33,4063.03,4065.96,202934.12
1761508800,4065.95,4071.67,4052.82,4060.23,313182.66
1761512400,4060.23,4094.75,4052.55,4078.62,540887.67
1761516000,4078.62,4180.0,4078.62,4158.91,3185096.22
1761519600,4158.91,4178.59,4147.07,4157.46,1313128.78
1761523200,4157.45,4189.99,4145.46,4168.65,1318020.43
1761526800,4168.65,4207.8,4165.71,4190.01,1549632.53
1761530400,4190.01,4216.88,4181.13,4203.27,1479273.64
1761534000,4203.27,4224.71,4198.1,4202.82,940318.49
1761537600,4202.82,4217.19,4192.4,4211.28,833246.31
1761541200,4211.28,4251.99,4208.58,4231.0,1973410.55
1761544800,4231.0,4244.09,4220.04,4233.28,1080029.72
1761548400,4233.27,4246.0,4194.06,4199.99,1526359.54
1761552000,4200.0,4200.15,4152.32,4165.16,2422903.7
1761555600,4165.16,4172.94,4152.29,4159.05,1144509.36
1761559200,4159.05,4174.5,4153.32,4166.01,816065.81
1761562800,4166.01,4174.68,4130.01,4160.81,1760079.36
1761566400,4160.81,4165.31,4135.74,4143.99,804895.26
1761570000,4144.0,4187.0,4125.01,4175.62,2350132.48
1761573600,4175.62,4181.64,4121.01,4147.49,2219605.46
1761577200,4147.5,4173.67,4146.21,4170.82,1061277.51
1761580800,4170.83,4217.56,4170.17,4212.16,1818309.44
1761584400,4212.16,4223.42,4195.53,4218.79,979328.64
1761588000,4218.78,4231.63,4203.62,4212.61,894283.45
1761591600,4212.61,4218.91,4181.5,4191.79,1148002.47
1761595200,4191.78,4193.82,4126.0,4126.29,1918480.16
1761598800,4126.28,4137.23,4092.2,4114.8,1309878.08
1761602400,4114.8,4142.93,4108.19,4120.99,768071.28
1761606000,4120.99,4126.5,4100.9,4118.31,885689.19
1761609600,4118.31,4132.0,4105.0,4113.8,742102.2
1761613200,4113.8,4140.0,4113.8,4135.27,665157.24
1761616800,4135.26,4140.0,4070.01,4094.28,1669672.21
1761620400,4094.28,4099.76,4064.0,4092.39,1289358.44
1761624000,4092.39,4105.0,4086.11,4098.01,575365.2
1761627600,4098.0,4102.83,4063.0,4066.92,1016923.38
1761631200,4066.93,4113.9,4066.08,4111.27,985228.96
1761634800,4111.27,4125.67,4106.78,4114.52,902128.47
1761638400,4114.53,4134.49,4108.0,4121.12,806559.98
1761642000,4121.13,4127.0,4101.01,4120.38,936764.24
1761645600,4120.38,4122.35,4106.57,4116.0,393264.42
1761649200,4116.0,4125.7,4108.09,4110.07,618378.99
1761652800,4110.07,4124.34,4094.0,4119.82,1034924.58
1761656400,4119.82,4166.61,4119.19,4156.76,2593035.85
1761660000,4156.76,4174.28,4067.41,4117.0,3769684.79
1761663600,4117.0,4140.0,4085.3,4095.42,1982714.25
1761667200,4095.42,4139.63,4091.2,4132.51,1425363.38
1761670800,4132.52,4145.99,4118.63,4138.39,904919.93
1761674400,4138.4,4149.98,4102.32,4113.79,1202810.46
1761678000,4113.79,4116.94,4024.0,4037.33,3071404.67
1761681600,4037.33,4040.19,3957.02,3977.01,3836496.12
1761685200,3977.0,3990.27,3928.15,3980.29,1897965.42
1761688800,3980.28,3998.03,3970.07,3992.45,768221.3
1761692400,3992.45,3994.01,3974.35,3977.46,499464.51
1761696000,3977.45,3991.47,3967.0,3970.93,603391.65
1761699600,3970.94,4008.66,3961.61,3980.6,1271947.34
1761703200,3980.59,4003.08,3978.49,4000.54,566517.77
1761706800,4000.53,4000.6,3983.4,3995.52,491748.3
1761710400,3995.52,4018.86,3993.6,4011.0,688833.55
1761714000,4011.01,4035.23,4009.65,4024.5,1056800.65
1761717600,4024.5,4034.64,4014.18,4022.62,676030.96
1761721200,4022.62,4029.0,4010.0,4022.61,577507.95
1761724800,4022.61,4025.0,4001.34,4005.53,690319.8
1761728400,4005.53,4008.0,3982.39,3995.52,1038759.41
1761732000,3995.52,4002.94,3986.0,3987.1,597727.27
1761735600,3987.1,4014.6,3980.88,4009.01,771832.63
1761739200,4009.01,4018.54,4001.42,4014.1,470457.56
1761742800,4014.09,4028.0,3982.08,3993.0,1798331.15
1761746400,3993.0,3998.86,3971.08,3987.15,1741703.68
1761750000,3987.16,3993.0,3938.02,3950.5,2264622.47
1761753600,3950.5,3976.68,3923.2,3961.09,2031145.89
1761757200,3961.09,4015.5,3957.67,4013.1,1395874.36
1761760800,4013.06,4017.38,3835.0,3915.37,8760534.48
1761764400,3915.36,3956.8,3884.98,3902.22,2667532.04
1761768000,3902.31,3951.34,3884.55,3949.06,1359053.75
1761771600,3949.06,3963.0,3927.62,3953.96,616661.49
1761775200,3953.96,3957.76,3931.86,3938.58,408187.52
1761778800,3938.57,3939.01,3871.14,3900.8,1277665.08
1761782400,3900.81,3921.8,3883.11,3920.71,856916.78
1761786000,3920.71,3934.0,3903.79,3925.84,764216.32
1761789600,3925.84,3946.65,3921.19,3943.99,656504.75
1761793200,3943.99,3947.0,3925.55,3932.19,544501.49
1761796800,3932.2,3933.21,3836.94,3869.99,4366917.41
1761800400,3869.98,3921.69,3855.2,3914.14,2086876.97
1761804000,3914.14,3927.03,3894.0,3911.55,941317.33
1761807600,3911.54,3945.03,3906.0,3937.55,1003353.75
1761811200,3937.55,3937.95,3913.38,3918.96,711836.37
1761814800,3918.97,3922.0,3890.5,3898.57,1137633.95
1761818400,3898.57,3906.45,3881.0,3891.02,804282.84
1761822000,3891.02,3896.92,3875.27,3879.28,825798.8
1761825600,3879.28,3883.5,3792.56,3816.06,4081748.9
1761829200,3816.06,3835.83,3757.14,3765.16,3886992.71
1761832800,3765.16,3805.92,3763.0,3798.71,2148017.43
1761836400,3798.71,3805.19,3755.5,3771.2,1757250.59
1761840000,3771.2,3800.32,3760.47,3779.27,1277776.93
1761843600,3779.27,3779.27,3725.02,3769.16,3491355.41
1761847200,3769.15,3770.95,3717.12,3719.04,1507776.02
1761850800,3719.05,3735.68,3676.14,3684.36,3267305.78
1761854400,3684.36,3755.55,3677.45,3754.21,1979784.59
1761858000,3754.21,3780.37,3745.0,3770.91,1141803.58
1761861600,3770.92,3781.52,3762.0,3781.52,544950.64
1761865200,3781.51,3804.94,3771.21,3802.66,873000.22
1761868800,3802.76,3839.46,3794.0,3829.8,1383778.49
1761872400,3829.8,3860.0,3824.28,3844.99,1798077.21
1761876000,3845.0,3849.8,3804.69,3819.79,1608886.66
1761879600,3819.78,3835.88,3809.6,3827.2,886085.01
1761883200,3827.2,3874.2,3824.5,3860.25,1974856.94
1761886800,3860.25,3862.1,3843.0,3848.1,802043.27
1761890400,3848.09,3850.3,3820.04,3828.99,1137645.96
1761894000,3828.99,3839.47,3818.48,3829.3,937795.5
1761897600,3829.3,3852.9,3816.32,3850.14,977625.19
1761901200,3850.13,3862.73,3837.64,3843.47,822942.66
1761904800,3843.48,3852.85,3830.77,3833.64,522181.16
1761908400,3833.65,3884.64,3825.03,3872.26,1540120.21
1761912000,3872.27,3887.66,3831.54,3834.47,1958205.43
1761915600,3834.46,3873.47,3828.0,3857.21,1647270.05
1761919200,3857.22,3873.33,3836.15,3865.8,1693414.77
1761922800,3865.8,3880.55,3850.01,3857.57,1560388.87
1761926400,3857.55,3865.87,3812.3,3820.63,2096782.1
1761930000,3820.63,3832.9,3801.0,3826.23,1778070.66
1761933600,3826.24,3867.69,3807.0,3850.71,1981718.62
1761937200,3850.71,3905.0,3835.0,3884.52,2023239.19
1761940800,3884.52,3892.28,3853.0,3858.33,919039.22
1761944400,3858.33,3864.19,3837.81,3859.5,559755.8
1761948000,3859.49,3864.79,3849.0,3853.22,254755.48
1761951600,3853.22,3856.62,3844.87,3845.8,274780.85
1761955200,3845.8,3847.65,3827.0,3845.64,541439.71
1761958800,3845.63,3858.95,3840.39,3842.15,376066.26
1761962400,3842.15,3853.0,3834.01,3850.11,314664.73
1761966000,3850.11,3862.6,3848.78,3859.25,409698.02
1761969600,3859.24,3866.91,3852.15,3864.01,478788.11
1761973200,3864.01,3865.36,3851.15,3853.21,346720.44
1761976800,3853.21,3858.88,3850.73,3856.74,288689.76
1761980400,3856.74,3865.59,3854.08,3858.66,259798.5
1761984000,3858.66,3881.74,3858.0,3879.69,576020.43
1761987600,3879.69,3880.55,3868.93,3873.15,424107.42
1761991200,3873.14,3879.88,3869.67,3874.79,252954.14
1761994800,3874.78,3879.83,3866.66,3875.87,305492.63
1761998400,3875.87,3879.0,3873.08,3874.28,236300.3
1762002000,3874.27,3877.54,3855.01,3868.42,578139.92
1762005600,3868.42,3873.33,3856.45,3870.87,542018.82
1762009200,3870.87,3903.22,3869.02,3892.47,1462378.12
1762012800,3892.47,3909.01,3883.5,3890.0,833228.31
1762016400,3890.0,3891.86,3860.64,3864.12,915845.37
1762020000,3864.13,3879.07,3862.31,3878.17,362331.73
1762023600,3878.17,3879.12,3869.19,3878.43,186347.93
1762027200,3878.43,3890.0,3876.79,3879.49,336950.66
1762030800,3879.5,3882.81,3865.56,3865.58,159915.45
1762034400,3865.58,3873.94,3862.14,3872.56,264612.8
1762038000,3872.56,3875.0,3866.8,3871.9,142946.04
1762041600,3871.89,3872.33,3860.21,3864.48,324711.35
1762045200,3864.48,3874.82,3860.08,3869.89,287376.6
1762048800,3869.88,3885.92,3866.5,3878.35,386019.76
1762052400,3878.35,3883.0,3875.51,3878.33,181563.0
1762056000,3878.33,3913.1,3873.85,3906.22,1060076.39
1762059600,3906.25,3907.35,3892.28,3900.89,535755.72
1762063200,3900.83,3906.0,3889.21,3900.01,336723.2
1762066800,3900.0,3917.35,3890.07,3904.41,712126.65
1762070400,3904.41,3909.0,3891.0,3893.04,445009.28
1762074000,3893.04,3902.53,3866.0,3871.01,1251180.95
1762077600,3871.01,3875.19,3849.25,3861.81,1296719.22
1762081200,3861.8,3895.0,3860.76,3888.49,1221974.44
1762084800,3888.49,3892.87,3866.87,3875.5,782986.84
1762088400,3875.51,3875.8,3852.4,3866.34,924104.27
1762092000,3866.34,3871.86,3836.04,3851.25,1495065.71
1762095600,3851.26,3870.88,3844.3,3851.54,862426.81
1762099200,3851.54,3864.11,3838.2,3862.69,864065.37
1762102800,3862.7,3863.0,3847.91,3857.75,320281.09
1762106400,3857.75,3866.46,3853.36,3861.98,229616.09
1762110000,3861.98,3862.56,3841.03,3854.41,487767.63
1762113600,3854.41,3858.51,3845.79,3857.03,256468.85
1762117200,3857.03,3867.73,3848.31,3859.47,329377.35
1762120800,3859.48,3862.01,3841.69,3853.33,345698.74
1762124400,3853.33,3914.4,3853.33,3904.4,1613232.7
1762128000,3904.39,3913.27,3860.0,3862.76,1459099.93
1762131600,3862.77,3862.77,3826.1,3835.56,1849525.13
1762135200,3835.56,3840.96,3783.79,3797.84,2679516.16
1762138800,3797.84,3805.67,3725.03,3735.06,3570377.76
1762142400,3735.06,3747.97,3713.4,3744.62,1685037.32
1762146000,3744.61,3765.0,3725.61,3730.34,1364127.54
1762149600,3730.34,3739.88,3681.0,3716.89,2798844.89
1762153200,3716.88,3735.0,3696.4,3712.29,1809236.96
1762156800,3712.29,3719.73,3683.58,3715.14,1813712.31
1762160400,3715.14,3739.99,3694.57,3702.02,1624536.22
1762164000,3702.02,3717.75,3656.42,3674.29,2054543.94
1762167600,3674.29,3722.61,3670.64,3709.58,2046690.43
1762171200,3709.58,3728.24,3701.61,3707.41,1067417.07
1762174800,3707.41,3727.08,3690.0,3717.92,1311778.97
1762178400,3717.92,3746.95,3702.57,3732.25,1856631.62
1762182000,3732.25,3737.04,3580.02,3587.31,7945981.93
1762185600,3587.3,3624.93,3560.01,3617.06,4010740.36
1762189200,3617.06,3681.12,3610.0,3664.41,2933576.25
1762192800,3664.4,3671.0,3628.01,3630.12,1168267.69
1762196400,3630.12,3647.81,3618.03,3629.56,1237637.37
1762200000,3629.57,3635.11,3560.1,3586.67,1985071.08
1762203600,3586.67,3613.41,3554.06,3600.07,1497584.03
1762207200,3600.07,3602.49,3557.15,3588.3,900547.64
1762210800,3588.31,3605.99,3563.95,3601.85,738905.84
1762214400,3601.85,3634.5,3565.0,3616.04,1527359.28
1762218000,3616.04,3652.97,3605.0,3642.16,1096126.73
1762221600,3642.17,3647.18,3616.27,3623.89,768632.35
1762225200,3623.89,3649.84,3618.79,3640.0,768786.27
1762228800,3640.01,3646.0,3619.3,3623.37,670963.39
1762232400,3623.37,3630.31,3482.0,3490.6,5569836.26
1762236000,3490.61,3558.9,3476.66,3510.13,3850676.58
1762239600,3510.14,3520.19,3472.0,3492.7,2626072.66
1762243200,3492.7,3514.01,3459.0,3494.57,2551394.3
1762246800,3494.57,3501.82,3474.15,3490.89,1124368.05
1762250400,3490.88,3501.34,3470.42,3484.04,1194361.23
1762254000,3484.04,3532.93,3481.78,3527.33,1716280.78
1762257600,3527.33,3530.63,3492.89,3509.44,1339488.04
1762261200,3509.44,3522.0,3490.56,3505.59,1101972.74
1762264800,3505.58,3562.57,3471.07,3553.88,3541497.1
1762268400,3553.87,3586.04,3492.37,3506.39,4227349.64
1762272000,3506.39,3519.5,3423.2,3428.47,4128654.35
1762275600,3428.47,3428.61,3360.8,3371.74,5897972.37
1762279200,3371.73,3373.55,3253.26,3301.01,8238057.42
1762282800,3301.01,3315.0,3222.86,3229.12,3217413.0
1762286400,3229.11,3251.75,3121.89,3211.64,7182338.1
1762290000,3211.65,3217.4,3054.0,3213.06,6242970.15
1762293600,3213.12,3288.0,3196.08,3245.65,4130403.28
1762297200,3245.65,3304.67,3240.37,3285.24,2610205.78
1762300800,3285.23,3299.99,3227.01,3238.74,1903567.17
1762304400,3238.75,3253.49,3164.22,3241.97,4363096.0
1762308000,3241.97,3325.09,3241.55,3323.03,3092566.87
1762311600,3323.03,3347.92,3303.56,3332.99,1869994.49
1762315200,3332.99,3343.64,3311.63,3327.6,1454175.35
1762318800,3327.6,3355.0,3322.38,3324.06,1025762.26
1762322400,3324.06,3340.35,3308.98,3335.44,1196625.07
1762326000,3335.43,3340.63,3300.51,3329.19,1056823.83
1762329600,3329.19,3329.2,3280.33,3299.47,1895631.39
1762333200,3299.47,3321.3,3292.19,3306.15,962730.31
1762336800,3306.16,3306.77,3270.54,3275.05,1191132.03
1762340400,3275.06,3323.99,3274.0,3321.04,1382201.42
1762344000,3321.04,3358.0,3310.9,3342.99,1795838.68
1762347600,3342.98,3373.99,3321.91,3358.2,2344357.28
1762351200,3358.2,3369.96,3316.27,3346.83,2675431.7
1762354800,3346.88,3396.8,3332.0,3395.61,2637581.94
1762358400,3395.61,3438.6,3367.83,3435.02,3576311.92
1762362000,3435.02,3445.3,3415.31,3433.04,1873155.58
1762365600,3433.04,3478.0,3426.6,3459.0,1853574.73
1762369200,3459.0,3469.81,3442.89,3452.33,1134443.56
1762372800,3452.33,3479.0,3438.39,3448.35,1186784.32
1762376400,3448.34,3448.51,3425.99,3439.29,1151291.59
1762380000,3439.3,3442.82,3412.22,3422.58,796510.43
1762383600,3422.58,3434.01,3413.53,3422.52,642254.83
1762387200,3422.51,3422.51,3390.88,3405.49,1145156.31
1762390800,3405.49,3409.68,3372.3,3403.45,1391825.64
1762394400,3403.44,3428.77,3390.0,3419.77,1368002.1
1762398000,3419.78,3449.59,3419.0,3430.94,1158156.97
1762401600,3430.94,3454.93,3427.07,3450.46,878337.72
1762405200,3450.45,3450.52,3377.0,3386.44,2063535.15
1762408800,3386.45,3401.19,3376.21,3383.45,1242264.53
1762412400,3383.45,3394.0,3360.42,3379.13,1755737.27
1762416000,3379.12,3393.99,3370.85,3383.66,952353.44
1762419600,3383.66,3393.11,3373.19,3381.14,860908.26
1762423200,3381.15,3413.94,3364.79,3391.84,1655576.21
1762426800,3391.84,3406.31,3378.96,3398.0,887527.71
1762430400,3397.99,3403.18,3340.59,3348.01,2067335.85
1762434000,3348.01,3402.56,3348.0,3389.31,1699990.83
1762437600,3389.3,3398.81,3316.0,3327.52,3506208.66
1762441200,3327.51,3364.7,3276.02,3298.64,4547516.66
1762444800,3298.64,3321.0,3243.2,3275.1,3554762.99
1762448400,3275.1,3338.88,3268.0,3327.26,2850630.21
1762452000,3327.25,3350.99,3292.18,3326.54,2021816.55
1762455600,3326.55,3341.73,3308.14,3324.14,1155024.22
1762459200,3324.15,3335.29,3285.5,3305.16,1157055.33
1762462800,3305.15,3334.4,3290.49,3324.7,835609.61
1762466400,3324.7,3328.73,3294.0,3317.38,548219.77
1762470000,3317.37,3317.57,3288.41,3313.98,756346.16
1762473600,3313.98,3331.16,3292.0,3323.21,1222452.94
1762477200,3323.22,3328.99,3272.01,3322.79,1813630.13
1762480800,3322.8,3352.88,3302.41,3345.62,1448133.82
1762484400,3345.63,3364.14,3340.73,3343.0,1214552.98
1762488000,3343.01,3346.59,3317.51,3337.09,1023240.13
1762491600,3337.08,3369.0,3336.03,3365.8,1268514.7
1762495200,3365.8,3368.3,3345.53,3346.24,652506.41
1762498800,3346.25,3363.3,3332.48,3356.14,986906.63
1762502400,3356.14,3359.0,3332.2,3340.03,691907.42
1762506000,3340.03,3340.6,3288.02,3299.71,1790123.4
1762509600,3299.71,3308.93,3270.01,3278.95,1748656.89
1762513200,3278.94,3278.95,3223.09,3258.39,3559697.42
1762516800,3258.4,3272.74,3195.15,3221.09,3225676.62
1762520400,3221.1,3248.76,3212.61,3239.54,1859755.12
1762524000,3239.54,3297.74,3191.75,3286.23,4285734.72
1762527600,3286.24,3316.59,3260.18,3295.33,3430430.69
1762531200,3295.34,3332.36,3271.5,3307.04,2315157.08
1762534800,3307.05,3394.63,3294.6,3383.86,3126452.36
1762538400,3383.83,3434.36,3375.74,3424.05,2428199.99
1762542000,3424.06,3449.2,3414.66,3441.47,1282618.18
1762545600,3441.47,3469.99,3426.87,3462.73,1539621.83
1762549200,3462.76,3468.73,3447.24,3466.87,626706.58
1762552800,3466.87,3471.61,3441.71,3444.43,699446.72
1762556400,3444.43,3448.72,3431.0,3434.1,632032.71
1762560000,3434.11,3447.8,3404.58,3422.86,1169762.98
1762563600,3422.85,3445.0,3420.0,3435.32,601933.31
1762567200,3435.32,3458.33,3430.5,3439.19,827539.01
1762570800,3439.19,3466.24,3437.86,3451.86,791199.79
1762574400,3451.87,3486.94,3445.74,3456.42,1273235.99
1762578000,3456.41,3465.0,3423.62,3429.91,957041.57
1762581600,3429.9,3454.0,3416.09,3443.6,1089235.09
1762585200,3443.6,3450.27,3423.11,3446.4,630163.06
1762588800,3446.41,3468.89,3434.4,3453.2,763309.0
1762592400,3453.2,3463.23,3437.0,3438.21,613007.69
1762596000,3438.2,3448.66,3432.01,3444.42,472375.54
1762599600,3444.42,3455.0,3405.0,3411.69,1222254.95
1762603200,3411.69,3416.97,3395.5,3407.99,1017988.58
1762606800,3407.98,3411.75,3387.68,3395.42,1094126.42
1762610400,3395.41,3411.21,3372.0,3398.08,1660356.52
1762614000,3398.08,3403.0,3366.0,3375.89,1010896.97
1762617600,3375.89,3383.95,3350.05,3366.75,1474544.61
1762621200,3366.75,3398.75,3361.6,3397.22,984132.31
1762624800,3397.22,3407.73,3384.15,3400.68,471594.39
1762628400,3400.67,3404.47,3360.9,3387.49,789684.04
1762632000,3387.48,3402.42,3378.57,3396.09,373467.93
1762635600,3396.09,3408.73,3392.71,3403.62,232157.19
1762639200,3403.63,3410.0,3390.03,3407.45,316945.07
1762642800,3407.45,3413.91,3398.01,3399.7,279858.78
1762646400,3399.7,3400.77,3370.54,3383.13,726632.94
1762650000,3383.13,3402.96,3378.0,3398.82,444777.47
1762653600,3398.82,3398.82,3362.56,3366.41,754784.84
1762657200,3366.41,3376.8,3357.26,3374.74,669069.4
1762660800,3374.73,3389.18,3368.36,3373.2,513533.94
1762664400,3373.2,3407.69,3371.0,3403.49,844784.12
1762668000,3403.49,3418.0,3398.15,3403.24,658330.45
1762671600,3403.25,3427.0,3401.21,3420.91,606681.65
1762675200,3420.92,3422.5,3407.52,3420.48,444362.99
1762678800,3420.48,3435.0,3397.47,3399.3,1192391.86
1762682400,3399.29,3400.9,3381.0,3400.7,1046568.74
1762686000,3400.7,3431.14,3400.69,3427.36,974748.66
1762689600,3427.36,3463.0,3423.27,3440.2,1819782.78
1762693200,3440.2,3462.9,3440.2,3456.7,972725.1
1762696800,3456.69,3563.0,3451.63,3504.68,4934594.72
1762700400,3504.67,3535.78,3503.0,3513.01,1422997.47
1762704000,3513.0,3536.26,3498.58,3526.05,1211456.6
1762707600,3526.05,3529.75,3501.0,3513.67,755814.57
1762711200,3513.67,3543.64,3508.78,3539.8,685174.61
1762714800,3539.8,3578.64,3533.33,3578.17,1338939.91
1762718400,3578.17,3597.03,3560.08,3576.79,1381325.81
1762722000,3576.78,3594.64,3571.43,3579.68,703912.96
1762725600,3579.68,3593.33,3563.27,3585.87,657707.79
1762729200,3585.87,3624.89,3564.0,3581.16,1817958.48
1762732800,3581.16,3651.41,3551.68,3633.38,2933886.11
1762736400,3633.39,3657.0,3615.0,3627.39,2005102.19
1762740000,3627.4,3637.29,3609.05,3626.39,1045091.18
1762743600,3626.39,3645.96,3620.78,3625.25,965588.07
1762747200,3625.26,3629.81,3601.62,3615.83,872794.04
1762750800,3615.84,3624.95,3587.41,3606.74,1000274.55
1762754400,3606.75,3611.15,3593.32,3603.83,514340.16
1762758000,3603.82,3621.31,3601.91,3607.55,686728.27
1762761600,3607.56,3614.97,3585.01,3593.07,971086.62
1762765200,3593.07,3630.4,3585.02,3622.7,1071014.11
1762768800,3622.71,3626.35,3601.66,3605.24,618414.31
1762772400,3605.24,3619.12,3602.24,3608.36,446539.82
1762776000,3608.35,3609.21,3582.14,3590.48,856765.25
1762779600,3590.49,3620.59,3588.59,3613.42,1067016.13
1762783200,3613.43,3614.51,3527.37,3540.21,3096230.39
1762786800,3540.2,3558.98,3506.66,3518.33,3086626.63
1762790400,3518.32,3536.99,3504.0,3528.0,1564926.07
1762794000,3528.0,3558.26,3520.83,3552.94,990890.43
1762797600,3552.94,3555.6,3530.59,3530.59,666118.24
1762801200,3530.59,3574.55,3527.27,3556.22,978848.66
1762804800,3556.21,3582.0,3552.54,3569.52,829878.99
1762808400,3569.52,3570.74,3528.69,3539.89,744520.44
1762812000,3539.89,3578.77,3527.1,3574.52,748540.77
1762815600,3574.51,3579.35,3560.44,3566.49,486805.36
1762819200,3566.49,3591.05,3549.53,3584.25,854969.5
1762822800,3584.25,3646.96,3573.0,3579.69,2389107.49
1762826400,3579.68,3634.88,3557.52,3613.82,1998646.31
1762830000,3613.82,3631.6,3596.55,3604.07,1046366.9
1762833600,3604.08,3608.88,3569.49,3573.0,1211851.82
1762837200,3573.01,3573.88,3542.82,3546.8,1257916.81
1762840800,3546.8,3557.5,3527.51,3555.24,1542422.86
1762844400,3555.24,3565.65,3539.49,3542.66,844742.47
1762848000,3542.65,3561.88,3541.0,3560.65,568270.7
1762851600,3560.65,3585.5,3548.01,3553.79,1297221.4
1762855200,3553.78,3564.74,3546.14,3558.9,546750.04
1762858800,3558.9,3580.0,3558.61,3572.21,755021.22
1762862400,3572.21,3593.47,3537.92,3540.0,1508306.59
1762866000,3539.99,3572.41,3524.36,3531.5,1539287.34
1762869600,3531.51,3546.63,3486.0,3528.57,3521674.55
1762873200,3528.56,3528.56,3465.83,3479.51,2741643.36
1762876800,3479.51,3498.8,3461.8,3483.36,1602427.87
1762880400,3483.37,3497.26,3443.03,3471.69,1683405.61
1762884000,3471.7,3484.51,3458.61,3466.83,954537.3
1762887600,3466.83,3468.0,3447.91,3455.13,659976.94
1762891200,3455.13,3460.0,3425.55,3436.89,1327218.51
1762894800,3436.89,3447.86,3406.5,3416.0,1114136.2
1762898400,3416.0,3435.67,3403.0,3428.1,800487.75
1762902000,3428.1,3436.84,3407.03,3416.21,730680.66
1762905600,3416.22,3433.2,3407.73,3416.44,806735.4
1762909200,3416.43,3449.43,3410.7,3445.54,1132381.46
1762912800,3445.54,3454.22,3415.5,3425.29,1188191.91
1762916400,3425.29,3444.34,3420.0,3437.39,603190.75
1762920000,3437.4,3443.77,3430.5,3442.64,451524.78
1762923600,3442.65,3455.83,3441.55,3447.0,637224.38
1762927200,3447.01,3455.59,3437.0,3437.0,427042.25
1762930800,3437.01,3451.0,3422.04,3426.4,692262.24
1762934400,3426.39,3479.31,3426.39,3466.58,1706419.01
1762938000,3466.58,3494.0,3464.07,3481.89,1432448.99
1762941600,3481.89,3547.13,3481.0,3532.16,2230139.23
1762945200,3532.15,3568.86,3531.65,3547.44,2007397.51
1762948800,3547.44,3564.16,3537.41,3550.41,1068430.32
1762952400,3550.41,3586.78,3542.8,3574.72,1573466.23
1762956000,3574.73,3579.89,3478.3,3500.67,4245688.35
1762959600,3500.66,3519.79,3416.5,3426.73,5268996.28
1762963200,3426.72,3432.1,3369.24,3397.68,4688029.69
1762966800,3397.67,3451.98,3389.43,3427.55,2188823.75
1762970400,3427.55,3454.2,3414.12,3422.31,1349728.01
1762974000,3422.31,3424.47,3370.0,3406.23,2030192.96
1762977600,3406.23,3437.88,3398.58,3415.19,940388.2
1762981200,3415.18,3428.24,3406.12,3421.85,539890.53
1762984800,3421.84,3421.84,3389.18,3420.11,654194.49
1762988400,3420.1,3422.12,3401.29,3413.26,487997.76
1762992000,3413.25,3432.19,3402.78,3410.79,763724.32
1762995600,3410.79,3455.51,3409.13,3422.1,1925898.38
1762999200,3422.1,3445.49,3420.02,3432.28,750557.85
1763002800,3432.28,3472.64,3374.1,3450.52,3012671.84
1763006400,3450.52,3489.4,3431.74,3480.03,2178370.37
1763010000,3480.03,3538.64,3463.4,3526.79,2119210.47
1763013600,3526.79,3551.58,3518.0,3538.42,1566153.04
1763017200,3538.42,3563.54,3527.72,3535.65,1674970.42
1763020800,3535.65,3547.88,3520.0,3522.48,1078645.73
1763024400,3522.48,3527.84,3476.0,3485.0,2382252.73
1763028000,3485.0,3517.2,3485.0,3503.78,1142560.13
1763031600,3503.79,3516.96,3493.3,3500.01,835838.84
1763035200,3500.01,3509.86,3481.0,3500.0,1102897.18
1763038800,3500.01,3500.57,3423.82,3436.49,3255459.67
1763042400,3436.49,3476.52,3391.32,3441.88,4522432.8
1763046000,3441.88,3447.33,3364.0,3385.11,4182984.28
1763049600,3385.12,3398.0,3320.66,3326.1,3905625.14
1763053200,3326.11,3327.65,3250.38,3253.55,4690299.2
1763056800,3253.55,3262.94,3180.82,3211.62,4467257.09
1763060400,3211.62,3236.99,3173.0,3195.59,3012003.57
1763064000,3195.59,3204.67,3151.51,3169.3,3462329.68
1763067600,3169.27,3191.77,3158.34,3177.6,1234422.01
1763071200,3177.61,3234.68,3172.51,3227.38,1388174.41
1763074800,3227.37,3271.09,3213.59,3229.61,1841718.23
1763078400,3229.62,3238.9,3185.22,3199.21,2475776.58
1763082000,3199.21,3220.19,3183.64,3205.8,1616192.02
1763085600,3205.8,3249.92,3203.66,3236.01,1353380.05
1763089200,3236.0,3238.02,3205.74,3226.43,1053924.6
1763092800,3226.41,3226.97,3105.0,3161.66,4411561.94
1763096400,3161.66,3205.28,3155.58,3190.73,2463789.72
1763100000,3190.73,3224.72,3131.31,3221.19,3033063.01
1763103600,3221.2,3239.0,3191.66,3213.28,2735939.29
1763107200,3213.27,3217.77,3180.4,3203.72,1613046.87
1763110800,3203.72,3213.95,3147.75,3154.83,2418654.67
1763114400,3154.84,3195.0,3153.0,3174.55,1226824.24
1763118000,3174.54,3182.09,3114.76,3143.08,3203696.89
1763121600,3143.08,3143.08,3068.15,3125.61,5247914.22
1763125200,3125.62,3150.0,3072.0,3120.41,3613108.31
1763128800,3120.4,3220.0,3106.0,3197.87,5689953.76
1763132400,3197.87,3233.28,3157.21,3195.56,3679336.77
1763136000,3195.57,3255.79,3181.0,3229.94,2401421.39
1763139600,3229.94,3244.0,3160.37,3178.26,2017250.81
1763143200,3178.26,3207.45,3153.0,3167.42,1652405.96
1763146800,3167.4,3219.6,3158.07,3206.29,1410564.74
1763150400,3206.3,3211.93,3120.26,3135.94,1747743.57
1763154000,3135.94,3173.94,3123.38,3165.51,1002867.15
1763157600,3165.51,3186.24,3140.44,3157.78,866459.64
1763161200,3157.78,3157.78,3088.0,3111.04,1824057.6
1763164800,3111.05,3149.45,3108.89,3139.37,1075473.28
1763168400,3139.38,3177.7,3122.71,3171.63,957927.47
1763172000,3171.63,3192.61,3161.08,3192.15,1003935.12
1763175600,3192.15,3192.63,3165.57,3177.57,807366.72
1763179200,3177.58,3191.13,3154.96,3170.97,759751.88
1763182800,3170.98,3182.31,3159.72,3177.29,519289.92
1763186400,3177.3,3186.98,3165.18,3174.08,530413.78
1763190000,3174.07,3184.17,3167.01,3174.79,465455.77
1763193600,3174.79,3176.5,3133.0,3141.46,1374243.39
1763197200,3141.45,3164.65,3137.33,3151.62,788941.39
1763200800,3151.61,3170.88,3144.09,3167.53,619374.68
1763204400,3167.53,3171.55,3145.47,3151.25,651746.29
1763208000,3151.26,3167.0,3145.44,3160.94,713537.38
1763211600,3160.93,3196.0,3157.75,3191.07,1174087.37
1763215200,3191.08,3191.43,3173.0,3176.44,717261.52
1763218800,3176.44,3189.2,3172.04,3184.31,433062.27
1763222400,3184.31,3186.44,3161.5,3184.7,1013653.78
1763226000,3184.69,3219.03,3180.72,3213.57,1373054.26
1763229600,3213.57,3230.0,3202.71,3206.89,972048.78
1763233200,3206.89,3213.13,3191.18,3196.49,427626.73
1763236800,3196.49,3199.59,3165.82,3173.68,673874.07
1763240400,3173.67,3187.5,3151.09,3156.36,663532.96
1763244000,3156.35,3171.0,3153.01,3169.96,414638.56
1763247600,3169.95,3176.14,3165.24,3166.06,331113.05
1763251200,3166.06,3173.05,3144.0,3151.06,866882.13
1763254800,3151.06,3156.63,3130.12,3148.94,1176618.27
1763258400,3148.94,3204.25,3141.0,3201.72,1337669.06
1763262000,3201.72,3208.87,3191.16,3200.98,688280.06
1763265600,3200.98,3205.81,3184.63,3192.58,516938.45
1763269200,3192.58,3214.4,3192.0,3202.72,795084.89
1763272800,3202.71,3214.46,3196.22,3198.73,467961.86
1763276400,3198.74,3219.99,3197.09,3218.0,553037.15
1763280000,3218.0,3226.3,3204.02,3217.71,655718.69
1763283600,3217.71,3247.34,3207.21,3246.34,1214298.17
1763287200,3246.34,3247.2,3227.53,3234.61,752149.27
1763290800,3234.62,3236.43,3158.0,3166.91,2491183.55
1763294400,3166.91,3181.31,3153.0,3168.21,1489614.08
1763298000,3168.22,3172.9,3136.61,3152.56,1518577.22
1763301600,3152.57,3177.98,3145.5,3170.23,1082497.68
1763305200,3170.23,3179.97,3097.0,3103.86,2564970.05
1763308800,3103.86,3124.95,3055.3,3060.11,3942258.49
1763312400,3060.1,3086.45,3023.22,3078.0,3797244.79
1763316000,3078.0,3126.83,3041.12,3059.32,3941128.39
1763319600,3059.31,3115.0,3055.8,3089.7,1533720.94
1763323200,3089.7,3116.0,3083.81,3087.82,701167.91
1763326800,3087.82,3095.64,3057.0,3072.4,1206137.61
1763330400,3072.39,3102.22,3042.0,3090.69,1243861.55
1763334000,3090.67,3106.3,3001.19,3093.6,3285842.92
1763337600,3093.59,3139.66,3066.77,3135.0,2050196.32
1763341200,3135.0,3145.0,3112.17,3113.37,1077387.83
1763344800,3113.37,3159.81,3110.4,3148.0,1250337.06
1763348400,3148.0,3179.97,3146.48,3175.19,1365264.23
1763352000,3175.19,3193.19,3163.76,3184.1,1269264.94
1763355600,3184.1,3192.0,3176.01,3185.19,812291.58
1763359200,3185.19,3196.71,3167.21,3192.49,883537.28
1763362800,3192.48,3208.95,3187.4,3196.81,1280217.25
1763366400,3196.81,3204.0,3183.06,3188.56,807785.93
1763370000,3188.56,3216.0,3177.2,3193.48,1226123.27
1763373600,3193.49,3206.57,3189.65,3195.22,598555.85
1763377200,3195.23,3222.0,3191.5,3202.33,1126017.91
1763380800,3202.33,3202.89,3181.1,3182.5,852061.03
1763384400,3182.51,3187.91,3093.3,3120.31,4156740.32
1763388000,3120.31,3211.36,3101.0,3150.77,6146075.74
1763391600,3150.77,3165.63,3103.47,3119.52,4028497.02
1763395200,3119.51,3141.97,3062.42,3133.0,4274823.76
1763398800,3133.0,3136.0,3051.71,3057.15,2522701.81
1763402400,3057.16,3079.94,3018.05,3023.42,3019503.62
1763406000,3023.41,3037.1,2968.19,2980.65,4134654.91
1763409600,2980.69,3022.12,2958.0,3003.44,3293462.21
1763413200,3003.47,3026.87,2981.89,3008.0,1541104.22
1763416800,3008.0,3030.49,2998.44,3022.01,779724.42
1763420400,3022.0,3030.0,3003.78,3029.84,884884.14
1763424000,3029.84,3039.84,2988.18,3031.73,1926446.96
1763427600,3031.72,3049.0,3012.2,3016.4,1549639.43
1763431200,3016.41,3045.0,2976.0,2984.36,3869728.24
1763434800,2984.36,3027.16,2943.11,3022.94,4777025.27
1763438400,3022.94,3024.24,2957.0,3005.39,3120094.6
1763442000,3005.39,3022.8,2982.51,3011.17,1539882.98
1763445600,3011.17,3014.45,2972.5,2988.9,1648301.36
1763449200,2988.89,3033.66,2976.0,3023.08,1726368.53
1763452800,3023.09,3067.15,3023.03,3058.83,2233606.07
1763456400,3058.84,3066.0,3026.58,3058.91,1854384.46
1763460000,3058.91,3071.15,3048.43,3064.04,1231083.87
1763463600,3064.03,3072.71,3050.57,3056.38,992364.19
1763467200,3056.39,3064.98,3036.07,3048.01,1608528.94
1763470800,3048.01,3051.44,3020.02,3047.38,1763764.38
1763474400,3047.38,3091.49,3031.0,3057.01,3572539.49
1763478000,3057.0,3122.82,3032.02,3105.1,4331665.76
1763481600,3105.1,3167.98,3097.46,3150.19,3163085.12
1763485200,3150.18,3157.0,3118.04,3133.95,1462736.37
1763488800,3133.95,3168.68,3133.61,3158.51,1232717.12
1763492400,3158.52,3167.19,3133.12,3144.25,785313.03
1763496000,3144.26,3148.88,3121.43,3121.8,548571.07
1763499600,3121.8,3129.94,3095.42,3097.01,1035301.87
1763503200,3097.0,3128.58,3096.4,3124.04,657090.38
1763506800,3124.04,3125.46,3106.0,3122.45,536211.39
1763510400,3122.44,3123.0,3076.66,3099.57,1412614.42
1763514000,3099.57,3115.63,3084.0,3103.91,988377.66
1763517600,3103.88,3124.57,3096.67,3112.43,927212.47
1763521200,3112.42,3117.14,3068.31,3072.1,1586144.23
1763524800,3072.09,3075.94,3044.25,3047.43,1795344.42
1763528400,3047.44,3052.0,2990.01,3016.31,3918901.56
1763532000,3016.3,3043.62,3008.8,3039.15,1939774.46
1763535600,3039.15,3085.96,3037.16,3083.32,1958538.09
1763539200,3083.3,3099.03,3070.68,3078.44,1871840.73
1763542800,3078.44,3086.91,3051.17,3086.7,1901900.6
1763546400,3086.7,3111.57,3081.6,3090.1,1443062.42
1763550000,3090.1,3100.97,3075.37,3082.22,783045.04
1763553600,3082.22,3107.66,3079.24,3099.43,924356.63
1763557200,3099.43,3099.99,3053.75,3065.74,1605194.02
1763560800,3065.75,3068.66,3022.01,3059.31,4373127.45
1763564400,3059.31,3105.49,2965.01,2971.81,6422315.96
1763568000,2971.8,2987.0,2934.07,2948.98,4296655.21
1763571600,2948.97,2960.48,2895.3,2921.73,4531113.47
1763575200,2921.72,2928.2,2878.59,2898.42,3277030.14
1763578800,2898.41,2905.76,2871.54,2880.41,1848410.45
1763582400,2880.41,2955.85,2873.51,2943.85,2466405.66
1763586000,2943.8,2999.55,2937.55,2989.91,3231469.63
1763589600,2989.91,2990.89,2952.32,2983.4,1236738.92
1763593200,2983.39,3026.94,2982.99,3024.22,1818851.17
1763596800,3024.22,3048.0,3003.35,3017.87,1857508.46
1763600400,3017.88,3049.66,3017.62,3046.37,1375778.4
1763604000,3046.37,3056.68,3028.47,3042.65,1369604.04
1763607600,3042.65,3051.99,3035.26,3037.7,824789.93
1763611200,3037.69,3054.39,3015.47,3053.12,1743690.62
1763614800,3053.12,3063.16,3031.0,3034.23,1198181.36
1763618400,3034.23,3041.54,3005.65,3019.66,1209091.84
1763622000,3019.65,3043.0,3014.27,3038.22,1312573.39
1763625600,3038.22,3044.25,3020.0,3029.66,1054579.66
1763629200,3029.66,3032.85,2992.0,3010.05,1644137.31
1763632800,3010.06,3019.8,2992.56,3014.54,1336207.99
1763636400,3014.55,3026.8,3000.72,3022.5,863292.16
1763640000,3022.5,3031.38,3009.28,3027.23,915968.65
1763643600,3027.23,3049.59,2994.17,2998.66,3383206.17
1763647200,2998.66,3021.93,2961.66,2999.55,5087465.49
1763650800,2999.55,3002.53,2951.03,2954.39,3153818.62
1763654400,2954.39,2960.26,2845.53,2860.99,8809411.46
1763658000,2860.99,2872.27,2806.0,2832.17,6080361.65
1763661600,2832.18,2858.8,2804.3,2812.2,3209293.91
1763665200,2812.2,2855.0,2788.0,2846.22,3117770.84
1763668800,2846.21,2855.18,2817.64,2834.04,1529167.43
1763672400,2834.05,2896.36,2833.2,2878.04,1687900.52
1763676000,2878.04,2904.96,2874.61,2884.6,1211662.26
1763679600,2884.6,2890.16,2825.01,2832.8,1937156.88
1763683200,2832.79,2868.66,2831.02,2859.94,1338260.68
1763686800,2859.94,2885.8,2850.29,2860.48,1309486.83
1763690400,2860.47,2861.18,2770.01,2781.3,4200925.98
1763694000,2781.29,2824.93,2780.94,2808.0,2443503.19
1763697600,2808.0,2821.37,2780.93,2818.09,1959953.87
1763701200,2818.08,2832.0,2798.15,2808.82,1654445.51
1763704800,2808.83,2813.91,2778.25,2789.13,1901696.91
1763708400,2789.12,2799.83,2639.68,2718.94,10962700.96
1763712000,2718.95,2753.88,2705.11,2736.51,3433421.68
1763715600,2736.52,2747.98,2678.26,2680.54,3473517.81
1763719200,2680.55,2716.38,2661.47,2696.01,3787066.24
1763722800,2696.01,2721.74,2673.08,2687.26,2224864.96
1763726400,2687.25,2742.74,2621.19,2726.15,7777217.78
1763730000,2726.14,2768.85,2708.83,2740.58,4165082.6
1763733600,2740.59,2779.81,2717.13,2769.11,4963201.74
1763737200,2769.12,2778.16,2686.13,2703.97,5344607.59
1763740800,2703.96,2762.9,2673.64,2761.5,4934902.8
1763744400,2761.51,2805.6,2753.09,2779.29,3073494.39
1763748000,2779.28,2793.73,2714.51,2777.83,3502169.84
1763751600,2777.78,2786.27,2738.61,2750.6,1708648.25
1763755200,2750.6,2755.36,2706.3,2736.6,1793723.14
1763758800,2736.6,2774.83,2729.97,2765.53,924595.08
1763762400,2765.54,2772.75,2719.12,2720.67,1027543.08
1763766000,2720.66,2768.47,2711.52,2764.25,1090935.06
1763769600,2764.3,2779.29,2756.66,2764.69,774217.76
1763773200,2764.7,2783.3,2759.27,2773.35,581928.31
1763776800,2773.35,2776.31,2738.0,2751.9,925446.01
1763780400,2751.91,2756.73,2741.37,2751.11,600921.7
1763784000,2751.11,2753.09,2725.47,2746.0,995855.88
1763787600,2746.0,2748.72,2726.4,2743.28,591750.32
1763791200,2743.29,2768.74,2731.45,2764.64,920220.33
1763794800,2764.63,2770.0,2753.07,2755.04,724075.66
1763798400,2755.04,2755.57,2717.17,2729.29,1525368.36
1763802000,2729.3,2739.1,2720.5,2724.85,836562.83
1763805600,2724.86,2730.58,2703.06,2711.99,1231768.14
1763809200,2712.0,2742.0,2703.0,2733.48,1123262.94
1763812800,2733.49,2734.23,2709.76,2719.71,919810.66
1763816400,2719.72,2733.47,2710.05,2718.0,829820.61
1763820000,2717.99,2753.44,2717.02,2744.3,1565072.85
1763823600,2744.3,2749.27,2724.26,2737.56,948151.38
1763827200,2737.56,2757.93,2733.73,2753.85,879509.63
1763830800,2753.85,2756.87,2743.16,2748.48,484322.83
1763834400,2748.48,2753.55,2741.37,2751.15,430744.9
1763838000,2751.16,2756.42,2743.32,2749.1,309338.53
1763841600,2749.11,2755.44,2731.78,2739.94,438452.33
1763845200,2739.93,2747.5,2735.35,2746.53,245749.36
1763848800,2746.53,2798.85,2740.21,2787.6,1233900.59
1763852400,2787.6,2792.71,2766.11,2768.84,836427.31
1763856000,2768.85,2788.65,2766.53,2771.66,679006.4
1763859600,2771.67,2814.99,2770.06,2807.05,1426276.06
1763863200,2807.05,2833.0,2802.45,2819.36,1462020.76
1763866800,2819.37,2823.57,2808.01,2823.01,816360.98
1763870400,2823.01,2852.93,2818.03,2826.62,2273261.21
1763874000,2826.61,2829.94,2811.1,2824.05,812820.84
1763877600,2824.06,2832.34,2799.64,2808.71,1007290.2
1763881200,2808.72,2811.0,2775.34,2792.25,1916678.94
1763884800,2792.24,2814.84,2792.24,2810.19,964290.24
1763888400,2810.2,2823.0,2803.9,2815.01,822013.57
1763892000,2815.01,2815.71,2801.08,2807.34,666336.36
1763895600,2807.34,2819.64,2802.06,2814.37,645405.82
1763899200,2814.38,2844.99,2812.67,2833.51,1504332.09
1763902800,2833.51,2844.26,2820.07,2842.55,1153762.47
1763906400,2842.55,2856.92,2811.06,2813.43,2117195.61
1763910000,2813.52,2838.79,2808.44,2834.76,1181872.89
1763913600,2834.76,2845.76,2796.41,2798.79,1579443.86
1763917200,2798.8,2807.78,2785.06,2791.41,1666956.5
1763920800,2791.4,2816.41,2791.4,2807.92,813879.93
1763924400,2807.91,2837.0,2805.85,2821.24,859788.75
1763928000,2821.25,2834.43,2819.69,2827.14,529144.57
1763931600,2827.15,2843.4,2815.45,2839.62,794885.82
1763935200,2839.62,2843.32,2822.73,2837.27,693665.86
1763938800,2837.26,2842.67,2793.0,2800.87,1359017.56
1763942400,2800.86,2802.0,2761.67,2786.66,2175263.22
1763946000,2786.66,2806.44,2776.68,2804.97,1375591.82
1763949600,2804.97,2866.21,2802.97,2839.15,3270111.65
1763953200,2839.15,2865.66,2833.46,2855.16,1382860.77
1763956800,2855.17,2869.64,2801.55,2823.61,2403307.15
1763960400,2823.61,2884.62,2821.43,2865.88,2478637.01
1763964000,2865.88,2867.57,2827.67,2838.01,1801007.09
1763967600,2838.0,2844.52,2822.0,2828.84,1202489.98
1763971200,2828.84,2841.84,2820.56,2837.52,1056757.82
1763974800,2837.51,2837.52,2786.09,2796.79,2740166.67
1763978400,2796.79,2806.14,2792.35,2798.17,725931.12
1763982000,2798.16,2807.43,2788.51,2801.92,829144.2
1763985600,2801.91,2811.09,2793.16,2802.44,887909.8
1763989200,2802.44,2827.89,2801.0,2813.91,1429040.82
1763992800,2813.9,2847.91,2782.79,2830.94,4616445.32
1763996400,2830.93,2858.81,2810.44,2844.82,3548241.21
1764000000,2844.8,2873.99,2841.45,2857.05,2225551.67
1764003600,2857.06,2943.5,2854.51,2938.42,4641757.81
1764007200,2938.42,2961.97,2926.94,2955.77,2839077.14
1764010800,2955.77,2978.06,2952.24,2957.39,2064231.04
1764014400,2957.39,2985.82,2950.73,2971.15,1736567.55
1764018000,2971.15,2972.4,2946.0,2957.55,1070004.66
1764021600,2957.55,2979.46,2950.56,2958.72,749231.66
1764025200,2958.73,2967.27,2950.5,2952.0,704409.31
1764028800,2952.0,2952.0,2930.1,2941.95,1166615.27
1764032400,2941.95,2947.21,2916.38,2917.7,1050115.93
1764036000,2917.7,2933.33,2907.47,2929.7,1521555.05
1764039600,2929.7,2936.3,2902.0,2910.63,1296023.5
1764043200,2910.63,2941.46,2908.4,2935.73,1361978.9
1764046800,2935.73,2936.92,2917.07,2927.26,713210.0
1764050400,2927.26,2927.27,2911.0,2921.23,799598.49
1764054000,2921.23,2924.47,2900.01,2901.83,1068145.71
1764057600,2901.83,2908.57,2868.02,2870.43,2102666.06
1764061200,2870.43,2892.19,2863.12,2890.56,1828047.85
1764064800,2890.56,2899.22,2877.48,2897.18,1002485.81
1764068400,2897.18,2898.22,2886.3,2889.24,593465.42
1764072000,2889.25,2931.6,2888.13,2925.7,2302076.79
1764075600,2925.7,2932.93,2896.21,2906.12,1932861.28
1764079200,2906.11,2920.6,2855.5,2879.71,3928243.47
1764082800,2879.71,2914.0,2855.0,2894.2,3260206.73
1764086400,2894.21,2936.69,2885.61,2927.36,1848287.69
1764090000,2927.36,2951.64,2918.48,2934.76,1764619.45
1764093600,2934.77,2956.67,2920.19,2922.3,1319696.79
1764097200,2922.3,2926.81,2869.18,2920.95,2557462.84
1764100800,2920.96,2941.87,2914.56,2927.25,1230927.89
1764104400,2927.26,2944.87,2921.1,2929.47,743726.81
1764108000,2929.41,2976.0,2905.28,2968.69,1624812.46
1764111600,2968.69,2979.13,2952.0,2957.75,1102443.51
1764115200,2957.75,2970.78,2948.24,2952.6,706083.2
1764118800,2952.61,2982.88,2942.88,2968.49,998556.19
1764122400,2968.49,2974.85,2954.78,2955.29,635791.3
1764126000,2955.3,2963.23,2918.77,2925.22,1640509.97
1764129600,2925.22,2938.29,2918.18,2929.13,965387.0
1764133200,2929.13,2951.37,2928.28,2942.59,900022.29
1764136800,2942.6,2953.4,2930.25,2944.65,1053779.96
1764140400,2944.65,2948.34,2932.26,2942.41,679717.99
1764144000,2942.41,2948.59,2910.0,2911.44,1353902.17
1764147600,2911.43,2916.44,2900.15,2906.07,1283079.88
1764151200,2906.06,2916.73,2903.87,2912.92,778598.74
1764154800,2912.92,2916.67,2906.0,2912.45,545525.54
1764158400,2912.46,2916.46,2886.66,2900.01,1628502.02
1764162000,2900.01,2935.07,2898.0,2932.58,1708328.57
1764165600,2932.59,2946.97,2902.36,2909.0,2785848.47
1764169200,2908.99,2938.86,2905.44,2926.54,2169188.46
1764172800,2926.54,2959.06,2925.0,2944.86,2346110.11
1764176400,2944.87,3031.79,2937.74,3024.97,4319099.86
1764180000,3024.96,3043.42,3012.01,3032.08,2395947.69
1764183600,3032.09,3036.9,3016.0,3030.7,1040278.58
1764187200,3030.71,3030.86,3006.56,3023.09,971183.83
1764190800,3023.09,3034.2,3014.0,3019.97,653611.25
1764194400,3019.97,3031.97,3016.6,3026.15,557294.48
1764198000,3026.15,3032.0,3016.0,3024.81,554129.46
1764201600,3024.81,3049.0,3002.0,3033.59,1486427.93
1764205200,3033.59,3056.91,3026.24,3050.71,1249375.32
1764208800,3050.7,3069.53,3034.8,3036.0,2346428.15
1764212400,3036.01,3050.9,3028.27,3032.14,1106853.25
1764216000,3032.14,3053.0,3030.05,3039.88,855743.9
1764219600,3039.88,3044.83,3016.15,3022.14,1143995.15
1764223200,3022.13,3033.0,3021.36,3026.33,591687.1
1764226800,3026.34,3034.65,3024.36,3031.79,408450.32
1764230400,3031.8,3033.91,3016.52,3026.99,645969.26
1764234000,3027.0,3045.0,3024.08,3026.15,1145087.79
1764237600,3026.16,3034.52,3019.58,3032.7,665471.01
1764241200,3032.7,3034.44,3021.7,3026.72,431447.87
1764244800,3026.72,3028.63,2986.73,2990.25,2074098.8
1764248400,2990.25,3000.94,2987.02,2994.31,1298139.19
1764252000,2994.32,2998.29,2984.07,2995.0,1047343.73
1764255600,2995.01,3013.96,2988.52,3009.43,1428483.15
1764259200,3009.44,3026.35,3002.09,3019.46,1630768.15
1764262800,3019.5,3023.0,3011.19,3018.39,612265.84
1764266400,3018.39,3038.19,3014.67,3036.38,1087799.44
1764270000,3036.37,3036.38,3025.16,3030.55,468759.34
1764273600,3030.56,3043.45,3028.17,3037.21,511864.93
1764277200,3037.21,3042.37,3028.76,3030.93,475802.07
1764280800,3030.93,3033.22,3002.0,3009.0,791786.56
1764284400,3009.01,3022.22,3006.0,3013.76,537358.29
1764288000,3013.76,3022.95,3007.66,3013.16,584090.17
1764291600,3013.15,3015.37,2992.12,2996.99,1098178.03
1764295200,2996.98,3014.0,2994.41,3010.88,729481.98
1764298800,3010.87,3013.88,3001.0,3007.36,540087.6
1764302400,3007.36,3018.45,3004.34,3016.11,627046.62
1764306000,3016.11,3029.6,3013.7,3022.51,936423.08
1764309600,3022.5,3022.53,3001.5,3008.26,957292.67
1764313200,3008.26,3023.21,2998.08,2999.89,1095112.64
1764316800,2999.88,3076.83,2999.32,3062.9,2981894.69
1764320400,3062.91,3071.59,3046.28,3053.49,1501946.1
1764324000,3053.49,3062.44,3045.54,3059.0,752620.21
1764327600,3059.0,3060.59,3015.0,3032.0,1756882.3
1764331200,3032.0,3044.77,3030.45,3034.45,821265.87
1764334800,3034.46,3086.99,3023.54,3072.36,2348022.2
1764338400,3072.36,3098.0,3050.01,3065.79,3046157.07
1764342000,3065.79,3090.76,3052.64,3071.97,2157269.73
1764345600,3071.99,3072.82,3019.37,3024.16,2569459.26
1764349200,3024.15,3042.83,3010.0,3033.0,1994250.69
1764352800,3033.01,3048.15,3022.35,3041.03,1011652.56
1764356400,3041.02,3059.84,3035.65,3048.35,758198.26
1764360000,3048.35,3055.76,3033.7,3053.97,532936.6
1764363600,3053.96,3057.41,3034.45,3034.94,405934.32
1764367200,3034.94,3041.62,3018.0,3038.05,646950.16
1764370800,3038.06,3043.75,3028.51,3029.72,298767.08
1764374400,3029.73,3037.75,3027.91,3034.23,396623.16
1764378000,3034.23,3050.88,3030.2,3036.55,635353.83
1764381600,3036.55,3038.97,3021.62,3029.51,532384.24
1764385200,3029.51,3035.56,3016.06,3021.4,635808.01
1764388800,3021.41,3044.0,3018.48,3038.85,633150.72
1764392400,3038.86,3041.43,3028.95,3031.11,469311.83
1764396000,3031.1,3036.79,2990.11,3005.85,1952945.41
1764399600,3005.86,3013.0,2993.0,3003.4,787484.35
1764403200,3003.4,3010.0,2999.4,3006.84,485288.24
1764406800,3006.84,3008.69,2996.37,3000.29,491272.31
1764410400,3000.3,3006.9,2982.0,2995.64,1258576.39
1764414000,2995.63,3000.46,2990.13,2998.41,610440.78
1764417600,2998.41,3001.36,2991.24,2995.64,466671.12
1764421200,2995.63,3000.59,2990.3,2996.94,463924.51
1764424800,2996.94,2997.51,2985.3,2987.3,576827.93
1764428400,2987.31,3013.44,2987.3,3006.19,1226576.23
1764432000,3006.19,3010.58,2997.39,3002.1,542053.67
1764435600,3002.11,3003.53,2965.0,2968.6,2016098.94
1764439200,2968.6,2995.67,2960.11,2993.14,1566734.26
1764442800,2993.14,2998.73,2982.04,2987.06,590091.92
1764446400,2987.05,2997.12,2981.12,2995.99,376006.05
1764450000,2996.0,2997.7,2980.0,2992.74,462064.54
1764453600,2992.73,2994.29,2982.0,2987.49,320294.17
1764457200,2987.49,2992.68,2984.18,2987.98,278098.89
1764460800,2987.98,2998.0,2986.6,2995.52,392278.64
1764464400,2995.52,3010.66,2994.35,3003.24,700754.11
1764468000,3003.24,3010.38,2988.53,2989.17,628537.87
1764471600,2989.18,3003.9,2972.0,2999.87,1239409.92
1764475200,2999.87,3001.73,2993.33,2996.41,297752.67
1764478800,2996.4,2998.32,2983.58,2990.79,683783.14
1764482400,2990.79,2999.0,2985.34,2996.23,425841.4
1764486000,2996.23,3007.74,2994.36,3003.07,635700.12
1764489600,3003.07,3017.89,3000.42,3005.45,1105790.14
1764493200,3005.45,3013.47,3002.0,3007.66,554228.78
1764496800,3007.65,3009.61,3004.13,3007.66,356216.92
1764500400,3007.65,3015.93,2997.11,3001.65,743979.77
1764504000,3001.66,3033.0,2998.03,3024.42,1526621.84
1764507600,3024.42,3052.85,3021.1,3047.45,2050516.12
1764511200,3047.45,3049.33,3026.0,3036.31,1134121.02
1764514800,3036.32,3036.32,3023.08,3027.7,744846.85
1764518400,3027.7,3048.31,3027.0,3042.52,811344.49
1764522000,3042.51,3043.08,3029.01,3039.77,692594.2
1764525600,3039.77,3040.3,3028.0,3035.47,397996.06
1764529200,3035.48,3040.0,3027.26,3033.15,410520.93
1764532800,3033.15,3039.49,3021.0,3027.31,404264.29
1764536400,3027.3,3028.21,3013.03,3020.39,564289.71
1764540000,3020.4,3034.74,3019.62,3031.7,470005.52
1764543600,3031.7,3033.82,2987.78,2989.83,1455226.22
1764547200,2989.83,2998.0,2829.09,2835.14,8869151.47
1764550800,2835.14,2859.2,2832.33,2849.46,2383182.39
1764554400,2849.46,2873.06,2823.0,2837.0,3094782.78
1764558000,2837.0,2840.99,2811.85,2824.73,2258180.5
1764561600,2824.71,2827.09,2805.69,2820.9,1729903.34
1764565200,2820.9,2829.92,2809.31,2826.96,1123167.43
1764568800,2826.96,2834.86,2821.0,2823.51,749442.87
1764572400,2823.5,2842.33,2818.5,2838.02,1021501.8
1764576000,2838.02,2844.3,2830.47,2838.49,797064.8
1764579600,2838.49,2851.66,2826.47,2837.52,1368204.03
1764583200,2837.53,2844.65,2835.5,2841.62,602027.84
1764586800,2841.63,2848.8,2833.57,2836.24,1052156.43
1764590400,2836.25,2837.98,2793.72,2819.71,3306510.39
1764594000,2819.7,2838.62,2803.91,2812.16,2045433.26
1764597600,2812.17,2831.53,2804.22,2816.83,2168666.2
1764601200,2816.84,2819.41,2718.0,2744.83,8080872.76
1764604800,2744.84,2754.96,2718.51,2730.66,3041508.13
1764608400,2730.65,2751.97,2727.0,2738.09,1475927.12
1764612000,2738.0,2757.87,2723.0,2748.08,1641713.1
1764615600,2748.07,2751.82,2728.88,2739.45,974932.35
1764619200,2739.44,2769.0,2738.67,2756.6,1623789.76
1764622800,2756.47,2796.76,2754.61,2790.25,1702933.13
1764626400,2790.24,2811.89,2789.68,2795.44,1218742.19
1764630000,2795.5,2819.03,2795.0,2797.35,891244.31
1764633600,2797.35,2803.17,2780.55,2793.71,1042174.41
1764637200,2793.72,2823.75,2790.82,2793.42,1302205.01
1764640800,2793.41,2813.16,2783.0,2799.6,992151.69
1764644400,2799.59,2809.0,2783.72,2802.84,1044200.31
1764648000,2802.84,2812.75,2802.0,2803.58,588003.34
1764651600,2803.59,2805.69,2795.88,2801.88,511240.5
1764655200,2801.87,2814.66,2796.15,2811.53,679912.25
1764658800,2811.53,2812.99,2801.5,2804.03,549252.32
1764662400,2804.03,2805.5,2780.28,2796.96,1493063.75
1764666000,2796.96,2811.0,2794.15,2796.39,845866.44
1764669600,2796.39,2834.45,2796.02,2821.36,1477200.06
1764673200,2821.37,2829.14,2814.45,2824.25,959110.86
1764676800,2824.25,2830.37,2813.44,2826.27,827108.86
1764680400,2826.26,2846.18,2820.4,2842.6,1909455.56
1764684000,2842.6,2908.79,2838.8,2893.65,5735652.63
1764687600,2893.65,3024.44,2892.46,3005.33,9126582.27
1764691200,3005.33,3023.43,2985.57,2994.21,3591018.44
1764694800,2994.22,3033.63,2992.8,3014.53,2106009.65
1764698400,3014.53,3032.99,3006.06,3012.78,1282308.64
1764702000,3012.77,3029.21,3011.8,3014.66,857181.81
1764705600,3014.66,3015.95,2971.52,2978.82,1930684.56
1764709200,2978.85,2996.88,2976.3,2994.0,594352.3
1764712800,2994.0,3020.0,2993.61,3016.47,862084.36
1764716400,3016.49,3017.2,2990.24,2994.44,592608.64
1764720000,2994.45,3007.76,2984.12,3001.95,912738.36
1764723600,3001.95,3026.72,2997.47,3014.27,1024592.28
1764727200,3014.27,3048.88,3012.54,3029.29,2255804.04
1764730800,3029.29,3036.54,3019.06,3028.55,839493.39
1764734400,3028.54,3062.24,3027.85,3055.4,1549466.37
1764738000,3055.39,3069.51,3045.61,3057.36,1516182.0
1764741600,3057.35,3085.0,3053.8,3065.71,2241067.5
1764745200,3065.7,3067.98,3050.01,3056.39,869541.98
1764748800,3056.39,3060.03,3042.64,3049.81,922466.26
1764752400,3049.8,3063.15,3044.33,3059.25,680343.53
1764756000,3059.26,3077.92,3048.0,3054.29,1263410.14
1764759600,3054.29,3076.0,3048.33,3071.7,1105277.17
1764763200,3071.7,3083.0,3065.42,3080.0,1263523.21
1764766800,3079.99,3093.65,3076.0,3088.58,1579072.8
1764770400,3088.58,3145.81,3027.89,3075.11,8748115.56
1764774000,3075.11,3109.48,3054.0,3084.61,3184746.64
1764777600,3084.61,3106.0,3063.0,3086.95,1646907.0
1764781200,3086.9,3132.67,3085.81,3126.56,1738498.01
1764784800,3126.56,3143.0,3103.08,3114.0,1786122.87
1764788400,3114.0,3131.82,3109.37,3126.95,759182.14
1764792000,3126.94,3160.0,3115.94,3136.75,1399444.9
1764795600,3136.8,3168.54,3127.0,3162.74,1222503.33
1764799200,3162.74,3196.51,3141.91,3187.75,1847515.4
1764802800,3187.75,3215.56,3176.48,3186.54,1859261.99
1764806400,3186.55,3205.6,3172.63,3196.13,1412742.57
1764810000,3196.13,3239.29,3193.0,3201.14,2329877.87
1764813600,3201.14,3224.08,3197.0,3219.73,1093810.17
1764817200,3219.73,3227.37,3202.87,3208.26,721460.7
1764820800,3208.25,3217.72,3183.87,3190.55,1147672.34
1764824400,3190.55,3193.0,3166.22,3183.7,1258057.71
1764828000,3183.69,3219.9,3179.0,3203.61,1446779.59
1764831600,3203.6,3204.0,3180.0,3189.01,1142168.42
1764835200,3189.01,3195.9,3173.2,3182.73,889519.22
1764838800,3182.73,3207.99,3181.45,3198.18,951569.17
1764842400,3198.19,3202.19,3183.01,3187.07,604563.48
1764846000,3187.07,3193.6,3175.29,3185.37,810390.43
1764849600,3185.37,3191.79,3170.01,3175.24,811304.19
1764853200,3175.23,3189.97,3155.0,3169.25,2235171.22
1764856800,3169.25,3187.14,3137.53,3143.01,2608268.1
1764860400,3143.0,3223.38,3142.36,3206.11,4208169.11
1764864000,3206.12,3224.0,3158.2,3167.2,3158653.85
1764867600,3167.2,3173.91,3133.39,3159.22,2003802.78
1764871200,3159.21,3164.97,3131.83,3139.52,1159439.68
1764874800,3139.51,3141.09,3065.0,3117.74,4283444.02
1764878400,3117.74,3144.38,3104.1,3139.42,1413846.5
1764882000,3139.42,3151.7,3117.62,3121.8,901034.2
1764885600,3121.8,3147.67,3121.48,3142.25,550278.97
1764889200,3142.25,3143.12,3127.64,3132.19,413706.22
1764892800,3132.19,3156.5,3131.52,3145.01,689229.43
1764896400,3145.01,3169.53,3141.61,3161.65,1037981.21
1764900000,3161.65,3187.87,3155.0,3181.54,1334443.57
1764903600,3181.54,3191.81,3163.47,3169.06,870572.1
1764907200,3169.06,3181.11,3150.0,3166.4,1246635.4
1764910800,3166.4,3172.65,3150.71,3154.55,652026.82
1764914400,3154.55,3175.78,3154.54,3167.29,752939.03
1764918000,3167.3,3181.5,3164.86,3172.2,867442.8
1764921600,3172.21,3172.22,3140.2,3153.78,1091293.56
1764925200,3153.79,3153.85,3106.6,3120.6,2321321.59
1764928800,3120.61,3149.7,3119.26,3133.14,1528060.08
1764932400,3133.15,3142.0,3107.2,3130.01,1521604.99
1764936000,3130.01,3133.58,3115.62,3126.4,782094.04
1764939600,3126.4,3137.0,3085.59,3098.2,2617822.41
1764943200,3098.19,3115.71,3081.0,3102.24,2281302.75
1764946800,3102.24,3156.96,3092.63,3105.09,4080955.47
1764950400,3105.1,3107.4,2997.25,3031.55,7032070.91
1764954000,3031.54,3038.8,3004.67,3031.64,2140099.43
1764957600,3031.63,3062.57,3002.4,3005.65,2313439.93
1764961200,3005.65,3046.0,2980.0,3036.65,2266071.99
1764964800,3036.65,3047.56,3013.44,3020.66,944903.91
1764968400,3020.68,3035.47,3011.94,3018.48,566889.66
1764972000,3018.5,3031.0,3008.0,3025.42,469967.02
1764975600,3025.42,3026.15,3005.0,3020.16,467805.28
1764979200,3020.15,3027.51,3010.48,3024.56,476361.83
1764982800,3024.56,3031.93,3017.31,3024.98,440331.46
1764986400,3024.99,3028.64,3016.67,3027.46,416620.33
1764990000,3027.46,3044.56,3025.81,3038.56,813252.22
1764993600,3038.55,3041.01,3028.1,3035.05,386961.29
1764997200,3035.05,3039.52,3030.42,3035.75,297544.39
1765000800,3035.76,3040.46,3031.95,3038.26,339613.95
1765004400,3038.26,3039.9,3022.01,3024.99,671050.36
1765008000,3024.99,3034.5,3011.71,3012.8,973463.11
1765011600,3012.81,3031.48,3012.04,3028.44,647978.99
1765015200,3028.44,3037.0,3023.8,3029.38,447372.81
1765018800,3029.37,3040.82,3026.66,3036.81,523828.58
1765022400,3036.8,3039.0,3027.35,3029.78,424543.54
1765026000,3029.78,3040.61,3028.0,3033.99,403900.65
1765029600,3033.99,3068.87,3032.02,3053.45,1777361.07
1765033200,3053.45,3054.0,3023.64,3040.12,1445919.23
1765036800,3040.12,3065.13,3038.32,3050.7,1071351.58
1765040400,3050.7,3058.5,3044.83,3054.0,465258.92
1765044000,3053.99,3054.76,3036.16,3040.66,454398.73
1765047600,3040.66,3046.64,3023.4,3029.24,734489.39
1765051200,3029.24,3039.99,3028.7,3038.29,268425.13
1765054800,3038.29,3043.65,3035.0,3041.31,227806.55
1765058400,3041.3,3053.04,3035.49,3040.65,331200.38
1765062000,3040.65,3041.76,3025.08,3036.7,619672.86
1765065600,3036.71,3047.94,3031.0,3043.37,471374.85
1765069200,3043.38,3051.17,3040.0,3041.1,443181.37
1765072800,3041.11,3055.97,3040.56,3052.07,380177.04
1765076400,3052.06,3055.49,3047.6,3052.27,372435.51
1765080000,3052.27,3056.8,3041.1,3044.79,399739.02
1765083600,3044.79,3048.0,3042.08,3042.94,225822.21
1765087200,3042.93,3047.7,3041.77,3046.5,282894.52
1765090800,3046.49,3049.55,3029.23,3035.84,727429.08
1765094400,3035.84,3042.0,3026.08,3033.21,629883.1
1765098000,3033.2,3037.9,3023.05,3029.16,679162.19
1765101600,3029.17,3042.34,3028.43,3036.46,555265.23
1765105200,3036.59,3040.61,3033.3,3034.43,327231.83
1765108800,3034.44,3050.0,3033.22,3047.4,602536.27
1765112400,3047.4,3052.0,3025.0,3030.5,1246607.41
1765116000,3030.5,3034.2,2903.45,2941.26,6577874.58
1765119600,2941.25,3037.81,2938.03,3025.12,4624242.06
1765123200,3025.12,3039.7,2997.63,3038.71,2260596.47
1765126800,3038.71,3133.94,3022.43,3111.81,4533515.59
1765130400,3111.81,3148.98,3111.66,3127.51,1844506.72
1765134000,3127.52,3142.34,3118.67,3136.6,856650.38
1765137600,3136.59,3146.35,3130.0,3139.34,470786.44
1765141200,3139.35,3139.35,3067.3,3083.74,1778522.95
1765144800,3083.74,3084.62,3011.0,3031.8,2855071.24
1765148400,3031.81,3064.38,3023.0,3058.5,1075961.52
1765152000,3058.5,3075.61,3038.97,3061.5,990420.16
1765155600,3061.51,3133.28,3061.04,3096.73,2512156.39
1765159200,3096.72,3114.62,3090.46,3108.6,1020374.13
1765162800,3108.59,3119.49,3100.15,3109.5,809632.5
1765166400,3109.5,3137.58,3106.71,3127.75,1077545.21
1765170000,3127.76,3139.58,3120.66,3128.88,880044.86
1765173600,3128.89,3140.0,3120.96,3129.1,1009262.47
1765177200,3129.1,3136.52,3121.33,3132.31,692811.37
1765180800,3132.3,3145.76,3123.28,3142.26,794981.7
1765184400,3142.25,3179.15,3139.22,3157.35,2356416.9
1765188000,3157.36,3163.8,3152.0,3158.85,565390.05
1765191600,3158.89,3163.05,3133.0,3140.67,1086202.88
1765195200,3140.67,3142.2,3121.52,3130.11,1146125.91
1765198800,3130.11,3160.37,3128.11,3144.5,2001084.91
1765202400,3144.49,3178.57,3124.0,3127.31,3942835.89
1765206000,3127.31,3138.0,3085.0,3099.75,4686869.38
1765209600,3099.75,3132.0,3090.75,3106.49,2294630.32
1765213200,3106.5,3127.88,3097.0,3118.97,1422087.65
1765216800,3118.97,3131.71,3074.52,3091.15,1739923.61
1765220400,3091.15,3127.39,3088.8,3117.12,992100.92
1765224000,3117.12,3145.0,3117.0,3134.57,940336.86
1765227600,3134.57,3152.96,3125.0,3145.0,662293.56
1765231200,3145.0,3146.22,3118.5,3128.5,446514.74
1765234800,3128.5,3135.75,3111.01,3123.15,569209.52
1765238400,3123.16,3142.45,3112.86,3118.5,803096.43
1765242000,3118.5,3123.53,3097.41,3105.57,935275.97
1765245600,3105.56,3114.67,3096.04,3097.36,600440.28
1765249200,3097.31,3127.99,3088.45,3127.99,1429748.7
1765252800,3127.98,3129.93,3101.99,3105.95,1047166.18
1765256400,3105.95,3117.0,3093.77,3106.97,909089.45
1765260000,3106.97,3114.9,3095.17,3111.68,672955.28
1765263600,3111.68,3126.0,3107.77,3121.47,836298.08
1765267200,3121.48,3128.66,3113.29,3119.16,549371.72
1765270800,3119.16,3121.63,3102.23,3104.3,740526.34
1765274400,3104.31,3113.25,3090.77,3106.39,855785.67
1765278000,3106.39,3119.51,3099.07,3116.94,634929.29
1765281600,3116.93,3139.77,3113.0,3135.55,1342726.29
1765285200,3135.54,3138.76,3108.0,3116.0,1380278.84
1765288800,3115.99,3127.63,3097.01,3116.15,1581121.73
1765292400,3116.15,3258.0,3113.97,3245.04,8384763.25
1765296000,3245.04,3378.0,3244.56,3364.86,9057228.3
1765299600,3364.86,3398.28,3356.02,3374.18,4198395.16
1765303200,3374.18,3386.94,3359.18,3374.99,1436606.51
1765306800,3374.99,3377.0,3344.86,3356.81,1135841.89
1765310400,3356.81,3360.26,3304.5,3326.5,2150779.95
1765314000,3326.53,3334.15,3283.7,3300.3,1439397.06
1765317600,3300.31,3346.0,3296.11,3327.31,1184699.68
1765321200,3327.3,3334.27,3315.5,3316.81,589955.64
1765324800,3316.81,3326.93,3303.58,3305.0,842384.99
1765328400,3305.01,3314.0,3286.82,3301.69,1045195.23
1765332000,3301.69,3311.54,3291.0,3309.99,693508.4
1765335600,3310.0,3315.58,3303.74,3308.0,465110.99
1765339200,3308.01,3326.73,3305.2,3321.36,870656.84
1765342800,3321.37,3333.33,3313.33,3321.15,706072.72
1765346400,3321.16,3328.8,3313.72,3324.0,439849.42
1765350000,3324.0,3325.61,3310.0,3325.43,666996.21
1765353600,3325.43,3332.69,3321.0,3321.01,679922.49
1765357200,3321.0,3347.69,3313.21,3346.1,1190708.49
1765360800,3346.11,3374.8,3308.0,3311.1,2853457.26
1765364400,3311.11,3319.38,3296.0,3317.29,1319163.83
1765368000,3317.28,3326.15,3306.62,3323.07,959675.11
1765371600,3323.06,3338.33,3317.82,3333.0,1325970.52
1765375200,3333.01,3338.4,3303.0,3318.03,1680531.71
1765378800,3318.03,3337.14,3305.0,3326.83,1506815.79
1765382400,3326.83,3369.0,3319.66,3349.63,2169563.77
1765386000,3349.64,3385.0,3344.63,3368.93,1569552.27
1765389600,3368.94,3428.26,3358.0,3379.66,4035392.58
1765393200,3379.65,3434.72,3343.0,3388.43,6573607.1
1765396800,3388.43,3446.0,3343.8,3354.16,4378446.54
1765400400,3354.16,3367.94,3327.14,3338.75,1807756.33
1765404000,3338.74,3353.96,3316.48,3345.19,972701.86
1765407600,3345.19,3351.38,3318.39,3322.71,561249.18
1765411200,3322.71,3325.92,3256.71,3278.34,2440457.29
1765414800,3278.33,3278.57,3241.56,3253.59,1867167.24
1765418400,3253.58,3254.85,3205.4,3209.86,2695702.59
1765422000,3209.87,3210.0,3166.01,3189.77,3347511.71
1765425600,3189.77,3214.0,3179.02,3212.9,1902623.35
1765429200,3212.9,3213.7,3192.51,3212.66,823767.55
1765432800,3212.65,3213.0,3192.9,3201.18,763862.7
1765436400,3201.18,3205.49,3195.0,3200.01,620521.68
1765440000,3200.0,3200.19,3175.2,3195.64,1212747.59
1765443600,3195.63,3211.91,3191.01,3197.15,951747.62
1765447200,3197.15,3201.5,3186.68,3194.52,653124.92
1765450800,3194.52,3200.66,3190.63,3191.08,471935.57
1765454400,3191.08,3205.96,3185.58,3197.32,701908.67
1765458000,3197.32,3202.0,3186.67,3190.29,655761.53
1765461600,3190.3,3194.81,3142.38,3158.64,4393683.66
1765465200,3158.64,3209.28,3153.55,3177.92,3345764.3
1765468800,3177.91,3196.5,3154.0,3174.14,2099026.28
1765472400,3174.13,3203.52,3166.7,3180.21,1263716.43
1765476000,3180.2,3233.33,3178.51,3202.37,2205478.13
1765479600,3202.4,3228.36,3188.13,3192.96,1539786.9
1765483200,3192.96,3225.0,3191.0,3220.12,1063480.51
1765486800,3220.13,3271.85,3213.58,3247.8,2629951.72
1765490400,3247.8,3265.0,3228.16,3236.81,992731.74
1765494000,3236.8,3244.81,3221.67,3236.26,660636.12
1765497600,3236.27,3246.39,3182.88,3187.92,1166460.63
1765501200,3187.91,3245.99,3187.91,3233.02,1411398.45
1765504800,3233.02,3264.0,3225.52,3256.99,1127489.38
1765508400,3256.98,3262.5,3236.66,3243.98,800057.75
1765512000,3243.98,3249.89,3238.63,3245.69,465956.24
1765515600,3245.69,3250.0,3230.65,3246.05,688043.21
1765519200,3246.06,3263.55,3243.53,3252.76,1055924.04
1765522800,3252.77,3256.26,3240.98,3244.7,580875.95
1765526400,3244.7,3248.8,3232.1,3243.48,844933.49
1765530000,3243.48,3253.54,3231.72,3249.66,757585.29
1765533600,3249.65,3254.67,3238.58,3242.85,490956.5
1765537200,3242.85,3244.69,3225.06,3241.16,756389.47
1765540800,3241.16,3248.0,3232.09,3246.18,502092.86
1765544400,3246.18,3249.92,3236.87,3240.98,549202.55
1765548000,3240.98,3246.91,3213.28,3230.01,1937260.87
1765551600,3230.0,3230.47,3055.41,3069.6,10163796.75
1765555200,3069.59,3087.06,3037.69,3067.94,5411001.81
1765558800,3067.94,3097.98,3060.0,3064.58,2528277.17
1765562400,3064.58,3095.91,3063.01,3077.65,1444473.51
1765566000,3077.65,3080.45,3060.83,3071.73,927574.35
1765569600,3071.72,3084.75,3065.55,3079.66,778305.33
1765573200,3079.66,3088.8,3074.3,3079.96,511750.55
1765576800,3079.96,3092.4,3078.61,3091.49,293841.25
1765580400,3091.5,3094.75,3081.03,3083.09,269171.6
1765584000,3083.1,3093.43,3080.4,3084.81,291862.83
1765587600,3084.8,3088.99,3076.48,3083.0,342885.44
1765591200,3082.99,3087.78,3081.85,3083.1,273595.92
1765594800,3083.01,3091.3,3082.5,3088.34,331319.12
1765598400,3088.35,3090.5,3084.21,3087.68,288506.91
1765602000,3087.68,3090.0,3082.22,3087.63,242456.19
1765605600,3087.63,3094.0,3083.0,3091.84,392445.65
1765609200,3091.85,3093.4,3088.25,3092.94,335525.92
1765612800,3092.94,3131.4,3090.57,3114.6,1768049.89
1765616400,3114.59,3121.48,3111.0,3116.2,488912.72
1765620000,3116.21,3134.13,3115.89,3125.75,800491.8
1765623600,3125.75,3127.01,3113.37,3117.86,622927.98
1765627200,3117.87,3126.33,3107.64,3113.49,790544.72
1765630800,3113.49,3118.29,3092.41,3108.01,1105119.86
1765634400,3108.0,3114.73,3094.22,3109.12,917452.82
1765638000,3109.13,3122.95,3102.78,3108.03,715660.52
1765641600,3108.02,3115.0,3099.01,3104.33,561078.44
1765645200,3104.32,3104.74,3094.29,3099.73,373979.83
1765648800,3099.73,3109.62,3097.78,3100.51,367271.54
1765652400,3100.5,3109.72,3099.29,3106.96,151163.0
1765656000,3106.96,3108.5,3101.0,3102.84,127660.91
1765659600,3102.72,3113.44,3076.66,3109.92,857106.67
1765663200,3109.91,3118.56,3100.3,3112.44,329213.75
1765666800,3112.45,3116.88,3108.0,3112.37,312107.58
1765670400,3112.37,3121.28,3102.0,3117.79,486476.4
1765674000,3117.79,3128.28,3113.01,3118.53,546555.45
1765677600,3118.52,3124.0,3114.2,3120.99,268785.32
1765681200,3121.0,3124.2,3115.07,3117.21,228860.98
1765684800,3117.21,3120.6,3104.0,3109.63,568867.69
1765688400,3109.62,3113.44,3103.0,3110.11,401464.96
1765692000,3110.11,3113.8,3104.25,3109.37,242432.12
1765695600,3109.38,3116.48,3107.13,3113.52,241250.02
1765699200,3113.53,3118.11,3107.5,3109.32,363446.82
1765702800,3109.31,3112.38,3105.31,3107.23,403389.06
1765706400,3107.23,3111.5,3091.21,3105.61,812161.94
1765710000,3105.62,3108.0,3046.55,3082.96,2740053.35
1765713600,3082.97,3106.68,3068.75,3096.01,1713603.98
1765717200,3096.01,3101.47,3075.28,3099.69,1304448.43
1765720800,3099.69,3106.33,3072.11,3084.0,1115838.17
1765724400,3084.01,3086.37,3068.0,3083.25,719162.19
1765728000,3083.25,3106.9,3076.16,3096.1,1300040.83
1765731600,3096.1,3102.57,3072.06,3082.68,1114734.83
1765735200,3082.67,3102.56,3078.56,3098.9,661324.35
1765738800,3098.9,3099.56,3083.96,3091.21,447096.8
1765742400,3091.22,3095.13,3062.0,3080.99,1103646.26
1765746000,3080.99,3089.79,3075.18,3080.26,328433.84
1765749600,3080.25,3088.0,3052.37,3072.55,969686.56
1765753200,3072.55,3089.94,3023.0,3061.81,2066287.15
1765756800,3061.8,3083.94,3055.14,3073.21,1312233.5
1765760400,3073.2,3120.0,3065.17,3106.82,1851300.3
1765764000,3106.82,3149.83,3105.5,3118.41,2518022.08
1765767600,3118.41,3124.47,3106.0,3107.72,708131.01
1765771200,3107.71,3125.84,3103.0,3122.55,760083.47
1765774800,3122.54,3123.49,3113.66,3119.23,398322.2
1765778400,3119.23,3144.18,3114.03,3135.67,816014.66
1765782000,3135.67,3140.6,3121.26,3127.51,703272.59
1765785600,3127.51,3143.0,3124.09,3138.16,784566.43
1765789200,3138.16,3159.0,3137.16,3152.0,1311360.68
1765792800,3152.0,3178.11,3149.36,3157.99,1468665.01
1765796400,3157.99,3161.15,3143.27,3155.1,679728.65
1765800000,3155.11,3158.63,3146.37,3154.47,628412.45
1765803600,3154.48,3155.51,3125.1,3131.07,1266621.45
1765807200,3131.08,3146.21,3031.0,3047.0,5206384.51
1765810800,3047.0,3059.0,2984.06,3009.51,7376584.49
1765814400,3009.51,3016.87,2963.3,2987.19,2971474.99
1765818000,2987.18,2992.31,2930.49,2935.8,2773311.24
1765821600,2935.69,2943.82,2892.06,2936.47,3676802.33
1765825200,2936.46,2963.61,2926.1,2938.5,1720080.01
1765828800,2938.49,2945.95,2915.01,2927.54,1019746.1
1765832400,2927.54,2946.53,2917.78,2945.0,635085.69
1765836000,2945.0,2951.51,2934.04,2950.62,438146.57
1765839600,2950.62,2968.34,2948.0,2962.99,851620.64
1765843200,2962.99,2976.79,2938.0,2940.84,991833.11
1765846800,2940.84,2960.64,2933.14,2945.49,985860.93
1765850400,2945.48,2965.58,2937.0,2944.11,786794.1
1765854000,2944.11,2949.5,2920.81,2935.78,1294978.41
1765857600,2935.77,2938.78,2871.9,2916.59,3028276.12
1765861200,2916.58,2927.43,2911.55,2921.75,1075023.8
1765864800,2921.75,2950.0,2921.63,2944.21,1126446.57
1765868400,2944.21,2947.16,2917.0,2922.52,1180005.14
1765872000,2922.51,2938.85,2918.2,2929.5,692288.26
1765875600,2929.57,2934.24,2921.38,2925.67,549071.1
1765879200,2925.67,2962.89,2919.54,2946.23,1520778.09
1765882800,2946.22,2961.57,2936.07,2956.2,1143714.85
1765886400,2956.2,2962.67,2945.51,2950.0,808194.07
1765890000,2950.0,2983.63,2907.11,2908.91,3861437.11
1765893600,2908.92,2959.66,2884.13,2939.86,4454410.17
1765897200,2939.86,2974.94,2912.31,2961.58,2811547.35
1765900800,2961.57,2962.36,2923.12,2936.66,1925415.93
1765904400,2936.66,2953.33,2915.3,2917.99,1192132.71
1765908000,2918.0,2966.66,2910.16,2950.49,1457469.42
1765911600,2950.48,2956.14,2919.0,2944.05,1138093.88
1765915200,2944.05,2962.0,2941.51,2945.7,675183.18
1765918800,2945.71,2956.52,2936.24,2949.43,357993.44
1765922400,2949.42,2960.0,2942.41,2952.75,276091.58
1765926000,2952.75,2964.34,2946.21,2960.97,442366.42
1765929600,2960.97,2960.98,2942.52,2948.23,602288.11
1765933200,2948.23,2972.72,2947.0,2952.64,823138.49
1765936800,2952.64,2963.57,2936.8,2958.09,741569.49
1765940400,2958.1,2960.74,2941.6,2946.5,511395.54
1765944000,2946.5,2950.4,2925.18,2931.07,937028.36
1765947600,2931.08,2936.6,2911.58,2929.2,1425728.32
1765951200,2929.21,2943.0,2929.03,2935.21,734690.92
1765954800,2935.21,2953.03,2930.15,2946.41,826796.08
1765958400,2946.41,2946.41,2921.27,2924.5,777302.4
1765962000,2924.54,2931.88,2917.0,2921.9,862563.68
1765965600,2921.89,2927.28,2906.0,2919.14,1046252.67
1765969200,2919.13,2933.49,2916.33,2927.75,578524.6
1765972800,2927.75,2934.93,2918.24,2924.22,664879.46
1765976400,2924.22,2953.0,2916.93,2942.67,1413559.14
1765980000,2942.67,2995.97,2884.26,2993.98,6165917.22
1765983600,2993.98,3029.5,2892.39,2903.09,9933432.73
1765987200,2903.1,2924.98,2831.69,2862.29,7075100.54
1765990800,2862.24,2877.69,2840.0,2846.06,2274980.37
1765994400,2846.06,2861.36,2803.0,2812.27,2520205.05
1765998000,2812.27,2819.65,2787.92,2818.61,2573181.12
1766001600,2818.61,2833.29,2803.7,2821.33,1440917.57
1766005200,2821.32,2829.55,2810.0,2818.49,460195.35
1766008800,2818.5,2836.58,2812.0,2833.61,564842.62
1766012400,2833.6,2835.0,2816.38,2832.2,562548.87
1766016000,2832.19,2837.61,2824.59,2834.78,532348.09
1766019600,2834.78,2835.0,2820.18,2826.21,609537.28
1766023200,2826.21,2847.4,2820.81,2835.86,1030871.46
1766026800,2835.87,2837.24,2821.0,2830.66,802399.19
1766030400,2830.66,2840.5,2830.19,2836.66,652066.39
1766034000,2836.67,2836.75,2821.34,2824.22,773003.24
1766037600,2824.23,2831.83,2822.28,2830.27,399346.0
1766041200,2830.26,2837.78,2827.4,2834.99,550948.82
1766044800,2834.99,2851.36,2830.2,2840.39,972802.68
1766048400,2840.39,2856.33,2833.44,2851.08,783140.84
1766052000,2851.07,2863.37,2847.65,2857.99,690152.73
1766055600,2858.0,2858.38,2848.53,2857.44,531577.08
1766059200,2857.44,2873.68,2853.0,2870.11,968399.35
1766062800,2870.11,2979.0,2869.7,2962.91,7296690.64
1766066400,2962.91,2992.2,2922.83,2948.87,6607782.57
1766070000,2948.88,2997.18,2931.3,2964.15,4029082.26
1766073600,2964.14,2966.96,2928.0,2942.61,2208003.31
1766077200,2942.6,2943.69,2795.0,2843.97,9041855.65
1766080800,2843.97,2866.88,2816.49,2825.7,2057902.3
1766084400,2825.7,2831.52,2772.08,2780.1,3242468.55
1766088000,2780.1,2812.88,2778.01,2780.18,1826608.59
1766091600,2780.17,2831.15,2779.54,2828.23,1758373.12
1766095200,2828.28,2837.0,2813.95,2828.05,583439.82
1766098800,2828.06,2832.5,2822.05,2827.28,435698.53
1766102400,2827.28,2839.87,2813.02,2829.69,897248.24
1766106000,2829.69,2832.32,2807.45,2819.69,749463.9
1766109600,2819.69,2839.82,2811.15,2834.32,1036721.01
1766113200,2834.33,2934.93,2833.06,2907.45,5695149.03
1766116800,2907.44,2932.0,2905.4,2919.52,1596759.6
1766120400,2919.51,2927.49,2907.42,2921.25,1025068.59
1766124000,2921.24,2949.0,2914.33,2946.16,1141866.2
1766127600,2946.16,2983.99,2942.17,2950.08,2912170.74
1766131200,2950.06,2962.92,2935.7,2949.34,1362350.27
1766134800,2949.34,2959.99,2944.6,2953.56,615770.6
1766138400,2953.56,2965.0,2947.22,2952.96,697804.8
1766142000,2952.97,2969.99,2948.84,2963.43,845302.04
1766145600,2963.44,2966.58,2944.08,2954.7,1159945.29
1766149200,2954.71,2966.59,2952.01,2959.95,734847.35
1766152800,2959.95,2993.28,2940.05,2975.5,4293150.94
1766156400,2975.51,3018.0,2952.61,2963.4,4389150.62
1766160000,2963.39,3006.58,2958.72,2965.38,2411908.33
1766163600,2965.38,2992.43,2933.09,2937.76,2882114.0
1766167200,2937.76,2977.0,2935.58,2964.94,1673946.93
1766170800,2964.94,2996.0,2964.58,2983.58,1075798.07
1766174400,2983.57,3002.32,2975.4,2994.03,909900.95
1766178000,2994.02,2994.15,2973.0,2976.44,391179.25
1766181600,2976.44,2991.5,2976.12,2986.56,335295.28
1766185200,2986.56,2986.99,2976.13,2977.97,289611.06
1766188800,2977.97,2980.49,2968.63,2973.14,442861.22
1766192400,2973.15,2982.27,2972.0,2975.41,275063.02
1766196000,2975.41,2989.0,2972.77,2981.49,336938.83
1766199600,2981.5,2992.66,2981.0,2987.76,461910.49
1766203200,2987.76,2989.49,2978.0,2982.73,359011.5
1766206800,2982.74,2988.3,2978.29,2979.23,300603.3
1766210400,2979.22,2984.0,2978.01,2979.51,235819.4
1766214000,2979.51,2983.51,2973.68,2980.26,443032.38
1766217600,2980.25,2988.35,2979.73,2981.44,509018.24
1766221200,2981.43,2985.54,2980.53,2981.52,241600.91
1766224800,2981.53,2981.96,2973.63,2977.73,488737.44
1766228400,2977.74,2988.81,2975.22,2985.6,522511.02
1766232000,2985.59,2992.0,2984.69,2987.25,422648.73
1766235600,2987.24,2990.77,2965.32,2978.55,1349561.01
1766239200,2978.54,2979.97,2968.0,2978.91,462814.08
1766242800,2978.91,2979.0,2966.73,2975.92,402145.0
1766246400,2975.92,2978.6,2972.63,2977.41,221900.79
1766250000,2977.4,2979.97,2973.05,2976.62,254263.75
1766253600,2976.62,2979.5,2972.99,2976.9,190585.92
1766257200,2976.9,2979.92,2973.19,2977.01,131963.35
1766260800,2977.01,2984.52,2976.0,2983.13,208383.32
1766264400,2983.13,2984.52,2977.2,2977.64,178990.12
1766268000,2977.64,2978.97,2973.2,2975.74,193139.94
1766271600,2975.75,2977.71,2971.5,2976.6,195891.06
1766275200,2976.6,2980.0,2974.5,2978.41,202391.23
1766278800,2978.4,2978.41,2959.43,2966.69,633767.14
1766282400,2966.69,2974.27,2960.01,2965.05,460972.44
1766286000,2965.05,2974.99,2964.01,2971.6,301304.99
1766289600,2971.59,2977.42,2970.71,2973.77,294019.33
1766293200,2973.77,2977.16,2971.44,2972.01,176172.89
1766296800,2972.01,2976.82,2971.44,2974.69,138034.15
1766300400,2974.68,2981.8,2974.0,2979.5,281012.98
1766304000,2979.49,2998.48,2975.77,2991.01,1082644.31
1766307600,2991.0,3013.55,2982.51,3001.79,1448187.98
1766311200,3001.8,3006.86,2991.26,2995.5,791865.04
1766314800,2995.51,3000.0,2991.71,2995.24,409258.06
1766318400,2995.24,3004.28,2980.92,2988.99,832613.38
1766322000,2989.0,2990.92,2942.43,2948.85,3018119.38
1766325600,2948.85,2976.75,2945.32,2969.2,1577825.16
1766329200,2969.2,2978.8,2960.9,2973.31,734881.04
1766332800,2973.31,2986.53,2967.58,2984.84,717816.14
1766336400,2984.84,2987.5,2975.9,2982.44,509259.72
1766340000,2982.44,2986.83,2965.41,2986.82,553155.46
1766343600,2986.83,2996.8,2976.53,2989.84,562645.93
1766347200,2989.83,2992.74,2983.35,2985.42,214900.54
1766350800,2985.43,2989.23,2969.02,2972.34,314236.84
1766354400,2972.34,2995.0,2970.0,2994.76,411185.66
1766358000,2994.76,3011.99,2990.82,3000.6,859291.41
1766361600,3000.6,3062.0,3000.57,3021.01,3610660.25
1766365200,3021.01,3046.94,3017.0,3017.43,1162997.72
1766368800,3017.44,3018.87,2970.0,3008.24,2187198.82
1766372400,3008.25,3031.48,3000.1,3020.16,970586.49
1766376000,3020.15,3041.4,3018.03,3038.7,880287.93
1766379600,3038.71,3040.0,3023.3,3027.02,609842.39
1766383200,3027.01,3032.72,3021.21,3023.18,425238.69
1766386800,3023.18,3034.49,3021.62,3028.32,376616.53
1766390400,3028.32,3054.99,3023.25,3026.52,1594836.94
1766394000,3026.51,3041.7,3024.24,3039.9,609619.18
1766397600,3039.9,3044.74,3030.65,3039.44,516278.42
1766401200,3039.44,3057.7,3035.22,3047.64,944456.01
1766404800,3047.65,3077.16,3042.01,3057.08,1597108.16
1766408400,3057.09,3064.55,3046.63,3055.58,1022582.81
1766412000,3055.57,3073.72,3027.59,3060.64,2905170.75
1766415600,3060.63,3071.57,3020.85,3051.24,2908235.78
1766419200,3051.25,3058.45,3036.77,3041.81,900590.8
1766422800,3041.81,3043.03,3022.01,3031.64,874765.66
1766426400,3031.65,3039.97,3005.6,3014.4,953785.81
1766430000,3014.39,3014.4,2973.0,2979.34,2014371.14
1766433600,2979.34,2985.84,2961.55,2974.85,1355981.06
1766437200,2974.84,2997.27,2974.48,2987.09,760414.08
1766440800,2987.09,3014.54,2980.6,3010.21,716074.44
1766444400,3010.21,3011.55,3000.03,3008.0,493541.19
1766448000,3007.99,3034.42,3003.8,3026.6,1032726.46
1766451600,3026.6,3032.0,3015.26,3016.98,565990.69
1766455200,3016.97,3024.5,2986.1,2989.99,1370365.86
1766458800,2990.0,2997.6,2970.01,2990.56,1175241.74
1766462400,2990.55,2999.0,2982.01,2982.46,613376.08
1766466000,2982.46,2985.0,2964.0,2974.19,1160677.22
1766469600,2974.19,2977.5,2945.01,2958.82,2051766.48
1766473200,2958.82,2968.66,2954.23,2963.47,745870.22
1766476800,2963.47,2971.99,2958.58,2960.51,622732.67
1766480400,2960.51,2965.54,2951.18,2962.52,698275.37
1766484000,2962.51,2970.7,2962.51,2966.0,435941.79
1766487600,2966.0,2974.5,2962.28,2972.0,450572.79
1766491200,2972.0,2973.14,2952.06,2953.72,801913.83
1766494800,2953.73,2961.94,2926.54,2940.55,2283229.93
1766498400,2940.54,2952.29,2894.1,2915.49,3517283.47
1766502000,2915.49,2932.5,2905.0,2926.85,1954959.9
1766505600,2926.85,2964.37,2920.58,2954.95,2588454.7
1766509200,2954.95,2965.27,2907.0,2908.93,1526030.27
1766512800,2908.93,2951.01,2906.66,2945.46,1365126.74
1766516400,2945.46,2952.72,2928.12,2942.16,654723.52
1766520000,2942.15,2986.67,2938.03,2967.9,1323410.64
1766523600,2967.94,2974.64,2957.58,2972.6,532833.85
1766527200,2972.6,2978.73,2947.63,2959.58,613232.32
1766530800,2959.59,2971.37,2950.33,2963.11,570576.18
1766534400,2963.12,2972.0,2954.4,2971.22,463435.86
1766538000,2971.3,2976.5,2957.91,2962.0,618519.03
1766541600,2962.01,2963.47,2921.88,2934.0,1390955.08
1766545200,2934.01,2946.57,2918.79,2944.24,966400.73
1766548800,2944.23,2957.92,2933.14,2934.19,794906.48
1766552400,2934.18,2940.05,2915.78,2927.95,1001662.7
1766556000,2927.96,2937.3,2921.51,2932.15,612961.17
1766559600,2932.14,2942.6,2930.65,2930.95,638050.97
1766563200,2930.95,2938.61,2919.71,2921.58,832735.68
1766566800,2921.59,2930.57,2913.13,2918.01,653765.95
1766570400,2918.0,2933.64,2917.34,2926.48,650051.07
1766574000,2926.48,2936.72,2923.51,2923.77,512989.66
1766577600,2923.76,2937.66,2922.03,2934.85,574787.59
1766581200,2934.85,2935.73,2922.36,2929.42,607620.67
1766584800,2929.42,2934.99,2886.13,2913.45,3022950.39
1766588400,2913.44,2928.98,2901.33,2923.76,1538216.63
1766592000,2923.77,2947.99,2919.93,2938.98,1661490.25
1766595600,2938.98,2953.85,2933.41,2935.57,912089.66
1766599200,2935.56,2944.25,2928.33,2940.28,486282.27
1766602800,2940.28,2946.0,2935.18,2944.5,337678.03
1766606400,2944.51,2951.8,2940.21,2942.08,330545.27
1766610000,2942.08,2952.54,2942.0,2949.42,243607.76
1766613600,2949.42,2962.85,2947.67,2958.25,575797.15
1766617200,2958.25,2959.21,2945.0,2946.15,350085.62
1766620800,2946.16,2947.93,2935.07,2938.21,424451.08
1766624400,2938.22,2949.89,2938.21,2946.87,355333.12
1766628000,2946.87,2956.0,2941.3,2951.22,500335.7
1766631600,2951.22,2951.77,2942.19,2945.91,276363.73
1766635200,2945.9,2947.36,2940.61,2943.73,248420.0
1766638800,2943.73,2943.73,2936.7,2941.16,360522.84
1766642400,2941.17,2942.8,2936.54,2942.0,254328.05
1766646000,2942.01,2942.47,2938.02,2940.91,189009.17
1766649600,2940.92,2945.78,2916.0,2929.5,1484602.24
1766653200,2929.5,2930.21,2924.25,2927.09,294828.89
1766656800,2927.1,2927.73,2909.3,2919.25,851282.58
1766660400,2919.26,2927.9,2918.95,2923.54,395331.12
1766664000,2923.55,2928.69,2922.52,2926.52,271995.01
1766667600,2926.51,2934.0,2918.36,2929.74,582123.63
1766671200,2929.73,2937.99,2920.68,2931.35,740016.71
1766674800,2931.36,2970.61,2930.2,2959.46,2506701.72
1766678400,2959.45,2966.0,2940.9,2946.59,1221258.32
1766682000,2946.59,2952.8,2942.34,2951.01,620225.55
1766685600,2951.02,2963.86,2949.44,2957.59,617850.71
1766689200,2957.59,2958.0,2948.0,2954.75,243270.75
1766692800,2954.75,2955.39,2943.0,2948.8,304215.14
1766696400,2948.8,2951.98,2943.32,2945.6,171026.17
1766700000,2945.6,2947.21,2905.0,2920.04,1186361.65
1766703600,2920.05,2925.56,2888.52,2902.31,1797687.0
1766707200,2902.3,2910.71,2892.91,2902.99,1035086.79
1766710800,2903.0,2922.87,2901.25,2917.02,840069.49
1766714400,2917.02,2994.42,2916.5,2972.23,4786145.95
1766718000,2972.24,2975.08,2955.56,2963.63,1266143.14
1766721600,2963.62,2974.0,2951.0,2970.26,943284.07
1766725200,2970.26,2973.63,2965.96,2971.77,423391.94
1766728800,2971.78,2980.88,2970.55,2975.08,642784.63
1766732400,2975.08,2991.4,2951.38,2955.35,1776138.68
1766736000,2955.35,2971.0,2953.4,2963.26,844815.2
1766739600,2963.25,2976.39,2961.88,2971.55,629660.69
1766743200,2971.56,2973.17,2965.41,2970.21,375742.55
1766746800,2970.2,2970.21,2960.41,2962.98,374763.2
1766750400,2962.98,2972.39,2962.68,2970.98,445699.81
1766754000,2970.97,2984.47,2969.65,2982.8,843070.5
1766757600,2982.79,2983.49,2909.0,2916.31,4301845.55
1766761200,2916.31,2928.0,2893.0,2921.56,3987367.43
1766764800,2921.59,2928.69,2905.39,2908.32,1111977.42
1766768400,2908.32,2934.15,2906.05,2920.99,1073587.7
1766772000,2920.99,2927.46,2918.46,2921.89,416779.04
1766775600,2921.88,2929.2,2917.0,2924.63,403538.24
1766779200,2924.62,2937.98,2921.0,2930.06,476946.1
1766782800,2930.06,2934.0,2923.15,2923.67,271136.98
1766786400,2923.67,2930.29,2920.22,2930.1,204080.5
1766790000,2930.1,2932.76,2924.29,2926.7,258519.32
1766793600,2926.71,2929.79,2921.53,2926.15,249455.75
1766797200,2926.14,2927.39,2919.85,2926.49,256560.04
1766800800,2926.49,2929.07,2922.51,2926.93,241444.33
1766804400,2926.94,2932.71,2924.17,2931.86,388191.28
1766808000,2931.87,2932.51,2926.51,2929.09,181277.55
1766811600,2929.09,2930.0,2927.1,2929.16,170396.78
1766815200,2929.17,2929.75,2926.08,2928.51,216474.58
1766818800,2928.52,2936.9,2928.51,2931.3,386283.24
1766822400,2931.3,2935.64,2931.3,2932.42,345129.76
1766826000,2932.42,2939.42,2930.14,2933.69,436148.44
1766829600,2933.7,2934.02,2915.2,2925.74,845290.57
1766833200,2925.74,2932.92,2921.98,2929.76,347297.56
1766836800,2929.76,2932.86,2927.66,2930.57,283359.86
1766840400,2930.56,2931.69,2923.47,2928.6,323124.48
1766844000,2928.61,2930.0,2924.71,2928.21,290117.73
1766847600,2928.21,2929.62,2924.89,2925.68,209303.66
1766851200,2925.68,2927.43,2916.0,2919.6,626798.53
1766854800,2919.61,2927.65,2918.46,2926.99,337503.97
1766858400,2926.99,2927.15,2924.0,2925.21,189883.87
1766862000,2925.21,2929.6,2924.6,2929.5,135256.19
1766865600,2929.5,2934.0,2927.64,2927.79,258450.21
1766869200,2927.79,2933.39,2926.92,2933.39,137344.56
1766872800,2933.39,2952.79,2928.0,2931.72,960812.98
1766876400,2931.72,2960.0,2931.0,2947.56,757424.41
1766880000,2947.56,2950.66,2941.83,2944.19,370940.98
1766883600,2944.19,2948.52,2939.25,2942.57,244459.38
1766887200,2942.57,2948.59,2941.4,2945.75,220270.36
1766890800,2945.75,2946.83,2940.33,2941.95,226528.68
1766894400,2941.95,2945.53,2936.81,2937.58,336089.69
1766898000,2937.59,2939.8,2928.57,2934.0,594346.38
1766901600,2934.0,2942.99,2933.5,2941.51,297834.57
1766905200,2941.52,2941.52,2935.35,2937.7,239778.8
1766908800,2937.69,2947.04,2937.0,2938.3,370641.97
1766912400,2938.3,2942.76,2930.02,2936.44,492201.45
1766916000,2936.44,2943.15,2934.99,2941.71,401613.35
1766919600,2941.71,2945.5,2938.17,2942.54,446570.87
1766923200,2942.55,2943.79,2935.72,2937.78,260840.3
1766926800,2937.79,2943.77,2937.0,2939.01,219337.86
1766930400,2939.0,2954.0,2938.22,2944.0,808026.71
1766934000,2944.01,2959.99,2943.91,2947.73,815181.57
1766937600,2947.73,2953.76,2938.18,2941.94,574133.12
1766941200,2941.94,2950.3,2941.34,2944.81,288348.57
1766944800,2944.81,2945.45,2922.0,2930.33,1046791.61
1766948400,2930.32,2939.72,2925.54,2932.34,463629.04
1766952000,2932.34,2936.83,2928.24,2931.12,280137.51
1766955600,2931.11,2938.22,2927.44,2937.23,284121.66
1766959200,2937.23,2954.99,2933.77,2949.03,478042.61
1766962800,2949.03,2953.3,2939.23,2949.49,448331.93
1766966400,2949.5,2976.43,2943.0,2965.25,1555185.39
1766970000,2965.25,2986.0,2951.2,2979.65,1810727.9
1766973600,2979.65,3018.79,2979.65,3002.24,2805411.29
1766977200,3002.24,3048.34,3001.28,3042.37,2815184.51
1766980800,3042.37,3056.66,3037.71,3038.01,1754873.29
1766984400,3038.0,3044.0,3030.6,3035.65,984934.19
1766988000,3035.65,3042.57,3030.25,3034.76,726345.19
1766991600,3034.75,3037.16,3006.0,3018.49,1748356.15
1766995200,3018.5,3025.79,3010.42,3013.08,758544.31
1766998800,3013.09,3015.68,2955.52,2975.54,4107211.97
1767002400,2975.54,2983.87,2960.35,2965.29,1244532.29
1767006000,2965.29,2966.83,2957.28,2958.61,1006204.94
1767009600,2958.61,2958.62,2908.88,2929.39,4673252.86
1767013200,2929.38,2936.58,2916.5,2925.92,1061497.99
1767016800,2925.91,2964.72,2915.1,2926.99,3518640.44
1767020400,2926.99,2949.26,2917.68,2933.89,1830644.78
1767024000,2933.89,2941.46,2922.7,2934.85,871309.42
1767027600,2934.85,2942.28,2924.41,2942.03,586282.87
1767031200,2942.03,2944.58,2911.0,2918.07,1048951.99
1767034800,2918.07,2940.46,2916.29,2930.59,685628.8
1767038400,2930.6,2941.0,2924.12,2928.0,519544.11
1767042000,2928.0,2937.38,2927.34,2935.63,261254.81
1767045600,2935.62,2942.62,2929.0,2936.36,328468.94
1767049200,2936.35,2942.86,2931.0,2936.28,377007.07
1767052800,2936.28,2940.78,2929.93,2936.59,384836.03
1767056400,2936.6,2938.29,2923.26,2935.05,531144.25
1767060000,2935.06,2938.0,2921.0,2926.83,578799.64
1767063600,2926.82,2954.31,2917.55,2950.14,1374731.61
1767067200,2950.15,2957.0,2943.74,2944.26,880232.36
1767070800,2944.27,2946.67,2935.66,2940.2,645610.08
1767074400,2940.2,2950.69,2938.96,2944.55,519866.11
1767078000,2944.55,2954.99,2943.72,2949.32,549599.92
1767081600,2949.32,3002.52,2948.6,2976.16,3900904.22
1767085200,2976.16,2987.25,2969.47,2984.12,1129947.95
1767088800,2984.13,2986.83,2972.01,2976.15,836992.87
1767092400,2976.14,2982.96,2972.63,2977.62,598779.97
1767096000,2977.62,2985.83,2975.6,2979.64,576221.54
1767099600,2979.64,2990.4,2977.71,2984.81,1045267.51
1767103200,2984.8,3009.33,2957.34,2994.73,4316411.35
1767106800,2994.73,3001.86,2968.3,2988.0,2337454.09
1767110400,2988.0,2993.85,2973.15,2981.34,1335398.25
1767114000,2981.35,2985.69,2963.33,2975.62,989965.29
1767117600,2975.63,2977.8,2958.85,2970.55,764769.84
1767121200,2970.54,2973.76,2943.0,2969.96,1699602.68
1767124800,2969.96,2972.22,2954.75,2957.15,525595.69
1767128400,2957.15,2968.0,2952.73,2967.57,413362.07
1767132000,2967.57,2970.92,2963.82,2968.39,266419.3
1767135600,2968.39,2974.95,2966.1,2972.37,410844.09
1767139200,2972.37,2972.38,2961.13,2965.11,429687.88
1767142800,2965.11,2984.25,2961.0,2978.78,916217.53
1767146400,2978.79,2982.3,2972.72,2979.96,438814.35
1767150000,2979.96,2982.96,2964.08,2969.46,633514.97
1767153600,2969.46,2974.0,2967.0,2967.74,366366.58
1767157200,2967.75,2979.0,2967.75,2973.8,429398.02
1767160800,2973.8,2977.3,2973.21,2974.18,212296.69
1767164400,2974.17,2976.0,2968.32,2975.64,299884.87
1767168000,2975.65,2978.86,2962.19,2968.2,733664.33
1767171600,2968.2,2976.67,2968.13,2975.38,425111.98
1767175200,2975.39,2981.6,2973.86,2979.54,526376.78
1767178800,2979.53,3002.45,2978.65,3000.12,1867470.35
1767182400,3000.12,3000.75,2982.0,2985.9,1115637.2
1767186000,2985.9,2998.61,2984.83,2995.14,713296.61
1767189600,2995.15,3027.86,2979.0,2992.46,3247515.75
1767193200,2992.44,2993.39,2966.12,2984.41,2333906.71
1767196800,2984.41,2997.48,2956.02,2975.0,2091623.87
1767200400,2975.0,2979.66,2966.88,2974.39,783518.6
1767204000,2974.4,2984.6,2970.3,2973.01,614492.94
1767207600,2973.0,2980.22,2968.85,2970.1,301181.38
1767211200,2970.09,2979.09,2961.38,2974.53,831740.46
1767214800,2974.53,2983.73,2973.42,2980.89,393220.92
1767218400,2980.88,2983.0,2973.0,2975.86,198431.5
1767222000,2975.85,2975.86,2968.62,2970.23,250283.31
1767225600,2970.23,2981.8,2970.0,2978.37,310023.32
1767229200,2978.37,2987.99,2977.57,2982.82,514431.8
1767232800,2982.83,2986.36,2979.1,2981.0,312458.95
1767236400,2981.0,2984.73,2978.2,2979.15,200467.4
1767240000,2979.15,2979.94,2972.0,2974.58,569784.93
1767243600,2974.57,2982.6,2974.57,2980.5,284580.94
1767247200,2980.5,2980.72,2975.3,2975.31,244649.06
1767250800,2975.3,2980.35,2975.3,2977.36,239483.16
1767254400,2977.35,2982.0,2976.72,2981.2,246976.81
1767258000,2981.21,2986.56,2980.67,2982.7,414930.4
1767261600,2982.7,2984.4,2980.04,2983.57,226910.21
1767265200,2983.56,2991.76,2983.03,2987.78,438669.68
1767268800,2987.78,2988.8,2981.31,2985.9,376731.93
1767272400,2985.89,2988.36,2980.27,2981.32,332036.87
1767276000,2981.31,2985.53,2975.12,2983.7,609735.47
1767279600,2983.7,2994.45,2978.92,2988.47,787741.29
1767283200,2988.46,2989.6,2979.2,2981.55,599816.69
1767286800,2981.54,3005.0,2980.0,2989.55,1517546.28
1767290400,2989.55,2991.32,2983.16,2988.95,441375.65
1767294000,2988.96,2996.8,2985.61,2993.99,252687.73
1767297600,2993.99,2995.69,2986.14,2987.85,223461.48
1767301200,2987.85,2992.27,2986.27,2988.33,238234.32
1767304800,2988.33,2999.0,2986.38,2997.85,295147.15
1767308400,2997.86,3008.7,2990.53,3002.49,763147.23
1767312000,3002.49,3006.96,2993.64,3004.18,584631.73
1767315600,3004.17,3006.2,2996.4,3001.05,363945.37
1767319200,3001.04,3001.88,2990.52,3000.3,516697.07
1767322800,3000.29,3034.86,2998.0,3020.83,2345092.55
1767326400,3020.84,3022.99,3009.0,3010.18,685694.7
1767330000,3010.17,3017.52,3007.43,3014.97,538042.68
1767333600,3014.98,3038.0,3013.0,3024.99,1308107.08
1767337200,3024.99,3030.64,3015.28,3017.0,727723.08
1767340800,3017.0,3032.57,3014.2,3030.39,764382.68
1767344400,3030.39,3053.0,3028.15,3046.34,1958606.3
1767348000,3046.35,3067.81,3043.71,3054.86,2288401.61
1767351600,3054.86,3055.38,3038.25,3045.73,1098797.05
1767355200,3045.74,3056.52,3041.57,3046.34,728975.79
1767358800,3046.34,3056.77,3044.18,3048.19,556521.87
1767362400,3048.18,3109.99,3018.18,3080.73,6683605.06
1767366000,3080.74,3096.44,3053.05,3085.09,3820367.97
1767369600,3085.09,3145.5,3077.14,3130.41,4923403.54
1767373200,3130.41,3148.59,3108.86,3121.34,2198387.36
1767376800,3121.34,3131.37,3095.67,3109.37,1403836.44
1767380400,3109.37,3126.62,3106.33,3122.19,672616.33
1767384000,3122.2,3128.66,3109.42,3116.03,480006.76
1767387600,3116.01,3133.0,3114.67,3128.85,332840.53
1767391200,3128.84,3145.98,3126.5,3132.09,670471.8
1767394800,3132.08,3134.33,3117.42,3123.99,456966.96
1767398400,3123.99,3135.19,3120.75,3129.12,350058.72
1767402000,3129.12,3130.14,3122.0,3129.02,321167.44
1767405600,3129.01,3129.02,3118.46,3124.37,367210.71
1767409200,3124.37,3125.98,3117.46,3124.05,445614.97
1767412800,3124.05,3126.4,3113.09,3115.12,531384.73
1767416400,3115.12,3117.76,3102.51,3110.71,800544.26
1767420000,3110.71,3116.74,3096.69,3096.69,642397.5
1767423600,3096.69,3103.84,3075.0,3088.96,2159087.38
1767427200,3088.96,3104.99,3082.0,3094.25,960164.42
1767430800,3094.25,3109.99,3091.0,3099.4,710424.39
1767434400,3099.41,3105.13,3095.09,3095.87,514853.24
1767438000,3095.87,3099.25,3090.42,3097.0,517981.31
1767441600,3097.0,3104.21,3092.05,3103.41,562282.48
1767445200,3103.41,3106.49,3099.1,3101.34,413562.23
1767448800,3101.34,3112.97,3099.54,3104.53,742594.13
1767452400,3104.6,3106.18,3098.0,3099.36,469193.64
1767456000,3099.36,3110.5,3096.42,3105.28,566393.03
1767459600,3105.27,3108.83,3103.8,3106.78,183902.91
1767463200,3106.79,3117.55,3103.33,3114.49,451399.84
1767466800,3114.48,3114.49,3108.25,3111.46,163706.14
1767470400,3111.47,3115.51,3105.4,3113.71,195532.0
1767474000,3113.7,3127.96,3111.29,3118.99,508143.51
1767477600,3119.0,3124.45,3111.47,3120.97,249183.49
1767481200,3120.97,3129.65,3119.0,3125.0,507021.37
1767484800,3125.0,3166.99,3124.0,3155.61,2553219.92
1767488400,3155.61,3160.55,3139.63,3148.05,1056357.22
1767492000,3148.06,3149.1,3135.51,3139.33,620170.87
1767495600,3139.32,3149.1,3138.01,3145.51,587470.16
1767499200,3145.5,3154.5,3142.94,3146.37,471644.18
1767502800,3146.37,3150.35,3143.0,3149.3,333859.1
1767506400,3149.31,3163.73,3137.06,3138.3,1255222.29
1767510000,3138.3,3144.94,3132.89,3139.9,716929.24
1767513600,3139.89,3140.66,3122.4,3137.27,1112212.28
1767517200,3137.26,3147.4,3133.49,3142.48,697602.4
1767520800,3142.48,3147.41,3141.42,3144.88,421644.96
1767524400,3144.88,3144.9,3133.7,3138.66,405836.81
1767528000,3138.65,3146.24,3132.24,3135.52,524616.49
1767531600,3135.51,3140.62,3130.01,3139.23,424425.43
1767535200,3139.24,3142.0,3131.0,3135.94,495207.89
1767538800,3135.95,3138.46,3116.14,3134.2,1056029.26
1767542400,3134.2,3139.0,3129.81,3137.9,569961.9
1767546000,3137.89,3142.89,3134.09,3136.0,381983.01
1767549600,3136.01,3136.55,3121.0,3133.77,460078.74
1767553200,3133.78,3133.87,3117.0,3131.04,645731.27
1767556800,3131.05,3141.97,3129.02,3140.21,299197.93
1767560400,3140.21,3153.95,3135.85,3144.02,669611.71
1767564000,3144.02,3149.03,3135.0,3137.91,347428.62
1767567600,3137.91,3152.94,3133.01,3143.15,636449.13
1767571200,3143.15,3175.0,3142.07,3166.91,2511981.63
1767574800,3166.91,3222.0,3162.49,3196.72,3992513.14
1767578400,3196.72,3203.45,3181.26,3192.0,1350458.39
1767582000,3192.0,3197.0,3183.35,3184.8,688105.56
1767585600,3184.8,3187.0,3156.05,3165.8,2059124.58
1767589200,3165.81,3168.68,3146.05,3148.18,1331102.63
1767592800,3148.17,3157.58,3132.02,3156.19,1719766.7
1767596400,3156.19,3161.85,3153.76,3156.01,577890.01
1767600000,3156.0,3171.87,3154.09,3161.78,947594.86
1767603600,3161.78,3174.7,3151.36,3166.88,1000919.63
1767607200,3166.88,3178.14,3161.25,3171.66,1049272.08
1767610800,3171.65,3182.87,3166.66,3178.6,699419.21
1767614400,3178.6,3182.0,3164.75,3169.31,724668.49
1767618000,3169.31,3174.75,3141.32,3153.05,1874175.24
1767621600,3153.06,3176.85,3133.8,3165.0,3273115.2
1767625200,3165.0,3204.77,3150.33,3194.17,3691348.2
1767628800,3194.17,3201.47,3170.44,3182.39,1702646.56
1767632400,3182.4,3228.95,3157.39,3211.95,3343358.01
1767636000,3211.95,3228.0,3185.18,3226.65,2395335.94
1767639600,3226.65,3227.42,3212.95,3221.59,1018042.95
1767643200,3221.58,3265.0,3218.31,3240.45,3141708.24
1767646800,3240.46,3247.23,3230.02,3236.89,691311.93
1767650400,3236.9,3248.0,3228.33,3238.83,533995.44
1767654000,3238.83,3240.18,3223.26,3223.48,675835.98
1767657600,3223.49,3229.5,3201.79,3214.93,1010650.81
1767661200,3214.94,3246.59,3214.45,3217.03,1238201.98
1767664800,3217.03,3223.57,3207.8,3216.14,584183.5
1767668400,3216.15,3232.99,3212.5,3223.8,615682.74
1767672000,3223.8,3232.7,3221.31,3221.31,456123.27
1767675600,3221.31,3228.0,3215.25,3217.2,571912.54
1767679200,3217.2,3253.37,3216.59,3239.47,1607066.64
1767682800,3239.46,3240.87,3210.12,3218.0,1367059.92
1767686400,3218.0,3227.36,3213.0,3218.31,688959.35
1767690000,3218.3,3228.0,3215.69,3221.62,560490.46
1767693600,3221.62,3230.45,3219.62,3227.01,423355.94
1767697200,3227.01,3241.99,3225.3,3236.06,865595.95
1767700800,3236.06,3243.7,3234.0,3236.39,523325.3
1767704400,3236.4,3237.8,3227.66,3236.47,775177.59
1767708000,3236.47,3308.65,3236.46,3276.4,8000261.46
1767711600,3276.41,3300.9,3260.0,3270.99,3384766.82
1767715200,3271.0,3278.0,3232.55,3250.5,3144677.57
1767718800,3250.5,3259.0,3188.13,3195.15,3563938.12
1767722400,3195.15,3231.98,3181.03,3217.62,2627976.68
1767726000,3217.62,3228.6,3211.58,3222.1,539518.95
1767729600,3222.1,3249.0,3221.76,3240.33,790796.69
1767733200,3240.32,3299.72,3236.84,3274.65,2051011.22
1767736800,3274.65,3289.85,3262.25,3276.51,749177.63
1767740400,3276.5,3302.99,3275.0,3295.42,1052008.14
1767744000,3295.43,3295.45,3253.87,3256.11,1302830.61
1767747600,3256.11,3271.83,3238.0,3244.11,1539028.22
1767751200,3244.1,3272.9,3238.47,3268.59,1037793.91
1767754800,3268.59,3281.0,3263.5,3265.43,873702.27
1767758400,3265.43,3270.27,3252.0,3255.21,779847.7
1767762000,3255.2,3261.36,3245.24,3247.41,694272.06
1767765600,3247.41,3259.5,3246.9,3250.0,412143.47
1767769200,3250.0,3261.49,3249.99,3253.78,475004.48
1767772800,3253.77,3262.0,3251.17,3253.05,409625.81
1767776400,3253.04,3253.39,3196.28,3198.61,4003613.35
1767780000,3198.6,3221.14,3193.46,3217.01,1677551.84
1767783600,3217.0,3226.14,3215.25,3218.88,886982.85
1767787200,3218.88,3220.89,3208.62,3211.58,726493.79
1767790800,3211.58,3227.86,3200.11,3210.56,1288947.22
1767794400,3210.55,3210.73,3165.0,3190.15,4153925.21
1767798000,3190.14,3191.73,3142.52,3163.12,4554913.67
1767801600,3163.13,3178.0,3147.02,3155.95,1495990.48
1767805200,3155.95,3169.92,3143.63,3150.4,1130289.28
1767808800,3150.4,3164.16,3131.02,3145.01,2089644.25
1767812400,3145.01,3154.23,3123.17,3144.01,1565688.14
1767816000,3144.01,3149.98,3126.1,3137.15,938500.1
1767819600,3137.15,3151.36,3136.59,3148.24,397181.14
1767823200,3148.23,3165.0,3142.0,3151.88,680475.39
1767826800,3151.88,3180.0,3141.69,3167.33,1450677.31
1767830400,3167.33,3174.07,3153.12,3169.25,658057.04
1767834000,3169.25,3180.0,3167.0,3173.87,542060.46
1767837600,3173.86,3183.0,3146.48,3157.8,1095133.9
1767841200,3157.8,3165.01,3131.12,3141.55,1071201.4
1767844800,3141.56,3157.5,3137.38,3152.69,742517.06
1767848400,3152.69,3159.86,3140.0,3141.71,671338.81
1767852000,3141.71,3144.99,3102.54,3103.77,3007508.89
1767855600,3103.77,3131.0,3088.01,3125.81,2514299.38
1767859200,3125.81,3135.58,3111.25,3114.8,969037.11
1767862800,3114.8,3122.88,3103.25,3110.25,992814.93
1767866400,3110.25,3132.0,3094.0,3126.64,1478283.1
1767870000,3126.65,3129.9,3110.86,3118.96,847045.56
1767873600,3118.96,3119.36,3083.17,3094.0,2232357.97
1767877200,3094.0,3101.83,3088.0,3095.25,682321.24
1767880800,3095.24,3095.25,3052.48,3075.8,5151962.16
1767884400,3075.8,3111.0,3065.31,3102.5,3227484.42
1767888000,3102.46,3122.17,3088.59,3120.18,1752853.69
1767891600,3120.19,3137.97,3108.9,3133.49,1739248.81
1767895200,3133.48,3133.93,3113.01,3118.61,1058566.65
1767898800,3118.61,3127.46,3101.74,3109.8,668732.02
1767902400,3109.79,3109.79,3087.22,3106.63,743675.4
1767906000,3106.62,3121.99,3106.0,3117.92,382047.77
1767909600,3117.94,3129.66,3105.53,3117.81,377842.59
1767913200,3117.81,3120.7,3104.16,3105.3,346931.64
1767916800,3105.33,3116.57,3102.24,3114.86,398087.73
1767920400,3114.87,3147.0,3080.01,3104.49,2578140.07
1767924000,3104.48,3125.0,3102.3,3108.15,903956.34
1767927600,3108.16,3120.0,3101.59,3118.47,550480.94
1767931200,3118.48,3122.89,3111.16,3115.29,395587.41
1767934800,3115.29,3119.9,3112.28,3117.38,277315.65
1767938400,3117.37,3124.0,3116.03,3121.28,328101.34
1767942000,3121.27,3122.1,3108.6,3109.44,535553.18
1767945600,3109.45,3114.0,3065.96,3081.67,2501119.71
1767949200,3081.67,3099.4,3080.55,3090.84,1138231.25
1767952800,3090.84,3097.56,3086.26,3094.74,424024.19
1767956400,3094.75,3103.07,3086.67,3088.85,568250.21
1767960000,3088.85,3094.99,3080.48,3082.86,611205.49
1767963600,3082.87,3110.69,3082.0,3097.21,2028872.08
1767967200,3097.2,3097.61,3060.0,3077.65,2621013.41
1767970800,3077.66,3141.67,3057.0,3111.09,5698378.39
1767974400,3111.09,3144.5,3109.42,3131.89,2116700.43
1767978000,3131.89,3133.56,3103.07,3112.92,1258273.74
1767981600,3112.92,3117.4,3072.0,3093.53,1756229.34
1767985200,3093.53,3093.54,3067.32,3078.86,973629.87
1767988800,3078.85,3090.66,3069.0,3072.05,669576.49
1767992400,3072.05,3094.0,3063.57,3084.59,824097.57
1767996000,3084.56,3087.77,3073.08,3085.19,317376.19
1767999600,3085.19,3092.0,3082.54,3087.19,293584.98
1768003200,3087.2,3088.86,3080.51,3082.39,227127.25
1768006800,3082.39,3090.85,3082.05,3088.99,263775.65
1768010400,3089.0,3094.37,3082.15,3086.99,274726.59
1768014000,3086.99,3088.22,3078.37,3085.79,494314.28
1768017600,3085.79,3086.58,3076.58,3079.1,303733.44
1768021200,3079.11,3087.26,3078.87,3085.49,217577.31
1768024800,3085.49,3088.08,3082.0,3086.26,179594.42
1768028400,3086.26,3092.44,3086.24,3091.32,344712.48
1768032000,3091.33,3091.96,3086.0,3088.99,203164.52
1768035600,3088.99,3099.0,3088.2,3094.51,326063.99
1768039200,3094.51,3103.26,3092.8,3101.45,406701.73
1768042800,3101.45,3101.83,3092.76,3095.36,223580.81
1768046400,3095.36,3101.87,3091.88,3097.9,239422.51
1768050000,3097.9,3097.9,3092.04,3093.13,169663.13
1768053600,3093.13,3095.52,3087.0,3090.19,351849.83
1768057200,3090.18,3095.0,3090.18,3093.85,189450.63
1768060800,3093.86,3096.53,3090.0,3094.35,166612.73
1768064400,3094.35,3097.65,3090.51,3091.38,173068.52
1768068000,3091.37,3092.82,3088.65,3091.21,142656.65
1768071600,3091.21,3092.5,3088.88,3090.82,84192.48
1768075200,3090.81,3092.22,3086.57,3088.72,242724.24
1768078800,3088.72,3089.03,3083.0,3085.01,191974.63
1768082400,3085.0,3088.66,3077.23,3079.2,370303.35
1768086000,3079.21,3089.0,3078.3,3085.8,172692.64
1768089600,3085.79,3092.0,3083.2,3091.2,223509.62
1768093200,3091.2,3094.68,3088.08,3094.68,173693.2
1768096800,3094.68,3096.2,3090.5,3091.12,178527.28
1768100400,3091.11,3096.2,3090.77,3095.25,157443.46
1768104000,3095.32,3097.35,3093.23,3096.55,156561.85
1768107600,3096.56,3101.26,3094.45,3097.88,285813.6
1768111200,3097.88,3099.3,3088.6,3095.99,344903.74
1768114800,3096.0,3097.1,3091.11,3093.81,116067.08
1768118400,3093.8,3106.8,3091.53,3101.92,464853.89
1768122000,3101.91,3109.39,3098.9,3103.09,476623.96
1768125600,3103.1,3107.42,3101.12,3106.27,237728.21
1768129200,3106.27,3106.62,3101.5,3103.99,181822.58
1768132800,3104.0,3115.65,3103.41,3112.48,627548.68
1768136400,3112.48,3115.0,3105.2,3108.55,471707.52
1768140000,3108.55,3128.8,3108.44,3124.64,876810.14
1768143600,3124.64,3130.0,3108.66,3116.89,1384277.88
1768147200,3116.88,3146.2,3114.33,3128.26,1920185.96
1768150800,3128.27,3133.2,3116.07,3126.15,677726.81
1768154400,3126.15,3133.01,3119.17,3128.53,405524.96
1768158000,3128.52,3132.2,3117.48,3123.4,331353.44
1768161600,3123.34,3123.34,3100.0,3113.63,1146950.48
1768165200,3113.63,3126.4,3106.04,3119.38,373425.3
1768168800,3119.38,3119.38,3105.0,3108.06,335101.55
1768172400,3108.06,3124.82,3091.0,3121.58,1221667.51
1768176000,3121.59,3126.6,3095.01,3118.61,1174888.43
1768179600,3118.6,3136.5,3112.09,3123.47,1507245.74
1768183200,3123.48,3167.46,3121.0,3156.8,2934578.17
1768186800,3156.8,3170.85,3150.5,3151.31,1527587.77
1768190400,3151.31,3162.56,3147.73,3158.04,601238.83
1768194000,3158.04,3165.96,3153.66,3157.7,506724.2
1768197600,3157.69,3165.0,3150.86,3153.36,541472.45
1768201200,3153.36,3160.32,3131.75,3134.02,1444950.86
1768204800,3134.02,3146.92,3099.26,3114.14,3334797.82
1768208400,3114.13,3123.41,3108.97,3114.99,851906.67
1768212000,3114.99,3118.74,3102.57,3105.53,656347.33
1768215600,3105.53,3120.95,3105.0,3113.83,656961.25
1768219200,3113.83,3121.66,3110.69,3115.93,484944.39
1768222800,3115.92,3118.99,3104.15,3107.84,641434.74
1768226400,3107.84,3118.46,3063.06,3103.69,4980543.68
1768230000,3103.68,3131.95,3091.6,3128.31,2220953.38
1768233600,3128.31,3145.81,3118.8,3129.4,2075979.96
1768237200,3129.4,3136.19,3081.28,3103.59,2478913.14
1768240800,3103.6,3118.18,3094.16,3106.99,1135018.22
1768244400,3106.99,3121.63,3095.51,3120.45,490715.24
1768248000,3120.45,3127.0,3098.65,3101.4,644969.54
1768251600,3101.36,3105.6,3083.1,3090.79,730072.5
1768255200,3090.79,3106.59,3090.78,3093.93,579809.35
1768258800,3093.93,3097.94,3086.5,3093.94,443013.23
1768262400,3093.93,3109.05,3092.04,3107.05,562896.07
1768266000,3107.04,3113.25,3090.0,3096.57,589217.24
1768269600,3096.58,3106.87,3096.57,3099.99,313690.64
1768273200,3099.99,3118.35,3099.68,3114.75,643938.19
1768276800,3114.72,3122.88,3110.7,3120.7,607321.12
1768280400,3120.7,3145.63,3120.0,3130.18,2007337.3
1768284000,3130.18,3136.41,3121.93,3132.96,728601.18
1768287600,3132.97,3134.13,3120.72,3120.86,453044.89
1768291200,3120.86,3136.99,3120.72,3134.83,460914.64
1768294800,3134.84,3147.5,3127.0,3137.61,1341700.73
1768298400,3137.61,3140.66,3128.01,3133.49,444419.98
1768302000,3133.5,3137.6,3130.0,3132.74,320282.31
1768305600,3132.75,3136.8,3128.3,3133.99,417689.74
1768309200,3134.0,3160.5,3129.0,3141.02,3188493.18
1768312800,3141.01,3164.0,3127.85,3143.5,2404664.73
1768316400,3143.5,3187.88,3131.0,3182.57,3473258.76
1768320000,3182.57,3195.0,3170.0,3179.25,2560334.3
1768323600,3179.24,3186.0,3171.2,3178.38,940003.79
1768327200,3178.37,3213.93,3176.3,3198.99,1742738.14
1768330800,3199.0,3218.4,3189.04,3214.39,1137162.52
1768334400,3214.39,3219.99,3188.52,3202.76,1345310.85
1768338000,3202.77,3216.08,3199.0,3208.34,810088.48
1768341600,3208.34,3398.0,3208.34,3329.77,6590125.75
1768345200,3329.77,3346.83,3312.46,3324.06,1666593.01
1768348800,3324.07,3336.16,3314.0,3322.79,1166903.36
1768352400,3322.8,3344.63,3319.64,3334.55,1110404.86
1768356000,3334.55,3358.99,3319.35,3325.54,1592966.05
1768359600,3325.53,3351.76,3319.99,3351.33,1338581.32
1768363200,3351.33,3366.66,3335.41,3338.18,1637518.54
1768366800,3338.18,3339.4,3325.0,3329.82,715431.78
1768370400,3329.83,3335.4,3321.45,3333.79,677372.72
1768374000,3333.78,3342.53,3326.6,3335.0,673614.12
1768377600,3335.0,3342.68,3326.19,3326.35,685740.07
1768381200,3326.36,3334.86,3324.0,3327.64,399738.64
1768384800,3327.65,3332.97,3303.37,3312.28,1496102.18
1768388400,3312.28,3312.85,3281.59,3285.55,1831289.59
1768392000,3285.55,3298.59,3278.15,3295.47,983033.61
1768395600,3295.48,3309.99,3288.2,3301.89,1064628.85
1768399200,3301.89,3357.33,3301.0,3347.42,4419580.61
1768402800,3347.42,3362.38,3326.01,3344.1,3230725.02
1768406400,3344.1,3403.44,3343.77,3368.78,4874409.86
1768410000,3368.78,3379.99,3336.26,3340.49,2578741.16
1768413600,3340.48,3352.8,3313.57,3337.49,2115917.54
1768417200,3337.49,3400.0,3330.58,3366.3,2454119.51
1768420800,3366.3,3394.25,3360.45,3381.8,1193519.46
1768424400,3381.81,3381.81,3355.32,3371.11,688017.82
1768428000,3371.12,3373.08,3344.41,3347.31,677955.16
1768431600,3347.31,3367.99,3347.06,3352.97,539564.93
1768435200,3352.96,3353.87,3323.68,3330.16,929552.48
1768438800,3330.17,3342.04,3315.68,3323.45,938139.72
1768442400,3323.45,3331.48,3303.3,3312.99,1016481.7
1768446000,3312.99,3320.56,3272.37,3284.85,2405276.69
1768449600,3284.86,3307.29,3283.0,3303.74,1163755.68
1768453200,3303.73,3314.13,3300.48,3309.61,734572.74
1768456800,3309.6,3322.49,3308.39,3314.25,784389.61
1768460400,3314.26,3333.93,3312.78,3328.34,861135.01
1768464000,3328.33,3337.49,3317.64,3334.47,914354.63
1768467600,3334.48,3374.41,3328.22,3365.3,2782128.16
1768471200,3365.3,3378.84,3356.57,3362.79,1123491.26
1768474800,3362.79,3364.99,3345.0,3348.21,1184387.03
1768478400,3348.2,3370.26,3342.25,3367.6,1156431.69
1768482000,3367.6,3383.22,3355.31,3369.46,1419219.63
1768485600,3369.46,3381.75,3320.58,3340.49,3434973.24
1768489200,3340.48,3357.28,3285.0,3329.86,4113942.63
1768492800,3329.86,3334.46,3308.33,3329.01,1915880.46
1768496400,3329.0,3336.45,3295.6,3299.69,1613270.94
1768500000,3299.68,3306.71,3272.46,3287.5,2007697.62
1768503600,3287.49,3301.59,3275.52,3294.27,979326.54
1768507200,3294.26,3306.67,3275.22,3286.99,950661.11
1768510800,3287.0,3304.8,3282.7,3298.4,400579.31
1768514400,3298.39,3318.7,3295.0,3307.79,577337.52
1768518000,3307.78,3323.15,3301.02,3317.38,518834.41
1768521600,3317.38,3326.0,3314.6,3315.81,534056.37
1768525200,3315.82,3321.43,3300.03,3312.29,793017.63
1768528800,3312.29,3312.3,3290.02,3302.22,1023286.42
1768532400,3302.23,3306.87,3293.7,3293.71,342636.81
1768536000,3293.71,3303.79,3276.0,3286.89,1386730.87
1768539600,3286.9,3314.77,3283.27,3307.52,1258690.95
1768543200,3307.53,3316.29,3301.0,3312.67,617238.66
1768546800,3312.67,3314.5,3299.67,3308.06,560580.53
1768550400,3308.06,3319.31,3307.01,3312.28,738487.57
1768554000,3312.27,3315.38,3305.0,3306.11,339040.85
1768557600,3306.11,3307.69,3292.82,3296.49,738191.9
1768561200,3296.5,3305.95,3292.25,3300.78,496192.64
1768564800,3300.77,3313.6,3299.06,3307.52,658937.63
1768568400,3307.53,3309.4,3293.81,3306.03,657557.05
1768572000,3306.04,3317.4,3288.08,3293.0,1507447.37
1768575600,3292.99,3310.3,3252.0,3263.63,4819122.73
1768579200,3263.62,3287.99,3258.0,3277.8,2157734.03
1768582800,3277.85,3285.35,3264.45,3283.04,778448.57
1768586400,3283.03,3287.69,3276.01,3277.27,396390.38
1768590000,3277.26,3277.8,3267.11,3275.32,409411.82
1768593600,3275.33,3292.64,3262.04,3291.44,823462.18
1768597200,3291.45,3297.49,3286.5,3292.52,473947.27
1768600800,3292.52,3294.51,3280.6,3292.72,354738.99
1768604400,3292.72,3298.72,3290.81,3294.7,327310.36
1768608000,3294.69,3295.97,3288.61,3291.29,223912.13
1768611600,3291.29,3294.41,3286.14,3289.15,305950.06
1768615200,3289.14,3291.53,3282.0,3291.21,352475.84
1768618800,3291.2,3291.81,3286.0,3287.77,223858.38
1768622400,3287.78,3291.0,3284.94,3290.4,202097.44
1768626000,3290.4,3292.6,3288.0,3290.01,173838.09
1768629600,3290.0,3292.49,3285.26,3289.92,171241.01
1768633200,3289.91,3290.9,3286.0,3289.7,212876.8
1768636800,3289.7,3295.0,3287.36,3294.78,379605.35
1768640400,3294.78,3302.87,3291.7,3297.22,524974.79
1768644000,3297.23,3299.16,3293.6,3294.89,276286.56
1768647600,3294.89,3303.83,3290.24,3300.85,456570.14
1768651200,3300.85,3304.99,3298.25,3300.8,276578.88
1768654800,3300.8,3302.9,3297.75,3302.04,204919.77
1768658400,3302.05,3310.59,3299.75,3308.71,721633.79
1768662000,3308.71,3329.3,3306.12,3328.01,2114398.03
1768665600,3328.0,3328.95,3310.25,3317.73,1089591.41
1768669200,3317.74,3327.49,3315.97,3317.5,420796.37
1768672800,3317.51,3319.15,3311.2,3316.11,485894.85
1768676400,3316.1,3319.97,3312.0,3315.02,182472.21
1768680000,3315.02,3318.7,3313.64,3315.9,73962.13
1768683600,3315.89,3316.13,3305.01,3311.42,306690.67
1768687200,3311.41,3311.42,3293.1,3300.65,550378.9
1768690800,3300.66,3309.1,3299.73,3308.82,310810.71
1768694400,3308.81,3313.0,3301.29,3303.34,323755.48
1768698000,3303.34,3305.67,3295.0,3300.11,478487.1
1768701600,3300.11,3304.89,3295.25,3302.2,342335.08
1768705200,3302.2,3318.88,3301.84,3314.7,548268.16
1768708800,3314.69,3316.14,3308.32,3310.6,271420.01
1768712400,3310.61,3316.74,3309.22,3314.48,219524.9
1768716000,3314.49,3316.31,3310.06,3314.2,165899.49
1768719600,3314.2,3314.28,3304.44,3305.63,329429.01
1768723200,3305.64,3315.43,3301.62,3313.3,404086.56
1768726800,3313.29,3323.76,3312.2,3321.26,621325.73
1768730400,3321.27,3324.58,3316.53,3323.67,341580.69
1768734000,3323.67,3323.67,3317.02,3320.62,204630.57
1768737600,3320.62,3325.5,3316.62,3320.59,281088.97
1768741200,3320.59,3329.99,3312.5,3324.83,805651.06
1768744800,3324.84,3346.99,3321.2,3323.51,1762404.71
1768748400,3323.52,3334.55,3317.01,3332.34,574193.07
1768752000,3332.33,3337.0,3328.19,3332.19,399620.89
1768755600,3332.19,3345.0,3330.81,3343.4,444529.73
1768759200,3343.4,3368.8,3335.38,3361.03,1791010.31
1768762800,3361.04,3365.35,3342.96,3345.82,655379.88
1768766400,3345.82,3351.95,3335.25,3340.03,466659.2
1768770000,3340.03,3344.99,3335.4,3340.42,294921.04
1768773600,3340.42,3355.85,3338.81,3349.66,330450.7
1768777200,3349.66,3349.66,3277.18,3282.91,3358990.11
1768780800,3282.91,3283.45,3172.0,3210.77,9617039.31
1768784400,3210.74,3220.0,3192.35,3205.15,1572418.97
1768788000,3205.15,3215.0,3192.2,3202.87,964757.04
1768791600,3202.87,3211.57,3193.0,3210.35,664264.0
1768795200,3210.35,3216.0,3203.31,3210.95,595852.34
1768798800,3210.95,3213.77,3194.51,3200.42,1213686.41
1768802400,3200.42,3202.78,3186.0,3194.3,902465.82
1768806000,3194.3,3208.0,3194.14,3205.31,548812.83
1768809600,3205.31,3220.39,3195.0,3211.96,1150396.67
1768813200,3211.97,3212.8,3203.4,3207.44,516377.44
1768816800,3207.44,3214.74,3203.68,3213.75,410623.53
1768820400,3213.76,3229.0,3211.48,3221.49,1091814.94
1768824000,3221.5,3234.0,3217.16,3223.28,916159.69
1768827600,3223.29,3223.29,3210.73,3216.65,875114.74
1768831200,3216.65,3217.73,3200.0,3211.33,933171.95
1768834800,3211.34,3219.0,3208.41,3214.19,486963.41
1768838400,3214.19,3225.93,3210.67,3221.39,608422.35
1768842000,3221.39,3224.69,3215.0,3217.89,397696.61
1768845600,3217.89,3219.0,3205.4,3212.64,497710.45
1768849200,3212.64,3222.78,3212.63,3217.88,242849.61
1768852800,3217.88,3224.03,3211.0,3212.3,337693.54
1768856400,3212.31,3219.8,3208.46,3211.17,180314.61
1768860000,3211.17,3213.13,3184.2,3187.17,1114988.05
1768863600,3187.17,3196.48,3164.36,3188.01,2074658.55
1768867200,3188.0,3199.86,3175.3,3182.54,964996.65
1768870800,3182.54,3198.0,3174.01,3191.95,1020341.26
1768874400,3191.95,3199.62,3177.0,3191.35,1085271.66
1768878000,3191.35,3193.59,3182.16,3187.41,559395.85
1768881600,3187.41,3188.0,3166.66,3172.0,1055224.55
1768885200,3171.99,3174.06,3151.0,3170.01,2639894.22
1768888800,3170.01,3170.96,3107.32,3115.7,4852698.52
1768892400,3115.7,3129.79,3110.43,3121.56,1429152.86
1768896000,3121.57,3122.26,3082.33,3105.06,3598587.78
1768899600,3105.05,3106.92,3085.9,3093.15,879695.53
1768903200,3093.15,3107.43,3090.0,3101.35,879710.76
1768906800,3101.35,3111.67,3101.35,3107.75,659050.33
1768910400,3107.75,3113.48,3100.76,3109.51,695057.38
1768914000,3109.5,3111.84,3072.29,3077.75,2297618.07
1768917600,3077.75,3088.0,3032.18,3045.95,6488638.69
1768921200,3045.94,3048.66,2993.03,3030.62,6038525.62
1768924800,3030.62,3041.76,2996.28,3007.46,2117432.26
1768928400,3007.46,3021.9,2981.78,2998.15,2418922.83
1768932000,2998.15,3007.56,2986.04,2990.5,1015661.74
1768935600,2990.51,3002.0,2977.45,2994.9,893848.7
1768939200,2994.91,3006.12,2984.48,3005.75,902416.91
1768942800,3005.76,3006.14,2988.24,2992.19,408216.05
1768946400,2992.18,2997.7,2891.0,2949.97,3178049.16
1768950000,2949.97,2951.17,2927.0,2938.28,1348762.57
1768953600,2938.29,2968.35,2919.59,2958.44,1568573.34
1768957200,2958.44,2973.78,2953.59,2963.41,880509.07
1768960800,2963.41,2973.81,2956.11,2960.09,618261.91
1768964400,2960.08,2983.47,2959.13,2980.34,854264.64
1768968000,2980.34,2984.46,2973.2,2977.66,547710.74
1768971600,2977.65,3000.77,2976.08,2991.0,1308467.57
1768975200,2990.99,2992.0,2973.34,2978.56,918679.16
1768978800,2978.56,2984.0,2964.14,2968.65,867241.75
1768982400,2968.64,2973.02,2953.53,2963.75,932207.36
1768986000,2963.75,2973.69,2947.5,2952.42,861125.37
1768989600,2952.41,2969.02,2950.04,2962.11,575828.87
1768993200,2962.11,2970.33,2935.0,2942.19,1202738.7
1768996800,2942.18,2945.41,2901.3,2930.26,3937703.75
1769000400,2930.25,2944.38,2918.35,2926.76,1925647.35
1769004000,2926.76,2994.44,2923.31,2979.46,5187805.48
1769007600,2979.46,3026.61,2973.1,3000.96,4468605.05
1769011200,3000.97,3004.0,2884.0,2889.9,6586863.86
1769014800,2889.9,2912.57,2863.7,2901.97,4494607.23
1769018400,2901.96,2932.5,2886.0,2925.61,1893264.51
1769022000,2925.62,3068.34,2914.85,3053.99,6046741.17
1769025600,3054.0,3056.47,3001.59,3030.45,2973847.88
1769029200,3030.44,3043.0,3019.6,3030.01,919491.9
1769032800,3030.0,3044.0,3007.0,3008.47,779027.2
1769036400,3008.47,3024.35,2970.35,2980.51,1640442.52
1769040000,2980.51,3009.93,2978.7,3003.99,1252442.39
1769043600,3003.99,3034.25,3001.0,3026.77,1132678.17
1769047200,3026.77,3036.88,3013.33,3016.29,963728.15
1769050800,3016.29,3029.57,2997.45,3011.98,990283.42
1769054400,3011.97,3024.14,3009.72,3021.73,519024.72
1769058000,3021.73,3026.58,3013.03,3018.51,368935.12
1769061600,3018.51,3026.63,3007.04,3017.58,614242.4
1769065200,3017.59,3021.0,2998.55,2999.39,623369.92
1769068800,2999.38,3006.85,2990.06,3004.69,1035081.07
1769072400,3004.69,3015.0,3002.0,3012.35,543622.3
1769076000,3012.36,3013.46,2998.4,3001.51,645356.77
1769079600,3001.51,3005.88,2976.15,2985.02,1416724.96
1769083200,2985.01,2997.36,2976.32,2989.43,911400.9
1769086800,2989.45,3009.42,2960.1,2971.38,2417702.82
1769090400,2971.37,2981.15,2933.46,2939.49,3692737.34
1769094000,2939.49,2967.27,2904.08,2940.26,4862285.88
1769097600,2940.27,2957.91,2921.73,2944.41,2301669.2
1769101200,2944.42,2962.97,2932.69,2959.75,1224276.57
1769104800,2959.75,2971.66,2936.63,2938.29,1063846.35
1769108400,2938.29,2961.72,2926.2,2952.16,973940.62
1769112000,2952.16,2956.55,2929.06,2937.39,816661.92
1769115600,2937.39,2950.66,2932.13,2944.8,609777.16
1769119200,2944.79,2958.44,2941.89,2950.22,451301.55
1769122800,2950.22,2954.68,2939.01,2951.07,368168.9
1769126400,2951.07,2956.96,2944.7,2952.36,493126.97
1769130000,2952.38,2968.75,2952.0,2967.51,605653.77
1769133600,2967.51,2970.56,2950.86,2951.27,806571.26
1769137200,2951.27,2964.0,2950.51,2962.83,325256.43
1769140800,2962.83,2983.56,2961.5,2976.22,988869.79
1769144400,2976.22,2976.88,2962.1,2967.01,698641.39
1769148000,2967.0,2974.0,2936.13,2938.65,1922297.23
1769151600,2938.65,2949.84,2934.01,2946.63,975986.27
1769155200,2946.64,2949.75,2920.35,2926.22,1285275.3
1769158800,2926.23,2933.85,2913.0,2920.08,1261937.55
1769162400,2920.09,2933.45,2913.19,2929.79,751389.33
1769166000,2929.79,2945.84,2927.3,2939.36,836865.55
1769169600,2939.35,2939.36,2927.58,2933.76,549304.02
1769173200,2933.77,2943.2,2925.55,2929.5,779392.87
1769176800,2929.49,2940.81,2890.06,2914.49,3297896.68
1769180400,2914.5,2965.0,2897.58,2950.96,3521730.9
1769184000,2950.96,2978.74,2937.0,2966.59,2648227.05
1769187600,2966.59,3017.96,2958.34,2986.0,3255059.99
1769191200,2986.0,3006.98,2977.07,2986.92,1574275.66
1769194800,2986.92,2987.5,2944.63,2958.39,2202429.93
1769198400,2958.39,2962.94,2927.79,2939.2,1158780.79
1769202000,2939.2,2952.0,2936.99,2942.69,432860.27
1769205600,2942.68,2961.15,2942.0,2958.26,425952.92
1769209200,2958.27,2958.27,2949.37,2954.99,232258.39
1769212800,2954.99,2957.88,2948.1,2949.43,226694.38
1769216400,2949.44,2958.0,2948.51,2954.75,223213.5
1769220000,2954.74,2961.09,2952.82,2958.0,265327.11
1769223600,2958.0,2968.76,2955.49,2960.85,449496.67
1769227200,2960.84,2965.37,2957.56,2961.99,229368.28
1769230800,2962.0,2964.49,2955.25,2959.91,356203.86
1769234400,2959.92,2962.58,2957.21,2959.83,140912.29
1769238000,2959.83,2960.36,2952.5,2955.72,305765.73
1769241600,2955.71,2962.1,2953.87,2961.59,224163.36
1769245200,2961.59,2963.49,2958.59,2959.32,175562.84
1769248800,2959.32,2961.0,2957.24,2960.41,122923.86
1769252400,2960.41,2963.07,2958.53,2959.46,174852.21
1769256000,2959.46,2963.85,2957.59,2961.33,183182.77
1769259600,2961.33,2962.4,2946.18,2947.04,372035.49
1769263200,2947.05,2958.15,2941.58,2957.77,769237.86
1769266800,2957.76,2966.8,2953.83,2955.06,648387.28
1769270400,2955.06,2960.47,2950.11,2957.23,615486.34
1769274000,2957.22,2964.55,2956.28,2962.72,369766.31
1769277600,2962.72,2966.88,2960.09,2961.85,226377.71
1769281200,2961.85,2962.75,2951.0,2952.42,279960.8
1769284800,2952.42,2957.84,2952.18,2955.07,92294.04
1769288400,2955.06,2956.54,2947.18,2956.53,214773.09
1769292000,2956.54,2962.87,2956.53,2961.58,148457.1
1769295600,2961.58,2963.19,2951.2,2952.05,160442.42
1769299200,2952.06,2957.58,2951.0,2957.58,171630.55
1769302800,2957.57,2959.12,2948.5,2953.8,332455.8
1769306400,2953.81,2956.62,2951.59,2951.81,140656.57
1769310000,2951.81,2952.85,2935.02,2941.02,918213.0
1769313600,2941.02,2947.89,2938.64,2943.86,357089.58
1769317200,2943.85,2947.26,2940.36,2945.9,181968.4
1769320800,2945.9,2946.49,2933.26,2942.65,511798.22
1769324400,2942.66,2942.7,2937.0,2938.46,200136.05
1769328000,2938.46,2943.51,2918.68,2927.83,1018715.65
1769331600,2927.82,2938.1,2924.84,2934.34,609302.67
1769335200,2934.35,2947.53,2934.22,2944.0,503765.12
1769338800,2944.0,2945.17,2930.61,2936.25,465104.69
1769342400,2936.25,2943.78,2931.5,2941.32,428242.81
1769346000,2941.33,2944.23,2934.0,2940.36,351822.53
1769349600,2940.37,2941.45,2923.02,2931.0,756677.46
1769353200,2931.0,2934.8,2920.41,2925.69,438032.79
1769356800,2925.69,2926.43,2874.56,2895.5,4587920.22
1769360400,2895.5,2897.0,2877.06,2882.91,838070.85
1769364000,2882.9,2887.69,2825.02,2845.82,4674355.87
1769367600,2845.83,2851.99,2794.15,2810.76,3395965.18
1769371200,2810.77,2822.0,2784.0,2807.84,2001241.87
1769374800,2807.84,2823.99,2800.24,2817.0,1432718.5
1769378400,2817.0,2817.49,2788.0,2806.0,1110031.03
1769382000,2805.99,2820.2,2785.01,2815.79,1501721.03
1769385600,2815.78,2845.98,2811.13,2840.43,1841910.21
1769389200,2840.43,2897.69,2837.38,2881.38,2853378.3
1769392800,2881.39,2884.24,2861.86,2864.71,1351720.04
1769396400,2864.72,2871.5,2839.63,2849.59,1275667.78
1769400000,2849.58,2874.76,2848.5,2864.88,1158587.9
1769403600,2864.89,2872.0,2858.65,2868.45,511255.8
1769407200,2868.44,2890.74,2864.81,2889.81,1279633.96
1769410800,2889.81,2909.9,2884.0,2902.74,1783445.13
1769414400,2902.74,2934.45,2895.24,2910.66,2439278.23
1769418000,2910.67,2912.39,2878.0,2884.45,1667356.26
1769421600,2884.45,2900.64,2883.33,2894.8,736076.27
1769425200,2894.8,2899.96,2886.88,2891.0,476382.18
1769428800,2891.0,2915.84,2890.99,2901.54,1020915.08
1769432400,2901.55,2910.88,2895.58,2908.47,843817.43
1769436000,2908.47,2933.92,2872.01,2921.19,4707347.32
1769439600,2921.19,2950.0,2884.09,2897.99,4486277.78
1769443200,2897.99,2916.91,2890.04,2900.5,1846025.84
1769446800,2900.5,2915.81,2883.29,2908.6,1292984.48
1769450400,2908.6,2932.2,2907.0,2931.55,1346293.22
1769454000,2931.47,2935.43,2916.52,2922.01,693305.1
1769457600,2922.01,2928.0,2896.13,2900.11,704464.37
1769461200,2900.11,2944.99,2893.68,2927.77,1066156.04
1769464800,2927.77,2935.76,2918.64,2925.57,467100.12
1769468400,2925.56,2944.66,2916.59,2928.74,923469.44
1769472000,2928.75,2929.6,2916.0,2919.34,505178.78
1769475600,2919.34,2940.0,2911.0,2931.0,1043221.18
1769479200,2931.0,2947.98,2930.99,2943.79,730039.0
1769482800,2943.79,2947.67,2934.43,2939.4,660179.11
1769486400,2939.41,2956.68,2935.03,2939.5,993300.07
1769490000,2939.5,2941.38,2932.17,2938.3,478167.5
1769493600,2938.29,2941.65,2922.82,2927.87,567143.75
1769497200,2927.87,2936.54,2925.95,2927.51,523758.85
1769500800,2927.52,2931.6,2918.06,2922.01,597803.8
1769504400,2922.0,2922.01,2905.92,2906.76,940707.59
1769508000,2906.77,2914.25,2900.01,2902.29,601299.64
1769511600,2902.3,2921.56,2897.82,2916.04,790682.77
1769515200,2916.04,2927.26,2914.2,2916.8,655516.49
1769518800,2916.8,2918.25,2903.98,2911.18,705019.21
1769522400,2911.18,2943.0,2904.56,2917.46,2830026.76
1769526000,2917.46,2941.07,2910.6,2935.77,1691223.52
1769529600,2935.77,2998.0,2932.62,2989.5,4961084.62
1769533200,2989.49,2993.11,2916.51,2929.2,3993848.03
1769536800,2929.19,2988.89,2924.67,2976.85,2096705.11
1769540400,2976.86,2992.0,2964.19,2979.0,1382713.19
1769544000,2979.0,3026.48,2977.41,3019.53,2781586.94
1769547600,3019.54,3029.91,3003.6,3013.88,1276136.44
1769551200,3013.88,3022.33,3002.03,3017.43,688114.75
1769554800,3017.43,3033.67,3009.0,3024.54,1151102.65
1769558400,3024.55,3028.0,3013.7,3022.69,690284.72
1769562000,3022.7,3025.35,3004.85,3016.65,763120.13
1769565600,3016.66,3017.0,3003.89,3009.41,527176.34
1769569200,3009.41,3011.15,2995.34,3004.01,839613.37
1769572800,3004.01,3005.92,2990.94,2998.43,1018391.75
1769576400,2998.44,3007.86,2995.4,3003.17,605894.72
1769580000,3003.16,3017.11,3001.33,3012.88,963036.87
1769583600,3012.89,3014.0,3000.46,3003.78,451582.64
1769587200,3003.78,3005.74,2987.25,2989.67,844583.21
1769590800,2989.68,3016.79,2986.0,3016.49,1264130.24
1769594400,3016.48,3039.0,3012.1,3024.52,1895148.76
1769598000,3024.52,3044.99,3012.05,3038.21,1526295.81
1769601600,3038.21,3039.36,3022.26,3029.85,1341999.79
1769605200,3029.85,3045.47,3027.78,3033.0,1128394.07
1769608800,3033.0,3033.6,3006.2,3011.61,2154142.92
1769612400,3011.62,3020.39,2981.33,3006.4,2818776.79
1769616000,3006.4,3017.26,2994.57,2998.49,1179887.91
1769619600,2998.49,3031.0,2987.46,3013.41,1545855.27
1769623200,3013.41,3023.7,2998.52,3014.14,1340357.91
1769626800,3014.14,3023.63,2995.0,3015.34,2104037.87
1769630400,3015.33,3037.0,3006.8,3010.91,1325424.35
1769634000,3010.9,3022.82,2995.01,3020.34,790823.26
1769637600,3020.34,3025.97,3007.08,3017.3,337940.65
1769641200,3017.3,3021.68,3006.81,3009.49,347013.67
1769644800,3009.48,3012.2,2995.12,3007.88,682872.97
1769648400,3007.88,3010.0,2985.05,2991.36,994110.87
1769652000,2991.35,2997.85,2942.0,2957.94,3076370.07
1769655600,2957.95,2971.0,2945.34,2951.0,1668373.18
1769659200,2950.99,2959.23,2935.8,2957.82,1113903.1
1769662800,2957.82,2964.29,2946.24,2949.76,672517.36
1769666400,2949.76,2958.1,2948.44,2954.64,435397.39
1769670000,2954.65,2963.43,2954.05,2960.3,526551.99
1769673600,2960.3,2968.81,2941.63,2951.27,1498033.45
1769677200,2951.26,2954.0,2940.0,2941.04,660841.3
1769680800,2941.04,2948.18,2940.0,2943.69,414801.07
1769684400,2943.68,2944.5,2917.79,2928.25,2042697.51
1769688000,2928.24,2937.59,2924.08,2935.18,605772.82
1769691600,2935.18,2938.5,2930.27,2934.83,386076.2
1769695200,2934.84,2935.8,2874.15,2874.81,3580369.98
1769698800,2874.82,2876.53,2794.18,2822.7,9436147.57
1769702400,2822.71,2835.45,2800.23,2833.61,2771494.53
1769706000,2833.61,2858.83,2817.23,2822.86,2963285.62
1769709600,2822.87,2833.0,2752.48,2762.57,5651983.34
1769713200,2762.56,2810.61,2756.09,2796.13,2464913.34
1769716800,2796.13,2811.59,2787.21,2804.64,1164105.27
1769720400,2804.64,2824.0,2804.15,2818.61,721505.37
1769724000,2818.62,2823.84,2807.94,2818.96,333926.92
1769727600,2818.95,2827.25,2811.3,2820.95,527330.44
1769731200,2820.94,2827.66,2800.95,2803.37,1157058.83
1769734800,2803.37,2812.0,2670.0,2745.42,6562325.1
1769738400,2745.41,2749.67,2697.37,2735.21,3497691.33
1769742000,2735.2,2746.69,2730.7,2739.43,1090820.33
1769745600,2739.44,2774.0,2736.43,2751.66,1567751.57
1769749200,2751.66,2759.33,2745.01,2745.85,649504.25
1769752800,2745.84,2747.36,2694.03,2717.01,2820588.18
1769756400,2717.0,2749.82,2716.67,2738.7,2031939.29
1769760000,2738.71,2747.77,2720.56,2736.31,1208197.76
1769763600,2736.32,2742.94,2708.3,2720.81,1374430.76
1769767200,2720.8,2735.79,2709.29,2734.75,1111030.46
1769770800,2734.75,2767.92,2733.17,2758.29,1703847.59
1769774400,2758.29,2765.71,2735.55,2739.27,1310791.98
1769778000,2739.27,2750.89,2717.4,2728.63,1731530.43
1769781600,2728.64,2763.46,2722.28,2736.31,3022003.23
1769785200,2736.31,2751.72,2691.58,2727.54,4476342.7
1769788800,2727.53,2742.8,2703.92,2725.11,2479469.24
1769792400,2725.11,2739.64,2705.0,2711.34,2092060.41
1769796000,2711.33,2749.61,2633.66,2739.2,7195670.1
1769799600,2739.19,2759.9,2733.05,2740.99,2390235.32
1769803200,2740.99,2741.44,2662.81,2678.76,4200994.58
1769806800,2678.75,2714.54,2675.57,2703.3,1382155.61
1769810400,2703.31,2708.33,2691.01,2708.24,416715.81
1769814000,2708.25,2710.62,2692.35,2705.47,465239.36
1769817600,2705.48,2713.61,2701.09,2704.85,474788.95
1769821200,2704.84,2712.9,2697.35,2698.49,491973.85
1769824800,2698.49,2707.86,2682.79,2700.18,883271.95
1769828400,2700.17,2705.3,2693.25,2694.27,397219.22
1769832000,2694.27,2703.83,2691.77,2694.59,412554.97
1769835600,2694.6,2702.21,2689.55,2696.96,516528.53
1769839200,2696.96,2699.8,2682.33,2691.84,764804.5
1769842800,2691.84,2693.0,2666.18,2678.99,1205172.72
1769846400,2678.98,2682.44,2606.74,2642.59,5531829.91
1769850000,2642.59,2658.95,2632.0,2646.97,1597657.42
1769853600,2646.97,2654.06,2634.55,2650.18,822417.96
1769857200,2650.17,2650.18,2632.84,2639.11,767996.99
1769860800,2639.1,2643.38,2626.0,2631.91,1470090.97
1769864400,2631.91,2636.14,2616.0,2627.53,1574405.23
1769868000,2627.52,2634.99,2495.28,2536.96,10862019.85
1769871600,2536.95,2554.63,2523.74,2532.6,2966265.94
1769875200,2532.61,2550.47,2465.66,2481.09,7194949.6
1769878800,2481.09,2493.79,2355.64,2401.38,12175802.43
1769882400,2401.37,2415.77,2237.0,2378.69,12264470.29
1769886000,2378.69,2432.42,2370.03,2381.49,5785000.54
1769889600,2381.5,2407.33,2352.0,2381.0,2896048.76
1769893200,2381.0,2423.46,2371.09,2417.95,2326609.46
1769896800,2417.94,2423.86,2404.29,2417.71,946016.96
1769900400,2417.71,2472.83,2415.27,2450.74,2774889.2
1769904000,2450.73,2474.95,2444.55,2450.6,1493742.01
1769907600,2450.6,2454.49,2427.53,2443.34,1538707.46
1769911200,2443.34,2460.69,2439.0,2451.18,969042.01
1769914800,2451.18,2455.48,2436.01,2444.24,670225.37
1769918400,2444.24,2453.54,2440.09,2447.01,694595.86
1769922000,2447.01,2448.75,2422.07,2429.5,1451635.71
1769925600,2429.49,2438.92,2406.11,2417.1,1383127.36
1769929200,2417.09,2440.0,2391.64,2410.31,2725579.51
1769932800,2410.31,2428.29,2395.0,2412.08,2254167.53
1769936400,2412.08,2436.72,2405.41,2431.27,1145260.24
1769940000,2431.28,2438.0,2374.55,2379.67,2960115.24
1769943600,2379.67,2422.46,2379.66,2410.89,1906583.27
1769947200,2410.89,2411.59,2381.0,2394.76,1518679.77
1769950800,2394.75,2409.44,2367.36,2379.97,1562457.63
1769954400,2379.97,2388.81,2325.01,2371.57,5273346.24
1769958000,2371.58,2371.95,2285.15,2314.74,6773074.61
1769961600,2314.73,2333.0,2282.38,2303.14,4360462.29
1769965200,2303.14,2320.83,2295.61,2313.24,1980403.44
1769968800,2313.25,2377.86,2312.17,2350.14,3445276.09
1769972400,2350.14,2357.66,2305.51,2319.67,1842971.87
1769976000,2319.66,2349.0,2297.58,2315.41,1960434.49
1769979600,2315.4,2318.95,2275.88,2289.67,1902435.16
1769983200,2289.68,2334.17,2286.03,2318.2,1681799.39
1769986800,2318.2,2320.32,2218.0,2269.4,6381016.16
1769990400,2269.39,2323.34,2241.14,2291.75,2962261.02
1769994000,2291.76,2318.18,2248.53,2289.68,3099763.09
1769997600,2289.68,2299.54,2258.01,2261.09,2077664.93
1770001200,2261.09,2266.6,2162.32,2237.65,10036984.43
1770004800,2237.66,2267.93,2206.0,2239.52,3864943.86
1770008400,2239.52,2242.07,2182.04,2197.26,4645754.75
1770012000,2197.26,2240.71,2155.0,2226.08,7188748.76
1770015600,2226.08,2253.0,2214.78,2227.3,3242208.78
1770019200,2227.3,2259.0,2227.3,2248.18,2257205.28
1770022800,2248.18,2318.64,2236.0,2289.99,5349291.71
1770026400,2290.0,2298.57,2271.49,2276.64,2153064.37
1770030000,2276.64,2297.28,2272.01,2281.42,2040737.58
1770033600,2281.43,2317.72,2280.9,2310.19,2613163.14
1770037200,2310.19,2334.97,2300.8,2326.39,2643785.36
1770040800,2326.39,2366.91,2296.37,2327.31,6870848.27
1770044400,2327.32,2395.92,2318.04,2371.07,5986657.81
1770048000,2371.07,2385.88,2345.09,2357.07,2921603.63
1770051600,2357.06,2379.91,2343.11,2354.85,2387205.52
1770055200,2354.84,2358.75,2331.07,2342.92,1857756.5
1770058800,2342.92,2348.8,2325.78,2329.41,1444204.51
1770062400,2329.41,2339.47,2310.7,2320.32,1572577.73
1770066000,2320.34,2343.89,2317.0,2340.96,921755.83
1770069600,2340.97,2353.85,2334.42,2350.0,619905.84
1770073200,2350.0,2354.88,2338.0,2345.65,819205.07
1770076800,2345.65,2354.65,2323.45,2352.65,1203372.4
1770080400,2352.65,2358.96,2336.38,2353.31,852004.86
1770084000,2353.32,2353.67,2295.25,2297.29,2443823.31
1770087600,2297.3,2344.5,2281.0,2342.45,3409280.37
1770091200,2342.46,2354.28,2331.47,2344.54,1605981.79
1770094800,2344.55,2344.87,2313.0,2315.23,1494263.72
1770098400,2315.24,2327.91,2297.0,2319.26,1971847.96
1770102000,2319.25,2332.84,2311.57,2322.08,1389451.52
1770105600,2322.09,2332.06,2306.95,2314.68,1556779.01
1770109200,2314.67,2317.93,2260.09,2290.82,4268431.31
1770112800,2290.81,2298.91,2274.33,2280.43,1357542.95
1770116400,2280.43,2288.4,2269.06,2275.57,1526797.88
1770120000,2275.56,2304.75,2271.0,2300.0,1888481.98
1770123600,2300.0,2316.51,2294.47,2310.88,1524912.77
1770127200,2310.88,2315.99,2253.22,2255.89,4872091.95
1770130800,2255.9,2313.84,2250.07,2302.14,6362259.79
1770134400,2302.14,2302.72,2233.59,2240.0,5804397.2
1770138000,2240.0,2244.23,2192.01,2194.74,5717653.68
1770141600,2194.74,2207.81,2106.73,2119.26,11310762.6
1770145200,2119.25,2218.0,2110.08,2204.18,8291367.8
1770148800,2204.18,2344.0,2186.53,2298.37,7406844.15
1770152400,2298.38,2338.29,2275.0,2282.68,2854133.05
1770156000,2282.67,2285.29,2228.0,2235.17,2413308.99
1770159600,2235.15,2247.97,2210.03,2232.41,2794980.09
1770163200,2232.42,2256.49,2222.22,2239.85,1453030.02
1770166800,2239.85,2280.94,2239.85,2267.16,2007680.07
1770170400,2267.15,2275.84,2240.43,2250.55,1730338.79
1770174000,2250.54,2295.12,2247.45,2282.24,2327681.22
1770177600,2282.25,2289.0,2269.02,2272.53,888015.3
1770181200,2272.54,2279.48,2253.95,2264.36,1126205.38
1770184800,2264.35,2284.0,2257.03,2276.46,1282536.51
1770188400,2276.47,2292.2,2262.41,2282.85,1832679.28
1770192000,2282.84,2285.43,2265.6,2278.71,1158578.7
1770195600,2278.71,2279.03,2250.0,2259.99,1658657.89
1770199200,2260.0,2263.59,2249.03,2259.8,932623.94
1770202800,2259.8,2267.74,2225.84,2253.71,3769230.0
1770206400,2253.72,2262.09,2230.43,2243.0,1668856.43
1770210000,2243.0,2245.45,2195.77,2197.4,3405747.08
1770213600,2197.39,2226.0,2166.55,2170.79,6524488.69
1770217200,2170.79,2196.48,2135.08,2150.65,7796409.03
1770220800,2150.64,2159.96,2104.28,2134.12,7624701.96
1770224400,2134.12,2154.82,2092.0,2125.49,6654693.71
1770228000,2125.48,2185.8,2073.83,2147.35,9642770.79
1770231600,2147.35,2196.69,2130.85,2187.65,3428772.61
1770235200,2187.65,2192.0,2160.71,2170.98,1802588.54
1770238800,2170.98,2180.0,2106.84,2128.47,2716747.58
1770242400,2128.46,2169.31,2085.81,2119.25,3073984.98
1770246000,2119.26,2165.29,2114.06,2146.9,1575596.4
1770249600,2146.89,2163.3,2135.58,2148.91,1381535.69
1770253200,2148.92,2173.66,2122.06,2147.63,2859368.71
1770256800,2147.63,2162.7,2111.01,2123.42,3721640.52
1770260400,2123.41,2136.45,2097.21,2109.39,3589715.11
1770264000,2109.4,2124.81,2076.7,2103.02,4837716.24
1770267600,2103.01,2123.79,2076.36,2100.78,4566968.26
1770271200,2100.78,2106.96,2066.5,2086.59,3755838.54
1770274800,2086.58,2123.0,2084.66,2090.47,3239212.98
1770278400,2090.48,2120.0,2090.47,2110.68,2017877.86
1770282000,2110.68,2149.46,2109.74,2132.43,2848451.09
1770285600,2132.42,2139.64,2085.22,2096.86,2897967.16
1770289200,2096.86,2104.58,2060.0,2078.87,5618703.93
1770292800,2078.88,2093.33,2041.15,2062.95,6253467.43
1770296400,2062.95,2080.0,2048.15,2058.09,3299391.54
1770300000,2058.08,2106.62,2041.27,2045.55,6999142.07
1770303600,2045.55,2053.77,1925.35,1959.5,18271557.61
1770307200,1959.51,2017.39,1942.67,1997.39,7652696.73
1770310800,1997.39,2000.31,1941.47,1953.77,6529908.41
1770314400,1953.76,1968.0,1911.62,1948.89,6110919.72
1770318000,1948.89,1952.16,1916.27,1927.7,2778877.3
1770321600,1927.71,1941.86,1823.1,1869.53,11293067.05
1770325200,1869.45,1912.37,1838.84,1849.44,6454167.99
1770328800,1849.44,1889.66,1815.01,1869.74,3988367.89
1770332400,1869.73,1907.14,1819.12,1825.83,5079795.8
1770336000,1825.82,1892.89,1740.0,1869.82,14014528.67
1770339600,1869.81,1939.61,1868.92,1931.07,6027349.33
1770343200,1931.07,1947.6,1890.0,1906.67,4112686.55
1770346800,1906.67,1916.77,1878.39,1891.44,2796171.13
1770350400,1891.44,1917.54,1885.2,1907.94,1895668.69
1770354000,1907.94,1975.44,1905.52,1957.7,3616616.23
1770357600,1957.69,1966.59,1905.01,1907.98,3909231.71
1770361200,1907.98,1915.0,1885.95,1898.56,3468231.34
1770364800,1898.55,1906.68,1865.22,1874.4,3959003.73
1770368400,1874.41,1929.05,1871.0,1918.51,3508494.13
1770372000,1918.51,1936.3,1908.03,1926.03,2541406.94
1770375600,1926.04,1939.47,1918.66,1931.65,1853460.6
1770379200,1931.64,1931.64,1913.64,1920.22,1389376.85
1770382800,1920.22,1963.86,1918.3,1949.13,3554486.04
1770386400,1949.13,2003.3,1932.0,1977.97,6816815.38
1770390000,1977.97,1997.0,1960.0,1979.36,4438529.87
1770393600,1979.37,2047.23,1969.38,2035.07,7047496.88
1770397200,2035.06,2089.72,2025.69,2066.55,6001974.05
1770400800,2066.55,2069.67,2029.01,2044.14,4212665.3
1770404400,2044.15,2071.57,2032.38,2064.72,2391356.57
1770408000,2064.73,2093.49,2042.65,2052.93,2696039.51
1770411600,2052.92,2061.18,2040.95,2053.34,1070188.02
1770415200,2053.35,2085.0,2045.1,2073.88,1341885.18
1770418800,2073.87,2087.4,2048.08,2062.5,1869199.77
1770422400,2062.49,2063.51,2035.23,2042.91,1752172.37
1770426000,2042.91,2065.92,2032.0,2060.64,1476278.65
1770429600,2060.64,2064.4,2047.4,2058.01,1002286.9
1770433200,2058.01,2085.0,2057.1,2079.26,2248611.08
1770436800,2079.25,2118.53,2077.25,2086.01,4229028.6
1770440400,2086.0,2103.26,2076.47,2082.6,1658593.97
1770444000,2082.55,2092.7,2046.0,2046.65,2504354.58
1770447600,2046.64,2054.92,1993.55,2026.5,7108926.87
1770451200,2026.5,2031.86,2014.09,2018.44,2153147.12
1770454800,2018.45,2029.4,2003.62,2013.81,1791432.41
1770458400,2013.8,2019.24,1998.86,2009.87,1382764.45
1770462000,2009.86,2021.31,2005.7,2017.97,1033871.19
1770465600,2017.97,2075.8,2016.11,2040.64,5020939.82
1770469200,2040.65,2050.36,2027.24,2040.8,1581143.64
1770472800,2040.8,2049.3,2007.98,2019.54,2184990.33
1770476400,2019.54,2063.67,2013.33,2051.49,2549752.76
1770480000,2051.49,2130.0,2002.94,2049.01,21470402.09
1770483600,2049.0,2072.5,2031.0,2060.06,2095275.01
1770487200,2060.06,2109.28,2057.64,2096.15,2567815.42
1770490800,2096.14,2100.82,2082.54,2090.26,1005599.7
1770494400,2090.25,2117.95,2083.4,2104.1,1159934.99
1770498000,2104.11,2109.92,2096.11,2099.76,794873.52
1770501600,2099.75,2106.98,2086.21,2088.0,477923.81
1770505200,2087.99,2094.76,2072.0,2086.09,951870.52
1770508800,2086.1,2093.67,2075.49,2083.24,672513.71
1770512400,2083.24,2097.24,2080.88,2095.07,804092.19
1770516000,2095.08,2106.72,2081.3,2088.04,1107109.73
1770519600,2088.05,2092.73,2075.54,2077.92,969948.92
1770523200,2077.92,2089.0,2065.0,2086.61,1387932.39
1770526800,2086.61,2087.91,2077.25,2083.74,634685.57
1770530400,2083.74,2088.0,2075.87,2078.48,718129.94
1770534000,2078.48,2084.29,2067.5,2083.8,1126422.5
1770537600,2083.79,2125.25,2077.02,2115.04,2770931.53
1770541200,2115.04,2122.0,2093.62,2099.31,2339757.54
1770544800,2099.3,2113.56,2082.17,2094.88,1726373.97
1770548400,2094.88,2136.89,2093.0,2130.79,2744928.72
1770552000,2130.8,2144.89,2124.18,2130.08,2142983.53
1770555600,2130.07,2140.2,2116.81,2125.52,1894045.57
1770559200,2125.52,2128.5,2115.15,2127.79,956142.51
1770562800,2127.78,2130.0,2096.05,2107.47,2157989.26
1770566400,2107.48,2115.13,2071.39,2080.07,2369982.54
1770570000,2080.05,2099.32,2079.12,2091.18,1359449.04
1770573600,2091.19,2123.22,2089.76,2108.26,1594489.17
1770577200,2108.25,2129.39,2106.58,2125.97,731451.89
1770580800,2125.98,2126.34,2099.01,2103.65,720774.62
1770584400,2103.65,2114.3,2088.58,2092.89,791717.94
1770588000,2092.9,2112.52,2092.67,2107.61,591493.93
1770591600,2107.61,2151.45,2070.0,2088.97,4211322.13
1770595200,2088.97,2096.84,2075.3,2083.44,1517035.23
1770598800,2083.43,2100.7,2053.59,2070.13,2861103.0
1770602400,2070.13,2095.0,2064.81,2080.8,1367981.44
1770606000,2080.8,2102.57,2080.55,2099.14,1162562.33
1770609600,2099.15,2101.0,2085.3,2089.28,801085.56
1770613200,2089.29,2096.72,2082.55,2094.9,714694.32
1770616800,2094.9,2094.9,2071.57,2080.92,1126000.62
1770620400,2080.92,2087.35,2063.01,2064.93,1295943.0
1770624000,2064.92,2069.96,2033.59,2049.13,3179201.29
1770627600,2049.13,2057.0,2033.02,2041.49,1565648.05
1770631200,2041.5,2046.78,2012.27,2022.03,3325005.38
1770634800,2022.05,2036.34,2020.0,2027.76,1581529.42
1770638400,2027.76,2038.58,2026.55,2034.83,1216737.64
1770642000,2034.83,2049.99,2021.44,2021.76,1919880.8
1770645600,2021.75,2049.0,2007.59,2042.3,4374118.7
1770649200,2042.3,2072.59,2031.48,2060.31,4738526.38
1770652800,2060.31,2108.98,2046.24,2090.37,4081566.15
1770656400,2090.36,2138.0,2076.97,2126.63,4219522.13
1770660000,2126.63,2143.0,2108.53,2129.99,2460767.86
1770663600,2130.0,2137.71,2117.64,2130.22,1323427.47
1770667200,2130.24,2149.57,2117.27,2123.69,2062961.19
1770670800,2123.69,2129.46,2086.85,2121.07,1801472.22
1770674400,2121.07,2125.77,2110.04,2114.2,663895.68
1770678000,2114.2,2121.67,2100.18,2104.2,655434.14
1770681600,2104.21,2111.92,2095.26,2095.76,750923.7
1770685200,2095.77,2124.67,2095.25,2116.38,1218385.76
1770688800,2116.38,2121.24,2101.44,2107.3,670795.57
1770692400,2107.31,2110.06,2051.07,2064.3,3247340.04
1770696000,2064.29,2074.14,2062.0,2069.99,1100541.29
1770699600,2070.0,2071.89,2043.79,2052.35,1716949.74
1770703200,2052.35,2057.47,1997.21,2008.99,4876948.07
1770706800,2008.98,2019.97,2000.0,2007.3,1961647.13
1770710400,2007.3,2017.4,1994.16,2014.21,2435100.26
1770714000,2014.22,2029.87,2009.45,2016.43,1712781.17
1770717600,2016.43,2021.8,2008.36,2013.3,737540.35
1770721200,2013.29,2021.85,2000.22,2002.29,1492751.83
1770724800,2002.3,2016.81,2001.34,2007.23,1148431.48
1770728400,2007.23,2028.04,1995.7,2021.45,2267016.27
1770732000,2021.46,2040.12,1985.47,2008.45,5519087.11
1770735600,2008.45,2029.29,2002.57,2021.63,3260771.91
1770739200,2021.63,2037.66,2011.15,2025.19,1934843.57
1770742800,2025.19,2046.66,2018.58,2039.38,1488252.83
1770746400,2039.38,2041.74,1994.01,2008.34,2487592.75
1770750000,2008.33,2025.22,2001.99,2017.18,1006061.52
1770753600,2017.19,2020.66,2003.25,2010.81,691374.13
1770757200,2010.8,2017.3,1995.58,2007.86,788298.88
1770760800,2007.86,2019.56,2006.34,2016.71,389454.53
1770764400,2016.71,2021.99,2011.59,2021.85,439065.34
1770768000,2021.84,2028.89,2018.08,2024.43,625940.92
1770771600,2024.44,2030.4,2015.55,2023.73,704044.96
1770775200,2023.73,2031.6,2013.08,2016.91,921969.34
1770778800,2016.9,2020.65,1996.2,2008.65,1725683.39
1770782400,2008.64,2010.4,1961.42,1970.87,4206699.33
1770786000,1970.86,1980.97,1970.62,1973.61,1128866.4
1770789600,1973.6,1976.77,1937.16,1947.99,4621604.88
1770793200,1947.99,1957.77,1944.21,1949.98,1489658.46
1770796800,1949.97,1953.24,1934.29,1949.22,2121229.06
1770800400,1949.22,1953.65,1942.01,1945.8,867471.98
1770804000,1945.79,1945.9,1930.15,1938.3,1679349.36
1770807600,1938.3,1956.0,1936.13,1952.31,1407445.58
1770811200,1952.3,1966.63,1947.54,1951.2,1932445.55
1770814800,1951.19,1968.8,1940.86,1959.42,3089483.56
1770818400,1959.42,2015.15,1936.24,1942.3,8838700.75
1770822000,1942.29,1949.35,1901.33,1928.06,6882117.38
1770825600,1928.06,1955.51,1909.05,1914.49,4023030.07
1770829200,1914.48,1942.15,1908.01,1928.88,2522463.6
1770832800,1928.88,1947.86,1914.61,1943.26,1859322.44
1770836400,1943.27,1958.78,1936.0,1951.29,1773245.8
1770840000,1951.29,1957.93,1939.19,1953.35,1101990.63
1770843600,1953.34,1987.26,1949.48,1969.37,1809844.36
1770847200,1969.37,1972.31,1944.17,1950.3,942496.81
1770850800,1950.31,1956.0,1930.0,1940.25,1297863.47
1770854400,1940.26,1962.62,1940.26,1957.68,954191.99
1770858000,1957.68,1977.1,1957.68,1964.54,1385652.69
1770861600,1964.54,1970.95,1953.79,1957.97,1281222.16
1770865200,1957.97,1968.37,1955.8,1967.68,650767.92
1770868800,1967.68,1974.74,1959.26,1964.78,1293533.86
1770872400,1964.79,1971.2,1952.13,1969.71,1315402.43
1770876000,1969.71,1982.5,1964.71,1974.29,1350106.78
1770879600,1974.28,1977.71,1965.3,1967.2,838861.29
1770883200,1967.2,1973.5,1956.34,1964.96,1224459.98
1770886800,1964.96,1989.4,1962.4,1981.34,1895410.06
1770890400,1981.35,1994.99,1976.39,1993.22,1785872.49
1770894000,1993.22,2001.28,1982.95,1987.96,1658691.63
1770897600,1987.94,1989.99,1973.65,1980.0,1376494.79
1770901200,1979.99,1995.91,1974.59,1994.25,1485683.88
1770904800,1994.26,1995.35,1972.03,1977.59,2420323.68
1770908400,1977.59,1984.0,1944.03,1947.59,4863493.77
1770912000,1947.6,1949.18,1895.34,1908.2,7267616.6
1770915600,1908.2,1926.99,1901.33,1909.43,2470443.61
1770919200,1909.43,1924.44,1900.52,1917.76,2005614.64
1770922800,1917.76,1940.96,1910.32,1924.59,1656255.95
1770926400,1924.59,1931.36,1908.08,1914.99,892263.38
1770930000,1914.98,1927.0,1913.33,1922.76,515230.26
1770933600,1922.76,1945.0,1919.38,1942.01,694321.71
1770937200,1942.0,1952.25,1938.06,1946.96,1036174.21
1770940800,1946.96,1953.86,1926.19,1932.34,1281432.03
1770944400,1932.34,1949.6,1932.34,1942.94,992337.44
1770948000,1942.93,1951.89,1939.81,1947.31,821977.62
1770951600,1947.31,1957.86,1943.16,1952.73,1005705.85
1770955200,1952.73,1954.91,1942.61,1943.89,956300.23
1770958800,1943.9,1946.18,1932.25,1933.28,1176059.65
1770962400,1933.29,1938.7,1923.64,1935.81,1484218.51
1770966000,1935.81,1947.95,1932.0,1935.03,1337522.05
1770969600,1935.04,1963.95,1933.01,1958.22,1653704.98
1770973200,1958.22,1966.81,1952.01,1961.1,1258039.82
1770976800,1961.11,1969.65,1955.58,1958.43,1438829.77
1770980400,1958.43,1961.5,1943.0,1959.36,1470770.45
1770984000,1959.37,1964.42,1951.68,1959.93,847242.58
1770987600,1959.93,1981.06,1955.0,1969.69,3057564.51
1770991200,1969.69,2002.1,1962.07,1990.16,5289847.91
1770994800,1990.17,2049.93,1986.14,2033.86,7870815.33
1770998400,2033.85,2072.54,2030.15,2060.58,4843148.31
1771002000,2060.59,2067.35,2048.12,2058.2,1849396.1
1771005600,2058.2,2063.74,2049.38,2056.4,1241946.33
1771009200,2056.4,2060.79,2050.69,2056.79,972856.09
1771012800,2056.8,2058.88,2038.21,2044.67,942521.46
1771016400,2044.68,2057.96,2044.08,2052.92,511494.9
1771020000,2052.92,2058.86,2044.0,2053.49,495669.95
1771023600,2053.49,2053.49,2045.62,2047.82,356424.67
1771027200,2047.81,2055.08,2041.05,2054.14,587843.99
1771030800,2054.14,2056.87,2049.5,2053.33,386830.45
1771034400,2053.33,2053.62,2047.08,2049.35,382062.48
1771038000,2049.35,2055.28,2047.46,2053.52,345665.72
1771041600,2053.53,2057.5,2051.62,2052.5,494792.75
1771045200,2052.5,2055.37,2049.7,2050.01,386327.48
1771048800,2050.01,2053.59,2047.15,2052.52,410715.66
1771052400,2052.52,2059.73,2049.55,2056.01,548375.74
1771056000,2056.01,2091.83,2056.0,2081.19,2973670.52
1771059600,2081.2,2087.8,2074.44,2077.34,1099594.16
1771063200,2077.34,2077.35,2071.34,2076.3,533976.15
1771066800,2076.31,2107.55,2076.3,2098.2,2769760.8
1771070400,2098.19,2099.1,2066.6,2070.28,2572215.0
1771074000,2070.29,2075.59,2063.19,2070.91,1508229.93
1771077600,2070.9,2088.57,2068.23,2084.32,1292497.76
1771081200,2084.33,2093.89,2079.05,2086.4,1209919.76
1771084800,2086.4,2087.18,2066.71,2081.97,1791879.96
1771088400,2081.97,2088.6,2076.29,2079.49,843872.03
1771092000,2079.49,2085.95,2078.0,2084.75,473590.81
1771095600,2084.76,2090.11,2077.16,2087.67,536184.78
1771099200,2087.66,2092.43,2079.69,2088.86,481165.95
1771102800,2088.86,2098.87,2077.31,2084.99,979564.23
1771106400,2084.99,2094.37,2082.2,2089.52,532332.68
1771110000,2089.52,2092.58,2082.22,2085.65,388571.33
1771113600,2085.65,2089.64,2071.04,2079.26,853459.32
1771117200,2079.25,2084.33,2052.49,2063.01,2177689.39
1771120800,2063.01,2071.65,2043.49,2058.51,1769210.05
1771124400,2058.52,2062.49,2035.12,2058.4,2740794.38
1771128000,2058.4,2086.78,2058.4,2075.68,2551295.6
1771131600,2075.68,2096.05,2074.1,2087.74,1281804.45
1771135200,2087.74,2094.3,2081.05,2085.03,805969.0
1771138800,2085.04,2102.8,2081.62,2090.92,1442982.05
1771142400,2090.92,2096.52,2053.95,2068.25,2333200.05
1771146000,2068.25,2078.6,2065.03,2067.72,933869.19
1771149600,2067.72,2069.33,2053.06,2060.84,1200848.52
1771153200,2060.83,2066.27,2057.16,2061.29,499327.02
1771156800,2061.29,2069.0,2009.13,2009.55,3471043.49
1771160400,2009.54,2027.0,1992.0,2001.53,4407427.2
1771164000,2001.54,2011.68,1990.62,2009.53,1798707.24
1771167600,2009.54,2014.6,2001.24,2010.41,1037026.18
1771171200,2010.42,2010.42,1991.32,2005.46,1477391.06
1771174800,2005.46,2008.5,1956.0,1970.18,3699507.11
1771178400,1970.19,1980.51,1951.0,1958.43,2753212.74
1771182000,1958.44,1961.07,1928.0,1941.03,3460822.94
1771185600,1941.03,1958.58,1933.01,1949.41,1311279.24
1771189200,1949.41,1967.3,1948.98,1957.32,941551.93
1771192800,1957.32,1975.25,1955.48,1969.64,933383.76
1771196400,1969.63,1969.99,1942.44,1965.39,1406992.05
1771200000,1965.39,1978.51,1962.29,1968.43,1120929.68
1771203600,1968.43,1980.54,1955.59,1962.04,1122098.25
1771207200,1962.04,1966.06,1951.29,1956.14,867959.35
1771210800,1956.15,1958.92,1946.01,1957.83,885531.77
1771214400,1957.84,1972.54,1957.51,1972.01,1010242.55
1771218000,1972.01,1973.42,1951.3,1957.01,945656.73
1771221600,1957.0,1967.2,1955.0,1966.17,573428.0
1771225200,1966.17,1977.77,1963.53,1970.34,1398706.11
1771228800,1970.34,1977.7,1968.91,1976.17,722403.37
1771232400,1976.17,1993.77,1975.12,1986.55,1915271.45
1771236000,1986.54,1987.99,1976.39,1977.81,735187.05
1771239600,1977.82,1983.5,1955.78,1975.37,2177175.6
1771243200,1975.38,2009.33,1971.71,2005.5,2672965.96
1771246800,2005.5,2024.0,1960.01,1966.9,5642743.02
1771250400,1966.91,1982.7,1953.31,1972.09,2222901.54
1771254000,1972.08,1985.74,1935.87,1955.8,3769271.4
1771257600,1955.8,1979.54,1955.1,1972.69,2060061.5
1771261200,1972.68,1987.52,1963.1,1977.9,1654367.68
1771264800,1977.91,1985.52,1966.29,1968.08,803328.48
1771268400,1968.08,1979.0,1965.03,1973.29,457483.69
1771272000,1973.29,1994.6,1970.04,1992.15,889361.31
1771275600,1992.16,2003.55,1984.96,1997.95,806135.56
1771279200,1997.95,2001.81,1983.48,1988.96,815672.98
1771282800,1988.95,2002.52,1987.62,1997.28,649105.25
1771286400,1997.28,2005.59,1992.42,1997.47,672518.06
1771290000,1997.47,2007.78,1989.41,1990.4,981333.17
1771293600,1990.39,2008.8,1978.03,1997.65,1735699.03
1771297200,1997.65,1998.34,1983.63,1985.01,803970.64
1771300800,1985.0,1998.23,1981.01,1988.54,833150.3
1771304400,1988.54,1990.34,1963.41,1974.71,1599270.98
1771308000,1974.7,1984.0,1974.45,1979.82,665184.67
1771311600,1979.82,1987.25,1972.13,1984.66,763454.89
1771315200,1984.66,1989.99,1972.43,1975.71,946090.22
1771318800,1975.71,1979.0,1968.32,1974.99,759053.76
1771322400,1974.99,1976.84,1960.27,1965.99,992993.24
1771326000,1966.0,1972.15,1963.01,1967.68,762713.67
1771329600,1967.67,1977.0,1966.26,1968.98,813926.92
1771333200,1968.98,1999.59,1963.2,1989.59,2110234.22
1771336800,1989.59,2002.0,1942.68,1947.65,5118961.14
1771340400,1947.66,1969.2,1940.01,1967.53,3415982.63
1771344000,1967.53,2009.81,1966.3,1979.39,4222163.55
1771347600,1979.39,1983.69,1952.47,1965.05,2702301.77
1771351200,1965.04,2007.36,1960.39,1997.95,2415695.44
1771354800,1997.95,2014.99,1993.69,1997.35,1721889.29
1771358400,1997.36,2000.85,1985.63,1993.85,1090504.19
1771362000,1993.86,2002.22,1991.0,1998.89,454354.35
1771365600,1998.89,2003.65,1990.0,1993.0,429661.59
1771369200,1993.0,1997.51,1988.65,1990.91,498282.93
1771372800,1990.91,1997.2,1979.4,1980.55,1001382.81
1771376400,1980.54,1983.29,1967.0,1977.06,1376616.98
1771380000,1977.06,1991.9,1976.4,1986.5,893373.34
1771383600,1986.5,1999.55,1985.51,1995.61,791666.99
1771387200,1995.62,2001.7,1991.83,1998.18,713118.0
1771390800,1998.17,2001.99,1994.62,1995.12,511854.28
1771394400,1995.12,2007.62,1994.32,2000.99,804685.06
1771398000,2001.0,2023.0,1995.26,2017.0,1980212.61
1771401600,2017.0,2038.33,2015.73,2019.6,2327992.93
1771405200,2019.59,2022.0,2014.08,2015.58,663160.99
1771408800,2015.59,2017.12,1994.06,1996.28,1686532.25
1771412400,1996.28,1997.5,1975.6,1980.2,2308218.62
1771416000,1980.2,1988.52,1970.26,1981.41,1602886.97
1771419600,1981.41,1991.66,1960.01,1969.71,2342751.22
1771423200,1969.7,1975.99,1953.0,1973.73,3165999.36
1771426800,1973.73,2009.46,1972.5,1984.46,4097696.15
1771430400,1984.45,1984.88,1963.82,1970.8,2686227.07
1771434000,1970.8,1987.5,1969.91,1973.34,1113107.58
1771437600,1973.34,1976.78,1946.0,1951.36,2959718.43
1771441200,1951.36,1960.84,1921.81,1940.16,3200768.55
1771444800,1940.14,1951.7,1934.19,1938.48,1130224.75
1771448400,1938.49,1947.43,1934.7,1940.83,533650.03
1771452000,1940.83,1949.27,1938.53,1947.5,308848.47
1771455600,1947.49,1955.84,1943.33,1955.07,594090.76
1771459200,1955.07,1960.35,1949.27,1955.52,484069.09
1771462800,1955.51,1973.65,1955.31,1966.0,1126744.23
1771466400,1966.01,1972.0,1961.54,1967.03,720710.96
1771470000,1967.03,1972.61,1962.01,1971.42,593673.43
1771473600,1971.42,1979.7,1967.5,1968.24,1016360.74
1771477200,1968.24,1971.74,1963.0,1969.34,711835.8
1771480800,1969.34,1984.33,1968.98,1981.95,973709.74
1771484400,1981.94,1986.5,1977.59,1980.71,934065.13
1771488000,1980.7,1981.62,1965.21,1969.74,1272099.85
1771491600,1969.75,1979.72,1960.58,1963.14,1095778.49
1771495200,1963.14,1967.78,1956.63,1958.84,1073151.98
1771498800,1958.84,1963.71,1946.57,1948.81,1163676.89
1771502400,1948.81,1955.38,1944.22,1946.79,1264193.95
1771506000,1946.79,1947.61,1909.74,1920.57,4709606.07
1771509600,1920.58,1947.77,1910.58,1936.09,3817690.72
1771513200,1936.1,1946.86,1911.41,1925.31,3969449.3
1771516800,1925.31,1929.0,1905.69,1921.17,2521065.65
1771520400,1921.17,1943.48,1909.18,1919.8,2470104.14
1771524000,1919.79,1943.8,1915.6,1938.76,1656628.52
1771527600,1938.76,1947.12,1926.26,1939.97,1081617.82
1771531200,1939.97,1951.95,1933.47,1949.02,846354.13
1771534800,1949.02,1951.98,1944.18,1947.62,471697.38
1771538400,1947.62,1947.78,1936.04,1943.2,418770.32
1771542000,1943.2,1950.58,1941.22,1948.0,426259.35
1771545600,1947.99,1963.79,1946.22,1956.28,1077596.82
1771549200,1956.29,1960.5,1948.7,1952.84,538339.17
1771552800,1952.85,1955.8,1946.69,1948.38,622957.55
1771556400,1948.39,1959.79,1948.38,1954.03,647222.3
1771560000,1954.04,1955.2,1928.72,1938.42,2118171.89
1771563600,1938.43,1965.41,1935.23,1954.35,1599520.82
1771567200,1954.36,1959.9,1947.69,1957.51,816395.76
1771570800,1957.52,1968.04,1955.83,1959.59,1057511.04
1771574400,1959.59,1965.91,1955.41,1958.74,835380.69
1771578000,1958.74,1970.99,1958.7,1966.67,1060080.52
1771581600,1966.68,1973.11,1955.24,1956.6,1023322.54
1771585200,1956.6,1956.64,1939.43,1943.0,1800384.96
1771588800,1943.0,1952.32,1941.35,1948.94,824778.09
1771592400,1948.95,1948.95,1921.7,1933.21,2793562.08
1771596000,1933.22,1953.79,1932.11,1942.85,2121163.23
1771599600,1942.84,1979.99,1933.57,1963.0,6052866.79
1771603200,1963.0,1973.09,1952.18,1967.66,2728631.18
1771606800,1967.66,1970.3,1938.02,1965.69,3043749.05
1771610400,1965.69,1980.96,1958.29,1974.61,2327945.92
1771614000,1974.61,1977.25,1960.6,1962.7,860720.51
1771617600,1962.7,1970.22,1960.6,1969.8,305200.85
1771621200,1969.8,1974.18,1965.74,1973.38,430086.27
1771624800,1973.38,1973.38,1963.24,1970.16,368149.41
1771628400,1970.16,1972.62,1962.3,1967.7,490249.66
1771632000,1967.7,1968.3,1960.15,1962.28,417938.33
1771635600,1962.29,1968.6,1962.0,1965.43,317814.9
1771639200,1965.43,1969.73,1963.74,1964.76,358023.53
1771642800,1964.76,1965.2,1954.62,1958.4,691283.91
1771646400,1958.4,1962.6,1955.15,1961.51,362630.08
1771650000,1961.5,1963.83,1960.3,1961.71,295070.79
1771653600,1961.7,1965.36,1959.4,1960.56,415882.01
1771657200,1960.56,1964.29,1959.12,1961.99,206346.11
1771660800,1962.0,1970.3,1961.22,1967.89,515562.74
1771664400,1967.89,1976.98,1966.03,1969.1,1177203.81
1771668000,1969.1,1974.0,1969.0,1973.2,440944.68
1771671600,1973.2,1987.99,1972.66,1976.06,1697423.37
1771675200,1976.05,1977.4,1967.75,1975.16,806158.99
1771678800,1975.16,1980.98,1971.66,1980.34,631713.66
1771682400,1980.34,1995.75,1977.68,1986.5,1996856.82
1771686000,1986.5,1992.6,1982.34,1987.04,775933.57
1771689600,1987.04,1989.52,1975.08,1985.51,1428190.56
1771693200,1985.5,1991.71,1983.09,1987.95,442673.14
1771696800,1987.94,1994.7,1986.62,1991.15,545112.2
1771700400,1991.16,1993.79,1986.7,1987.56,234290.22
1771704000,1987.57,1990.5,1970.36,1973.26,948334.66
1771707600,1973.27,1981.88,1966.76,1981.04,764495.95
1771711200,1981.04,1981.7,1971.2,1973.59,366026.94
1771714800,1973.59,1977.5,1970.21,1972.67,305858.46
1771718400,1972.67,1974.63,1966.2,1972.18,631409.39
1771722000,1972.19,1979.1,1971.69,1976.61,587553.52
1771725600,1976.6,1982.4,1971.0,1971.59,572982.86
1771729200,1971.6,1975.57,1966.01,1973.94,710073.74
1771732800,1973.94,1975.58,1970.18,1972.99,371899.64
1771736400,1972.99,1974.4,1970.08,1974.19,263728.38
1771740000,1974.2,1978.57,1973.4,1975.11,436300.01
1771743600,1975.11,1977.89,1973.4,1975.14,307269.0
1771747200,1975.15,1976.5,1969.19,1972.67,445700.97
1771750800,1972.67,1975.5,1970.85,1974.98,285838.99
1771754400,1974.98,1979.82,1973.91,1976.42,445804.25
1771758000,1976.42,1982.61,1976.42,1979.85,582644.48
1771761600,1979.85,1980.59,1960.3,1965.66,1995711.52
1771765200,1965.67,1968.0,1944.03,1950.28,2708491.17
1771768800,1950.28,1954.43,1942.29,1949.94,1418508.65
1771772400,1949.94,1957.97,1945.0,1952.89,1037164.28
1771776000,1952.89,1954.63,1946.56,1951.66,673216.57
1771779600,1951.7,1952.88,1932.5,1939.31,1744511.81
1771783200,1939.3,1943.39,1937.5,1941.98,373348.49
1771786800,1941.97,1945.0,1939.37,1942.99,285516.57
1771790400,1943.0,1945.0,1939.0,1940.01,220015.01
1771794000,1940.02,1951.39,1940.02,1949.38,399812.64
1771797600,1949.38,1960.62,1945.27,1957.12,723757.37
1771801200,1957.12,1960.0,1947.52,1956.92,622907.74
1771804800,1956.93,1957.56,1926.0,1928.39,1557148.58
1771808400,1928.39,1928.4,1845.02,1855.2,11354033.89
1771812000,1855.19,1867.82,1849.32,1861.91,2381041.65
1771815600,1861.91,1871.0,1854.67,1861.58,1411744.49
1771819200,1861.58,1863.66,1850.22,1858.68,1194454.07
1771822800,1858.68,1869.24,1858.43,1864.6,1450197.75
1771826400,1864.59,1881.98,1862.12,1877.81,1954174.91
1771830000,1877.8,1887.74,1875.42,1883.77,1467028.7
1771833600,1883.78,1888.88,1875.58,1879.14,1269625.49
1771837200,1879.14,1918.0,1879.13,1916.67,3322762.52
1771840800,1916.67,1927.29,1911.09,1912.87,2245961.15
1771844400,1912.88,1919.88,1910.18,1914.54,1054659.61
1771848000,1914.53,1925.97,1904.19,1919.29,1843010.33
1771851600,1919.28,1934.99,1917.7,1920.91,2165898.37
1771855200,1920.91,1924.61,1893.72,1906.09,3822148.39
1771858800,1906.1,1912.3,1891.82,1894.89,2220487.75
1771862400,1894.89,1899.62,1879.54,1884.13,2759286.96
1771866000,1884.14,1887.66,1836.1,1863.04,6069426.18
1771869600,1863.04,1873.62,1853.47,1856.76,1977716.95
1771873200,1856.77,1863.67,1845.12,1856.43,1380097.18
1771876800,1856.43,1861.9,1846.1,1859.92,1042571.81
1771880400,1859.92,1868.68,1857.42,1862.72,786363.35
1771884000,1862.73,1869.82,1858.81,1859.28,553381.84
1771887600,1859.27,1866.21,1850.0,1855.63,990240.22
1771891200,1855.62,1868.68,1854.62,1866.95,729762.12
1771894800,1866.95,1867.05,1810.41,1839.86,6063419.65
1771898400,1839.87,1853.87,1835.72,1842.5,1315977.63
1771902000,1842.49,1842.49,1821.35,1830.93,2615680.63
1771905600,1830.93,1833.0,1812.27,1829.86,2549354.05
1771909200,1829.86,1839.85,1813.09,1825.16,2317087.28
1771912800,1825.15,1830.72,1816.79,1820.07,1038155.22
1771916400,1820.07,1831.25,1814.24,1824.71,1512786.38
1771920000,1824.71,1835.74,1817.7,1830.51,1285864.16
1771923600,1830.51,1833.83,1814.06,1826.46,1662353.43
1771927200,1826.46,1828.99,1819.52,1824.83,804630.04
1771930800,1824.83,1826.43,1817.37,1825.71,815504.88
1771934400,1825.71,1830.0,1820.02,1823.04,884845.57
1771938000,1823.03,1826.6,1794.49,1814.78,4002383.5
1771941600,1814.78,1847.38,1802.0,1833.64,4768323.15
1771945200,1833.64,1849.0,1827.25,1846.16,3099176.53
1771948800,1846.16,1862.13,1836.79,1857.39,3846168.74
1771952400,1857.4,1864.49,1848.1,1854.18,1988261.37
1771956000,1854.18,1859.6,1843.39,1854.01,1073296.5
1771959600,1854.01,1861.77,1845.64,1851.4,811116.43
1771963200,1851.4,1861.49,1848.15,1857.51,525392.1
1771966800,1857.5,1857.5,1844.15,1852.9,751041.62
1771970400,1852.91,1863.89,1851.62,1859.66,705071.06
1771974000,1859.67,1859.67,1850.4,1851.12,570734.94
1771977600,1851.12,1855.55,1845.36,1850.75,667702.73
1771981200,1850.75,1923.99,1849.27,1917.23,7155035.19
1771984800,1917.24,1945.97,1917.01,1920.07,3130811.5
1771988400,1920.07,1922.0,1902.75,1905.62,1803049.58
1771992000,1905.62,1913.96,1893.91,1905.5,1766270.51
1771995600,1905.5,1907.77,1877.16,1886.92,2594847.58
1771999200,1886.92,1895.6,1883.6,1884.25,913989.77
1772002800,1884.24,1894.56,1881.25,1892.38,908025.68
1772006400,1892.37,1913.44,1889.26,1909.5,1998584.13
1772010000,1909.5,1917.58,1906.6,1914.19,1486324.82
1772013600,1914.19,1922.93,1909.18,1911.62,1179245.6
1772017200,1911.62,1928.0,1905.53,1925.4,1711082.16
1772020800,1925.39,1955.67,1921.19,1952.68,4088414.63
1772024400,1952.68,1976.3,1951.09,1963.62,4549701.21
1772028000,1963.63,2002.3,1961.29,1996.69,6366001.16
1772031600,1996.7,2028.64,1985.6,2013.04,7918025.46
1772035200,2013.03,2049.0,2012.5,2045.89,5404636.4
1772038800,2045.89,2087.95,2043.54,2073.34,7862930.5
1772042400,2073.34,2081.14,2056.0,2073.36,3678786.81
1772046000,2073.37,2074.3,2058.0,2070.44,1652291.88
1772049600,2070.44,2084.73,2057.27,2074.02,2014645.7
1772053200,2074.02,2155.08,2064.08,2100.21,6634103.66
1772056800,2100.21,2115.0,2072.0,2082.84,2536758.33
1772060400,2082.83,2086.92,2033.57,2057.06,3820378.99
1772064000,2057.06,2076.61,2046.67,2061.81,2218660.4
1772067600,2061.81,2066.99,2048.56,2058.01,1335081.65
1772071200,2058.01,2058.84,2039.0,2053.01,1628090.58
1772074800,2053.01,2059.51,2046.38,2054.0,900332.9
1772078400,2053.99,2083.0,2051.07,2074.54,2107744.51
1772082000,2074.54,2074.97,2056.0,2065.77,1574824.19
1772085600,2065.78,2076.0,2058.75,2062.24,1263611.6
1772089200,2062.24,2068.0,2051.11,2052.7,946899.27
1772092800,2052.71,2059.94,2044.24,2054.01,1819312.47
1772096400,2054.01,2076.84,2052.06,2074.37,1786277.85
1772100000,2074.36,2084.0,2061.56,2064.89,1657593.73
1772103600,2064.9,2067.26,2052.49,2056.86,975227.75
1772107200,2056.86,2071.74,2054.48,2069.25,1173806.93
1772110800,2069.25,2073.0,2060.0,2064.3,1252276.09
1772114400,2064.31,2077.7,2033.23,2050.32,5176646.19
1772118000,2050.32,2052.5,2010.49,2032.77,6107443.46
1772121600,2032.78,2037.09,1977.48,1982.99,6543788.7
1772125200,1982.99,1998.45,1981.0,1987.3,2693536.9
1772128800,1987.3,2008.91,1974.24,2003.09,2601252.24
1772132400,2003.09,2033.54,2002.41,2029.04,2754281.14
1772136000,2028.98,2040.92,2020.11,2022.52,1566786.16
1772139600,2022.51,2034.63,2016.16,2029.4,786564.8
1772143200,2029.4,2036.91,2026.1,2031.94,478210.56
1772146800,2031.93,2032.6,2023.02,2026.65,522025.05
1772150400,2026.64,2029.69,2007.01,2013.63,1082242.69
1772154000,2013.63,2021.8,1998.96,2021.0,2001632.54
1772157600,2020.99,2034.0,2018.0,2025.24,981000.51
1772161200,2025.24,2048.81,2018.01,2044.14,1546033.23
1772164800,2044.15,2063.26,2037.96,2041.75,2614432.04
1772168400,2041.74,2048.54,2037.59,2040.65,655984.17
1772172000,2040.66,2041.91,2027.28,2035.04,1137718.79
1772175600,2035.04,2040.59,2021.26,2031.47,1326416.08
1772179200,2031.47,2045.0,2027.2,2032.8,1582789.0
1772182800,2032.8,2041.81,2007.09,2009.0,2033626.15
1772186400,2009.0,2013.0,1977.77,1980.01,4083460.41
1772190000,1980.01,1983.19,1951.84,1961.16,4159500.11
1772193600,1961.17,1968.61,1948.06,1959.15,2386516.37
1772197200,1959.14,1966.99,1937.48,1962.19,3652293.97
1772200800,1962.19,1963.42,1939.03,1942.21,2823655.61
1772204400,1942.2,1958.18,1939.5,1947.32,2747241.48
1772208000,1947.32,1947.89,1923.27,1926.2,3920866.09
1772211600,1926.19,1933.93,1906.15,1931.18,4192914.74
1772215200,1931.17,1932.25,1914.1,1917.34,1397385.86
1772218800,1917.33,1922.75,1911.08,1920.22,899885.96
1772222400,1920.23,1926.25,1919.28,1922.37,759010.67
1772226000,1922.37,1932.69,1916.25,1920.62,815143.53
1772229600,1920.62,1926.6,1885.68,1920.28,2146707.71
1772233200,1920.28,1932.49,1918.69,1928.55,888480.72
1772236800,1928.55,1936.61,1923.02,1931.36,961828.1
1772240400,1931.36,1935.3,1917.9,1923.12,863746.1
1772244000,1923.12,1931.4,1921.26,1929.17,387962.07
1772247600,1929.18,1930.1,1918.84,1923.4,488987.16
1772251200,1923.4,1930.71,1913.32,1924.13,862970.34
1772254800,1924.12,1927.24,1913.29,1919.23,572582.76
1772258400,1919.22,1919.66,1833.21,1841.81,9536023.15
1772262000,1841.81,1883.7,1834.47,1865.45,5379601.27
1772265600,1865.45,1868.0,1847.46,1851.91,2397369.56
1772269200,1851.92,1863.0,1842.78,1854.01,1685701.93
1772272800,1854.0,1867.9,1847.86,1864.1,1596711.32
1772276400,1864.09,1879.88,1859.91,1862.57,2223963.61
1772280000,1862.58,1873.64,1861.06,1867.5,946896.43
1772283600,1867.5,1909.64,1863.88,1904.63,4420507.78
1772287200,1904.63,1915.22,1882.02,1887.0,4383839.3
1772290800,1887.01,1904.0,1872.15,1897.66,2899116.16
1772294400,1897.67,1909.51,1890.21,1902.85,1519528.26
1772298000,1902.85,1911.84,1882.62,1905.86,1846218.69
1772301600,1905.86,1946.36,1899.6,1934.92,3447349.18
1772305200,1934.91,1954.63,1919.0,1946.08,2475415.23
1772308800,1946.07,1972.37,1937.11,1964.88,2594871.43
1772312400,1964.89,1966.85,1944.07,1956.78,1725983.34
1772316000,1956.78,1984.58,1954.63,1964.47,1739452.03
1772319600,1964.46,1968.74,1955.6,1963.27,974961.65
1772323200,1963.27,1968.67,1953.39,1961.61,701450.27
1772326800,1961.61,2022.81,1941.82,2011.38,4372521.81
1772330400,2011.39,2054.19,2007.34,2031.85,5696460.08
1772334000,2031.85,2038.29,2015.53,2022.24,1548865.12
1772337600,2022.24,2030.0,1996.0,2014.89,2330557.63
1772341200,2014.9,2022.49,2008.6,2010.36,1022361.92
1772344800,2010.36,2011.97,1988.0,1997.58,2377106.13
1772348400,1997.58,2009.69,1991.76,2006.3,1102477.87
1772352000,2006.3,2009.58,1978.5,1985.0,2026598.04
1772355600,1985.01,1994.94,1971.88,1979.88,2359629.16
1772359200,1979.87,1992.16,1970.53,1983.74,1666808.11
1772362800,1983.74,1988.8,1980.71,1982.43,580236.5
1772366400,1982.42,1987.3,1975.02,1977.4,918968.19
1772370000,1977.4,2024.71,1967.0,2006.08,3957440.56
1772373600,2006.09,2028.26,1992.12,1999.56,3000550.86
1772377200,1999.56,2015.8,1990.28,1992.52,1696592.98
1772380800,1992.51,2009.63,1958.86,1973.03,4284998.24
1772384400,1973.04,1974.96,1952.0,1959.94,2421903.48
1772388000,1959.94,1996.61,1958.58,1974.71,3046900.74
1772391600,1974.72,1975.56,1945.73,1952.89,1574558.48
1772395200,1952.89,1954.4,1906.26,1913.01,3066130.56
1772398800,1913.01,1931.92,1911.49,1928.0,1178906.52
1772402400,1928.0,1969.67,1912.9,1923.81,2376580.26
1772406000,1923.8,1947.57,1917.24,1938.49,1707023.71
1772409600,1938.49,1966.53,1936.02,1959.9,1899127.75
1772413200,1959.9,1988.8,1957.3,1962.73,2279500.96
1772416800,1962.73,1965.47,1938.32,1954.4,2153739.67
1772420400,1954.41,1979.99,1946.6,1971.29,2109407.68
1772424000,1971.3,1979.66,1967.48,1972.4,924752.31
1772427600,1972.4,1983.54,1960.6,1970.3,1138163.76
1772431200,1970.31,1970.5,1935.57,1942.6,2590326.86
1772434800,1942.6,1944.19,1924.06,1940.32,2087334.19
1772438400,1940.33,1950.93,1917.0,1948.14,3046277.37
1772442000,1948.14,1967.27,1945.7,1946.72,2576505.74
1772445600,1946.73,1956.1,1942.15,1951.42,1165984.65
1772449200,1951.41,1955.64,1934.32,1946.71,2298946.01
1772452800,1946.7,1948.39,1928.81,1937.22,1110705.71
1772456400,1937.23,1944.81,1921.21,1926.77,1993812.82
1772460000,1926.76,1984.44,1920.16,1978.55,6928766.83
1772463600,1978.54,2064.94,1973.06,2046.44,12004797.77
1772467200,2046.44,2090.73,2042.02,2063.37,7124561.64
1772470800,2063.37,2065.18,2024.31,2040.0,3694079.88
1772474400,2040.0,2040.21,2022.49,2028.33,1645477.08
1772478000,2028.33,2049.0,2016.3,2042.39,1793876.39
1772481600,2042.39,2056.8,2024.02,2034.35,1994705.87
1772485200,2034.35,2047.42,2028.13,2042.24,829662.23
1772488800,2042.24,2057.99,2040.35,2052.9,689234.25
1772492400,2052.9,2054.44,2023.19,2026.4,1314443.77
1772496000,2026.39,2038.4,2017.62,2034.63,1198567.73
1772499600,2034.62,2041.31,2018.31,2019.04,1074428.96
1772503200,2019.04,2021.88,1996.53,2012.81,2611478.04
1772506800,2012.8,2014.67,2004.23,2007.89,833735.34
1772510400,2007.89,2012.72,1997.52,1998.91,961970.58
1772514000,1998.91,2019.03,1985.55,1992.65,2475406.5
1772517600,1992.66,2001.25,1987.29,1998.52,1079511.38
1772521200,1998.52,2003.3,1992.16,1995.38,942743.58
1772524800,1995.38,1999.84,1946.14,1952.57,5189801.23
1772528400,1952.57,1967.82,1938.18,1950.41,3844112.72
1772532000,1950.41,1963.63,1944.01,1956.99,1668285.87
1772535600,1957.0,1965.88,1950.56,1960.2,1299660.88
1772539200,1960.19,1989.38,1959.74,1966.6,2864810.93
1772542800,1966.6,1967.82,1942.46,1951.37,2982718.03
1772546400,1951.36,1976.82,1927.32,1942.05,6828832.64
1772550000,1942.05,1972.0,1930.47,1967.98,4566330.46
1772553600,1967.95,2012.96,1957.4,1982.99,7869570.25
1772557200,1983.0,1984.75,1958.05,1979.36,2693553.84
1772560800,1979.36,1999.28,1968.2,1987.14,1986398.78
1772564400,1987.14,1993.46,1975.46,1985.31,1507833.68
1772568000,1985.3,1988.81,1968.5,1977.38,973048.15
1772571600,1977.38,1977.78,1958.22,1967.27,1096981.38
1772575200,1967.28,1986.95,1967.02,1982.32,930345.27
1772578800,1982.33,2000.99,1980.12,1981.83,1058852.77
1772582400,1981.84,1986.09,1960.55,1975.89,1342809.59
1772586000,1975.9,1998.0,1968.87,1980.72,1365933.72
1772589600,1980.72,1982.0,1966.89,1978.2,1115896.67
1772593200,1978.2,1979.42,1943.59,1960.0,2620019.0
1772596800,1959.99,1963.71,1949.29,1959.16,1037886.05
1772600400,1959.16,1977.0,1954.37,1970.01,1475403.49
1772604000,1970.01,1985.99,1961.82,1979.22,1471957.67
1772607600,1979.21,2010.0,1973.6,2005.33,2861853.75
1772611200,2005.34,2066.54,1998.82,2062.98,6808905.95
1772614800,2062.98,2088.66,2054.2,2074.43,6221011.27
1772618400,2074.44,2092.3,2066.16,2071.5,2565806.73
1772622000,2071.5,2077.82,2045.69,2054.13,2663302.0
1772625600,2054.13,2058.96,2035.6,2053.51,2581072.97
1772629200,2053.51,2067.89,2051.9,2063.48,2202466.02
1772632800,2063.47,2109.86,2062.0,2078.87,7835198.99
1772636400,2078.9,2160.25,2077.6,2149.66,10162331.06
1772640000,2149.65,2167.86,2127.95,2141.32,4779804.16
1772643600,2141.32,2156.0,2127.36,2144.75,2567159.36
1772647200,2144.76,2164.52,2136.61,2162.22,1641945.82
1772650800,2162.23,2201.43,2159.95,2176.69,5191180.66
1772654400,2176.69,2179.06,2147.95,2149.23,1549310.09
1772658000,2149.24,2155.24,2141.19,2148.77,1004416.19
1772661600,2148.78,2163.52,2126.0,2131.23,1286669.78
1772665200,2131.22,2136.18,2115.59,2126.27,1338756.54
1772668800,2126.26,2134.99,2120.66,2127.35,1156352.47
1772672400,2127.35,2141.48,2106.26,2113.08,1903677.23
1772676000,2113.08,2133.33,2112.13,2121.15,1516709.92
1772679600,2121.16,2125.58,2106.04,2119.11,1119983.94
1772683200,2119.1,2143.33,2117.54,2136.31,1721440.49
1772686800,2136.31,2138.46,2112.22,2118.79,1337064.06
1772690400,2118.8,2130.59,2109.21,2127.35,1158656.83
1772694000,2127.34,2132.34,2094.38,2104.09,2199521.97
1772697600,2104.1,2118.66,2092.06,2116.8,2391176.63
1772701200,2116.81,2137.76,2115.79,2124.65,2086893.33
1772704800,2124.65,2163.49,2118.52,2155.19,3105165.14
1772708400,2155.19,2158.36,2132.51,2136.9,1898161.31
1772712000,2136.9,2142.48,2121.71,2137.33,1936208.12
1772715600,2137.34,2139.05,2108.01,2116.59,2553285.13
1772719200,2116.58,2130.99,2095.01,2118.33,3730539.12
1772722800,2118.32,2121.08,2066.18,2086.12,5266008.88
1772726400,2086.12,2086.72,2055.62,2079.17,3502059.94
1772730000,2079.18,2093.71,2053.0,2059.03,2777475.19
1772733600,2059.03,2077.97,2056.48,2075.9,1419461.92
1772737200,2075.9,2092.08,2071.37,2073.58,1295771.49
1772740800,2073.58,2098.0,2068.58,2091.66,1224973.05
1772744400,2091.66,2099.0,2075.0,2079.58,829989.98
1772748000,2079.57,2084.61,2076.51,2079.01,313926.16
1772751600,2079.02,2083.6,2068.39,2071.98,612715.46
1772755200,2071.98,2079.7,2066.06,2074.17,543783.82
1772758800,2074.17,2090.71,2060.02,2086.57,1474209.86
1772762400,2086.57,2092.93,2078.93,2082.7,877654.88
1772766000,2082.71,2088.0,2073.53,2083.08,786223.33
1772769600,2083.07,2085.16,2058.26,2070.0,1423186.62
1772773200,2070.0,2073.73,2058.25,2068.02,1171686.99
1772776800,2068.02,2080.12,2062.6,2073.42,1020201.78
1772780400,2073.46,2086.66,2067.62,2081.75,1305502.28
1772784000,2081.74,2081.75,2073.28,2074.89,746852.11
1772787600,2074.89,2076.35,2044.8,2058.97,2892540.66
1772791200,2058.97,2069.18,2057.75,2062.36,1070087.03
1772794800,2062.36,2066.58,2048.65,2050.0,1113161.84
1772798400,2050.0,2054.5,2036.66,2047.78,2568220.39
1772802000,2047.78,2063.12,2017.05,2019.16,4970331.52
1772805600,2019.14,2023.4,1970.49,1980.32,8416240.59
1772809200,1980.32,1996.67,1964.24,1976.54,4265238.08
1772812800,1976.53,1983.9,1965.27,1970.29,2084491.22
1772816400,1970.29,1981.32,1954.0,1965.55,2368673.14
1772820000,1965.56,1982.44,1965.38,1973.25,1219898.82
1772823600,1973.25,1992.0,1973.24,1982.78,1137888.06
1772827200,1982.78,1987.97,1967.77,1978.01,1137224.07
1772830800,1978.0,1983.93,1970.53,1982.85,501222.05
1772834400,1982.85,1990.0,1980.3,1986.6,470131.61
1772838000,1986.59,1986.85,1976.0,1977.79,380775.7
1772841600,1977.79,1982.27,1975.82,1980.23,326737.56
1772845200,1980.22,1982.51,1975.12,1979.55,448661.49
1772848800,1979.56,1983.86,1971.24,1982.35,624486.07
1772852400,1982.36,1995.0,1978.05,1978.99,1194682.44
1772856000,1979.0,1979.31,1962.29,1974.27,1158639.04
1772859600,1974.27,1978.8,1971.09,1977.71,333249.16
1772863200,1977.71,1977.71,1967.22,1970.9,468732.43
1772866800,1970.91,1983.93,1965.58,1982.25,944943.96
1772870400,1982.25,1986.82,1974.16,1976.62,918764.04
1772874000,1976.62,1988.75,1973.73,1985.14,776560.65
1772877600,1985.14,1987.5,1981.69,1982.91,366905.03
1772881200,1982.91,1994.14,1980.69,1987.47,986821.93
1772884800,1987.47,1989.9,1977.92,1981.45,521366.91
1772888400,1981.46,1983.11,1976.48,1980.8,616843.79
1772892000,1980.8,1990.0,1969.0,1986.03,1662803.36
1772895600,1986.03,1987.01,1975.01,1980.32,787760.08
1772899200,1980.33,1980.33,1973.4,1976.53,489390.91
1772902800,1976.52,1982.93,1975.42,1976.65,381470.52
1772906400,1976.65,1976.66,1964.06,1970.42,1007091.05
1772910000,1970.41,1970.42,1946.15,1954.18,1988845.8
1772913600,1954.19,1968.0,1954.0,1965.37,649540.69
1772917200,1965.37,1971.0,1962.72,1969.51,383542.93
1772920800,1969.51,1970.0,1956.89,1965.55,426706.82
1772924400,1965.55,1973.41,1964.33,1968.49,301806.22
1772928000,1968.48,1976.49,1965.28,1967.91,619975.78
1772931600,1967.91,1970.69,1962.09,1967.75,374516.68
1772935200,1967.76,1969.0,1934.21,1941.46,2210624.31
1772938800,1941.47,1950.56,1940.4,1946.51,852549.31
1772942400,1946.51,1952.4,1928.39,1937.26,1475671.73
1772946000,1937.26,1952.13,1937.24,1947.74,1014435.89
1772949600,1947.74,1952.0,1941.7,1946.72,487574.95
1772953200,1946.73,1959.84,1945.8,1953.84,912902.52
1772956800,1953.84,1959.45,1947.4,1958.51,660689.4
1772960400,1958.51,1969.2,1955.52,1962.54,1226910.91
1772964000,1962.55,1979.79,1962.26,1973.26,1396498.24
1772967600,1973.27,1973.65,1943.0,1950.44,1968145.48
1772971200,1950.43,1953.97,1924.0,1945.23,2893285.56
1772974800,1945.22,1946.89,1922.53,1943.35,2531923.32
1772978400,1943.35,1949.89,1936.09,1944.23,1194588.93
1772982000,1944.23,1946.8,1936.05,1942.04,715077.31
1772985600,1942.05,1943.95,1932.5,1935.8,875639.63
1772989200,1935.8,1945.98,1931.46,1934.64,875931.85
1772992800,1934.64,1935.68,1926.02,1928.95,672368.06
1772996400,1928.96,1968.94,1927.0,1963.45,2434469.99
1773000000,1963.45,1971.1,1952.13,1957.77,1119418.36
1773003600,1957.78,1961.99,1942.78,1952.3,882612.66
1773007200,1952.3,1952.47,1908.0,1941.76,4084306.94
1773010800,1941.75,1954.33,1934.02,1935.99,1436983.75
1773014400,1935.99,1965.38,1928.0,1949.94,2364402.67
1773018000,1949.95,1962.58,1941.55,1944.73,1432615.22
1773021600,1944.74,1962.27,1936.75,1958.91,1664449.88
1773025200,1958.91,2006.35,1958.0,1976.67,5086325.75
1773028800,1976.67,1988.8,1971.38,1976.28,1292648.09
1773032400,1976.29,2013.78,1975.23,2009.85,3715244.03
1773036000,2009.85,2012.0,1982.63,1984.35,1888192.58
1773039600,1984.35,1984.94,1961.8,1982.89,2427802.03
1773043200,1982.9,1998.74,1976.8,1995.67,1855615.13
1773046800,1995.67,2021.98,1985.31,2003.4,3038868.29
1773050400,2003.39,2006.42,1991.3,1994.27,1494182.07
1773054000,1994.26,1999.24,1979.0,1991.45,1958352.03
1773057600,1991.45,2013.04,1991.3,2001.4,1786940.41
1773061200,2001.39,2028.98,1999.5,2017.08,4430129.52
1773064800,2017.08,2032.22,2006.6,2021.4,3544419.57
1773068400,2021.39,2028.55,2013.09,2021.66,1843176.1
1773072000,2021.67,2037.99,2017.73,2026.21,2395971.05
1773075600,2026.21,2032.37,2003.33,2015.8,2029448.71
1773079200,2015.8,2022.73,2005.22,2011.13,1230216.61
1773082800,2011.14,2053.45,2008.68,2032.86,3083643.86
1773086400,2032.86,2036.67,2017.77,2024.62,958495.17
1773090000,2024.62,2034.46,2020.73,2027.09,558714.35
1773093600,2027.09,2030.54,1998.0,2001.75,1507018.42
1773097200,2001.75,2006.89,1987.51,1992.25,1413173.63
1773100800,1992.25,2022.51,1990.33,2014.53,1746883.39
1773104400,2014.53,2024.34,2005.56,2018.2,1198032.71
1773108000,2018.19,2054.28,2012.73,2041.34,3018714.6
1773111600,2041.33,2046.99,2021.53,2025.9,1546716.48
1773115200,2025.91,2046.68,2025.5,2044.54,1028320.59
1773118800,2044.55,2053.88,2038.52,2043.26,1515988.45
1773122400,2043.27,2048.6,2035.33,2042.69,857619.67
1773126000,2042.69,2059.32,2039.38,2050.3,1391827.04
1773129600,2050.3,2069.97,2050.3,2056.0,2749650.6
1773133200,2056.0,2074.74,2054.09,2067.04,1548429.67
1773136800,2067.03,2068.1,2054.0,2061.79,1236447.05
1773140400,2061.8,2067.96,2050.84,2060.8,1229903.13
1773144000,2060.8,2061.18,2046.39,2049.1,1508751.08
1773147600,2049.1,2059.87,2023.15,2032.66,4021789.92
1773151200,2032.65,2080.0,2007.76,2074.53,6807805.22
1773154800,2074.53,2085.48,2058.78,2078.72,4743952.87
1773158400,2078.72,2087.9,2068.55,2079.91,2190346.9
1773162000,2079.91,2084.87,2056.9,2070.66,2644852.9
1773165600,2070.67,2072.4,2034.26,2038.66,3379866.65
1773169200,2038.65,2043.5,2026.2,2035.87,1769126.6
1773172800,2035.87,2046.54,2033.92,2041.53,746086.63
1773176400,2041.52,2047.45,2018.33,2028.58,1026036.87
1773180000,2028.58,2032.22,2020.05,2026.62,832075.3
1773183600,2026.62,2037.19,2026.45,2035.76,584912.67
1773187200,2035.76,2041.43,2027.67,2036.95,897712.76
1773190800,2036.95,2040.27,2027.76,2035.5,659100.17
1773194400,2035.49,2038.46,2017.11,2025.98,1136497.97
1773198000,2025.97,2028.6,2017.14,2020.26,618917.96
1773201600,2020.26,2040.81,2017.5,2037.99,1244314.79
1773205200,2037.99,2040.5,2008.33,2013.44,1791787.0
1773208800,2013.44,2025.26,2013.0,2023.5,862004.88
1773212400,2023.5,2025.0,2005.56,2011.63,1327881.27
1773216000,2011.64,2025.87,2008.59,2023.31,1946932.97
1773219600,2023.3,2027.93,2013.84,2017.65,915041.82
1773223200,2017.65,2031.52,2016.95,2028.66,895173.63
1773226800,2028.66,2034.56,2014.31,2017.61,1268941.47
1773230400,2017.61,2037.34,2012.29,2022.41,2143442.8
1773234000,2022.41,2082.23,2021.22,2050.21,7249827.55
1773237600,2050.2,2077.71,2042.63,2062.06,4326559.56
1773241200,2062.06,2065.02,2028.49,2049.17,3869842.29
1773244800,2049.17,2072.29,2045.07,2066.24,2465511.89
1773248400,2066.23,2084.98,2056.59,2067.13,3218218.68
1773252000,2067.13,2078.85,2063.16,2075.37,1172745.79
1773255600,2075.37,2076.8,2067.33,2074.98,726369.36
1773259200,2074.97,2075.2,2064.0,2067.42,493166.58
1773262800,2067.41,2073.93,2061.69,2071.95,408557.52
1773266400,2071.95,2084.28,2057.79,2060.7,1207013.49
1773270000,2060.7,2063.92,2043.79,2051.04,1267802.61
1773273600,2051.03,2057.34,2046.96,2054.66,679508.7
1773277200,2054.66,2055.4,2041.88,2045.38,1102665.76
1773280800,2045.4,2047.06,2020.6,2023.69,2419456.05
1773284400,2023.7,2034.8,2016.28,2022.68,1418863.37
1773288000,2022.68,2028.97,2020.5,2022.3,727336.33
1773291600,2022.3,2027.78,2018.6,2026.22,750984.56
1773295200,2026.23,2031.67,2023.84,2029.76,798322.02
1773298800,2029.78,2041.79,2024.5,2039.89,1258118.07
1773302400,2039.89,2052.65,2037.37,2046.79,1931180.88
1773306000,2046.79,2064.99,2037.33,2054.49,2266222.12
1773309600,2054.49,2074.99,2051.7,2068.98,2482706.4
1773313200,2068.98,2076.49,2057.0,2061.85,1901020.76
1773316800,2061.85,2070.33,2057.0,2064.69,1392819.23
1773320400,2064.7,2079.93,2050.03,2064.53,3883814.73
1773324000,2064.52,2094.98,2036.0,2044.35,7317715.73
1773327600,2044.35,2081.81,2038.0,2071.5,3649937.14
1773331200,2071.5,2077.71,2055.18,2068.98,2425190.98
1773334800,2068.97,2074.6,2054.03,2057.61,1301414.41
1773338400,2057.6,2061.5,2045.7,2048.01,1461423.05
1773342000,2048.0,2072.81,2043.76,2068.47,1743356.69
1773345600,2068.47,2072.8,2059.26,2061.78,644902.64
1773349200,2061.79,2069.37,2056.07,2062.15,554601.14
1773352800,2062.14,2067.0,2053.58,2064.67,754686.23
1773356400,2064.67,2092.55,2063.87,2072.65,2303084.2
1773360000,2072.64,2148.61,2068.32,2118.11,8357682.94
1773363600,2118.11,2129.49,2110.0,2123.79,1911180.11
1773367200,2123.78,2126.18,2100.59,2104.75,1855663.87
1773370800,2104.76,2123.07,2101.05,2117.79,1441507.46
1773374400,2117.79,2119.07,2108.58,2110.55,834108.96
1773378000,2110.54,2114.28,2102.2,2109.36,959251.16
1773381600,2109.37,2112.34,2088.43,2095.21,2239731.46
1773385200,2095.21,2103.85,2091.7,2098.74,1261233.63
1773388800,2098.73,2116.51,2090.57,2099.21,2190644.79
1773392400,2099.21,2116.67,2095.07,2112.42,1490378.75
1773396000,2112.41,2132.71,2111.49,2125.66,2669022.92
1773399600,2125.66,2128.92,2117.0,2119.76,1307911.43
1773403200,2119.76,2154.52,2119.24,2145.4,3768066.85
1773406800,2145.41,2200.0,2140.54,2184.32,8242154.81
1773410400,2184.31,2209.0,2145.0,2150.63,8169777.46
1773414000,2150.64,2164.9,2124.3,2127.26,5039143.99
1773417600,2127.26,2143.64,2110.47,2133.13,4303585.43
1773421200,2133.14,2140.59,2088.84,2101.98,4313280.35
1773424800,2101.99,2108.0,2090.0,2099.88,1743786.41
1773428400,2099.88,2105.0,2095.0,2101.65,907184.35
1773432000,2101.65,2113.58,2100.02,2110.65,732648.79
1773435600,2110.65,2116.21,2100.18,2102.16,653559.71
1773439200,2102.16,2104.1,2076.93,2088.2,2117619.91
1773442800,2088.21,2093.03,2084.6,2091.16,540423.76
1773446400,2091.17,2094.25,2081.77,2084.35,765758.56
1773450000,2084.36,2094.8,2080.33,2091.5,756519.66
1773453600,2091.5,2094.82,2088.55,2091.44,515844.91
1773457200,2091.44,2103.77,2091.39,2100.3,846120.29
1773460800,2100.3,2104.98,2086.34,2089.5,1119334.08
1773464400,2089.49,2093.6,2084.48,2091.31,848061.46
1773468000,2091.31,2091.31,2067.01,2077.3,2081320.34
1773471600,2077.29,2079.61,2074.48,2076.5,635483.18
1773475200,2076.5,2080.77,2071.53,2073.46,665254.48
1773478800,2073.46,2077.33,2062.32,2066.42,1200944.17
1773482400,2066.43,2068.35,2060.41,2065.26,801196.95
1773486000,2065.25,2076.3,2065.02,2072.85,902985.24
1773489600,2072.84,2077.17,2068.51,2074.59,836115.67
1773493200,2074.59,2080.0,2071.55,2077.23,751519.2
1773496800,2077.23,2079.37,2068.3,2070.01,725584.2
1773500400,2070.01,2076.95,2068.72,2073.51,487744.87
1773504000,2073.51,2077.9,2066.86,2076.59,531080.8
1773507600,2076.59,2077.23,2072.33,2074.27,334580.25
1773511200,2074.26,2077.58,2071.52,2075.92,214356.91
1773514800,2075.92,2078.65,2073.88,2076.07,224807.4
1773518400,2076.08,2087.5,2074.89,2084.9,578819.41
1773522000,2084.9,2087.51,2080.62,2085.9,277046.28
1773525600,2085.89,2087.27,2081.0,2083.37,226700.16
1773529200,2083.38,2098.66,2082.78,2095.33,1115595.33
1773532800,2095.33,2095.95,2085.45,2086.72,523558.21
1773536400,2086.71,2090.74,2082.26,2087.17,473670.05
1773540000,2087.17,2108.19,2087.16,2101.12,1503204.32
1773543600,2101.12,2104.3,2092.65,2095.42,822810.45
1773547200,2095.41,2103.54,2095.36,2103.41,752683.54
1773550800,2103.42,2115.56,2101.0,2106.75,1592879.97
1773554400,2106.76,2110.69,2101.46,2106.97,660498.01
1773558000,2106.96,2112.77,2102.53,2104.99,698178.98
1773561600,2104.99,2112.85,2104.99,2111.74,580590.27
1773565200,2111.73,2123.13,2111.59,2116.16,1429503.94
1773568800,2116.17,2120.59,2113.08,2118.06,610893.1
1773572400,2118.05,2120.44,2114.0,2118.87,710543.54
1773576000,2118.87,2119.0,2106.9,2108.55,969161.74
1773579600,2108.55,2111.67,2085.02,2096.31,3180274.47
1773583200,2096.31,2098.88,2085.58,2096.28,1026147.98
1773586800,2096.29,2096.49,2089.04,2092.96,492271.24
1773590400,2092.96,2098.41,2087.63,2090.7,795727.86
1773594000,2090.69,2117.96,2090.25,2110.01,1591533.35
1773597600,2110.0,2112.7,2093.36,2098.16,1139527.81
1773601200,2098.15,2113.79,2095.17,2112.5,835039.6
1773604800,2112.5,2138.1,2108.92,2128.0,2005670.88
1773608400,2128.01,2144.13,2122.32,2138.33,1221878.37
1773612000,2138.33,2192.11,2124.43,2183.89,4826509.44
1773615600,2183.9,2203.0,2165.0,2177.31,4035647.93
1773619200,2177.31,2186.66,2164.05,2170.38,1663395.43
1773622800,2170.39,2189.67,2164.09,2185.0,1750613.23
1773626400,2184.99,2188.37,2169.13,2179.48,1378579.1
1773630000,2179.48,2252.88,2176.23,2234.89,8140487.29
1773633600,2234.89,2278.0,2234.88,2262.08,6303090.57
1773637200,2262.08,2288.0,2255.55,2279.42,4314700.93
1773640800,2279.41,2280.2,2259.35,2260.54,2032562.59
1773644400,2260.54,2268.16,2244.4,2248.0,2128312.0
1773648000,2248.0,2257.77,2233.36,2242.53,2395486.76
1773651600,2242.53,2265.88,2239.1,2259.35,1863076.08
1773655200,2259.36,2277.9,2254.56,2276.86,2513750.66
1773658800,2276.86,2279.33,2264.44,2268.54,1810360.37
1773662400,2268.54,2303.0,2268.24,2277.97,6246788.26
1773666000,2277.96,2307.76,2270.32,2287.53,5189856.4
1773669600,2287.52,2302.92,2252.48,2287.18,6600955.46
1773673200,2287.17,2298.48,2268.56,2272.38,3265319.3
1773676800,2272.38,2299.73,2268.25,2295.66,2705494.22
1773680400,2295.66,2324.44,2292.2,2313.42,3812035.71
1773684000,2313.43,2346.5,2312.81,2320.77,5021182.34
1773687600,2320.77,2347.61,2317.45,2329.84,2841360.81
1773691200,2329.85,2346.72,2322.46,2344.17,1439518.08
1773694800,2344.17,2377.0,2342.5,2360.0,3627559.66
1773698400,2360.01,2386.76,2353.82,2356.65,2631033.24
1773702000,2356.65,2361.0,2328.99,2351.83,2609206.39
1773705600,2351.83,2377.92,2338.94,2356.5,4283600.7
1773709200,2356.49,2374.96,2345.65,2359.72,2459972.07
1773712800,2359.71,2360.72,2343.27,2350.16,1609623.27
1773716400,2350.16,2354.92,2306.35,2319.37,4072320.29
1773720000,2319.37,2330.0,2295.0,2310.35,3801671.43
1773723600,2310.35,2317.78,2297.01,2306.39,1886778.17
1773727200,2306.4,2323.96,2297.58,2314.5,2227546.83
1773730800,2314.51,2337.89,2314.5,2327.1,1977783.93
1773734400,2327.1,2334.7,2314.5,2319.77,1746907.68
1773738000,2319.76,2328.6,2305.1,2314.88,2362991.17
1773741600,2314.87,2316.69,2303.0,2312.29,1526373.58
1773745200,2312.28,2332.55,2310.84,2325.73,1856472.52
1773748800,2325.72,2334.34,2311.0,2314.73,1821427.54
1773752400,2314.72,2345.6,2312.5,2327.89,3952992.64
1773756000,2327.9,2347.93,2318.09,2342.45,3080022.16
1773759600,2342.44,2357.67,2303.25,2315.12,5379365.1
1773763200,2315.12,2335.94,2311.41,2326.07,2373864.68
1773766800,2326.06,2341.76,2319.14,2338.83,1611627.75
1773770400,2338.83,2341.54,2326.35,2331.81,1026531.6
1773774000,2331.81,2338.63,2315.34,2318.96,1203160.81
1773777600,2318.97,2329.27,2316.44,2326.61,518184.99
1773781200,2326.61,2345.0,2326.49,2337.0,924059.57
1773784800,2337.01,2341.0,2317.0,2328.42,815854.47
1773788400,2328.43,2331.9,2315.07,2316.18,824552.24
1773792000,2316.18,2324.55,2306.0,2323.14,1437450.56
1773795600,2323.14,2335.0,2322.0,2323.93,1228555.68
1773799200,2323.94,2340.0,2323.34,2330.13,981265.61
1773802800,2330.12,2349.0,2327.27,2339.33,1625833.64
1773806400,2339.34,2340.75,2325.03,2326.25,872897.38
1773810000,2326.25,2329.99,2312.84,2317.71,1415553.98
1773813600,2317.71,2331.05,2317.35,2321.67,1145068.85
1773817200,2321.67,2322.21,2310.61,2316.7,1375264.35
1773820800,2316.69,2324.6,2316.2,2321.59,964646.16
1773824400,2321.59,2332.52,2320.53,2327.85,997890.98
1773828000,2327.85,2330.48,2306.0,2311.69,2063961.15
1773831600,2311.69,2318.83,2261.79,2268.2,7683159.69
1773835200,2268.21,2269.93,2233.44,2236.91,6062214.63
1773838800,2236.91,2243.98,2222.0,2234.89,4512099.04
1773842400,2234.89,2236.33,2186.0,2189.44,6474348.86
1773846000,2189.44,2196.0,2168.25,2186.42,5875659.81
1773849600,2186.43,2190.41,2164.0,2180.23,3399355.22
1773853200,2180.23,2211.33,2175.91,2203.33,3261177.59
1773856800,2203.32,2219.62,2175.0,2180.05,5228946.18
1773860400,2180.06,2196.53,2175.63,2184.8,1872967.74
1773864000,2184.81,2194.19,2151.68,2186.51,3427550.06
1773867600,2186.5,2206.49,2184.39,2201.51,1160676.91
1773871200,2201.51,2202.67,2185.0,2193.29,775332.43
1773874800,2193.3,2205.95,2187.68,2201.93,877333.18
1773878400,2201.93,2207.49,2188.8,2191.99,1056104.1
1773882000,2192.0,2200.89,2186.0,2195.51,811611.85
1773885600,2195.51,2203.99,2187.7,2195.48,851895.83
1773889200,2195.48,2233.09,2195.48,2210.84,3576986.39
1773892800,2210.85,2212.0,2189.0,2192.56,1723681.84
1773896400,2192.58,2197.96,2185.01,2188.23,1032603.78
1773900000,2188.23,2194.86,2176.46,2179.59,1813014.91
1773903600,2179.58,2181.0,2141.35,2165.2,5968218.09
1773907200,2165.21,2169.88,2156.67,2159.57,1596810.83
1773910800,2159.57,2189.74,2159.0,2188.13,2815135.57
1773914400,2188.14,2192.0,2171.0,2171.39,1425358.54
1773918000,2171.39,2177.02,2164.41,2165.79,1280591.79
1773921600,2165.79,2166.66,2128.71,2131.42,4083958.74
1773925200,2131.42,2142.8,2110.32,2136.9,6413061.25
1773928800,2136.91,2146.98,2101.32,2120.72,4796199.31
1773932400,2120.73,2136.3,2095.58,2117.93,4126289.91
1773936000,2117.93,2121.63,2105.79,2114.46,2781973.04
1773939600,2114.46,2131.39,2104.09,2126.2,2018759.1
1773943200,2126.2,2129.0,2113.33,2124.39,872176.01
1773946800,2124.39,2156.1,2124.01,2140.05,3113661.55
1773950400,2140.07,2152.05,2137.64,2145.07,769079.69
1773954000,2145.07,2154.73,2143.43,2148.74,787958.34
1773957600,2148.74,2151.11,2130.3,2139.08,970681.56
1773961200,2139.08,2146.25,2128.93,2136.55,838442.67
1773964800,2136.54,2148.0,2133.54,2144.55,820197.29
1773968400,2144.55,2159.6,2143.57,2149.81,1319513.67
1773972000,2149.8,2150.58,2131.0,2143.4,1439845.18
1773975600,2143.4,2156.5,2142.5,2150.16,1020865.5
1773979200,2150.16,2158.65,2138.17,2147.15,1269033.89
1773982800,2147.16,2151.38,2136.28,2139.31,1051413.29
1773986400,2139.31,2141.1,2131.09,2135.78,969198.15
1773990000,2135.78,2152.32,2120.27,2149.2,2433620.03
1773993600,2149.2,2176.06,2145.01,2162.73,2968878.94
1773997200,2162.73,2162.84,2133.42,2140.29,2403589.43
1774000800,2140.28,2150.65,2130.4,2147.16,1743553.7
1774004400,2147.16,2157.65,2133.35,2140.71,1612164.16
1774008000,2140.71,2151.9,2133.93,2140.17,1347233.93
1774011600,2140.17,2152.42,2121.02,2126.5,3531643.45
1774015200,2126.49,2146.83,2115.0,2128.2,4356195.8
1774018800,2128.2,2138.0,2119.02,2132.99,1892585.85
1774022400,2133.0,2143.89,2129.38,2136.35,1442365.07
1774026000,2136.35,2140.18,2118.5,2135.67,1545759.47
1774029600,2135.67,2136.6,2116.16,2122.5,1497098.88
1774033200,2122.51,2133.91,2116.47,2132.19,1250659.91
1774036800,2132.19,2135.9,2122.73,2132.24,769391.51
1774040400,2132.23,2157.0,2129.53,2146.47,1197909.89
1774044000,2146.47,2167.72,2146.47,2153.57,1072438.88
1774047600,2153.56,2154.53,2141.78,2145.0,571038.92
1774051200,2145.01,2156.21,2143.0,2152.44,635440.94
1774054800,2152.44,2158.75,2146.26,2146.71,625698.73
1774058400,2146.71,2155.42,2145.22,2153.89,446778.72
1774062000,2153.89,2154.95,2149.92,2152.43,289287.04
1774065600,2152.42,2157.4,2148.63,2150.57,586219.37
1774069200,2150.58,2156.66,2150.57,2152.13,377352.44
1774072800,2152.12,2155.3,2151.16,2154.62,232465.5
1774076400,2154.61,2160.99,2151.81,2154.29,682275.23
1774080000,2154.29,2156.33,2148.42,2152.87,559418.12
1774083600,2152.86,2158.0,2152.59,2157.39,437115.91
1774087200,2157.4,2158.43,2152.0,2153.38,319240.54
1774090800,2153.38,2157.65,2151.91,2156.45,284323.89
1774094400,2156.44,2159.9,2155.62,2156.8,344648.73
1774098000,2156.8,2158.86,2153.94,2155.0,275609.67
1774101600,2155.0,2168.0,2149.0,2151.31,1543781.6
1774105200,2151.3,2156.71,2145.19,2154.17,953828.19
1774108800,2154.17,2154.56,2142.85,2145.61,768012.28
1774112400,2145.6,2149.8,2141.0,2147.25,530097.6
1774116000,2147.25,2154.99,2146.32,2150.06,498875.95
1774119600,2150.07,2152.26,2148.0,2151.07,199176.6
1774123200,2151.07,2156.26,2148.2,2154.61,355091.92
1774126800,2154.62,2155.96,2150.94,2152.45,203934.1
1774130400,2152.44,2152.75,2148.25,2148.71,205901.61
1774134000,2148.72,2148.99,2068.14,2083.41,4846274.14
1774137600,2083.42,2094.73,2046.64,2086.19,5632636.9
1774141200,2086.18,2093.0,2080.2,2089.94,1256793.45
1774144800,2089.94,2108.51,2086.49,2101.0,1666175.67
1774148400,2100.99,2127.07,2096.75,2112.83,2067226.68
1774152000,2112.83,2122.0,2103.85,2118.07,1576213.97
1774155600,2118.06,2119.88,2111.11,2111.7,738754.75
1774159200,2111.71,2112.72,2106.36,2107.62,722220.18
1774162800,2107.62,2111.0,2091.39,2092.75,1493485.3
1774166400,2092.75,2095.05,2072.44,2085.49,3187138.18
1774170000,2085.49,2096.25,2078.0,2083.7,1695795.87
1774173600,2083.71,2085.91,2076.09,2080.0,629433.46
1774177200,2080.01,2082.7,2063.2,2068.72,1781219.91
1774180800,2068.73,2087.69,2067.01,2081.27,1416196.17
1774184400,2081.28,2091.99,2071.29,2077.5,1457139.5
1774188000,2077.5,2084.56,2070.5,2076.91,923276.34
1774191600,2076.9,2083.75,2074.43,2082.0,772335.12
1774195200,2082.01,2083.5,2076.72,2081.06,540567.15
1774198800,2081.05,2083.54,2076.31,2078.58,447942.35
1774202400,2078.59,2079.47,2055.31,2071.01,1540351.6
1774206000,2071.01,2071.8,2052.4,2061.85,1424688.01
1774209600,2061.85,2071.5,2055.08,2057.49,832837.04
1774213200,2057.48,2059.59,2024.0,2044.67,3652965.48
1774216800,2044.67,2064.6,2031.1,2061.49,1980278.6
1774220400,2061.5,2074.85,2050.1,2052.78,1186797.49
1774224000,2052.78,2062.71,2034.08,2042.62,1742271.86
1774227600,2042.62,2062.21,2038.17,2046.83,1406754.89
1774231200,2046.83,2069.61,2045.61,2062.41,1644915.42
1774234800,2062.42,2071.99,2051.0,2051.76,1025856.77
1774238400,2051.76,2066.0,2049.18,2064.6,780765.35
1774242000,2064.6,2071.4,2059.59,2068.08,1275111.32
1774245600,2068.07,2068.08,2027.15,2036.36,3427923.42
1774249200,2036.36,2048.96,2022.0,2043.44,2817265.98
1774252800,2043.44,2057.93,2041.98,2046.66,1538981.31
1774256400,2046.66,2047.97,2027.79,2042.51,1705701.32
1774260000,2042.51,2053.0,2039.0,2047.9,1097090.37
1774263600,2047.9,2198.0,2047.9,2133.85,18552379.22
1774267200,2133.86,2147.25,2107.11,2143.46,5691682.24
1774270800,2143.47,2187.91,2139.2,2184.56,5126729.61
1774274400,2184.56,2191.83,2167.49,2180.03,3761976.45
1774278000,2180.03,2187.2,2123.45,2127.7,4820078.32
1774281600,2127.7,2142.79,2117.0,2135.0,3830430.15
1774285200,2135.0,2158.81,2123.43,2151.75,2353752.24
1774288800,2151.74,2171.5,2144.33,2167.6,1914311.75
1774292400,2167.59,2178.07,2148.01,2153.18,1936492.73
1774296000,2153.18,2165.83,2149.24,2160.42,491238.39
1774299600,2160.42,2162.45,2153.4,2156.9,329379.13
1774303200,2156.89,2158.51,2142.57,2151.65,632854.88
1774306800,2151.64,2154.85,2138.04,2150.98,739273.78
1774310400,2150.99,2155.93,2129.06,2142.04,1444310.66
1774314000,2142.04,2148.89,2123.24,2136.45,1483769.44
1774317600,2136.45,2144.85,2131.35,2134.93,884818.95
1774321200,2134.93,2142.9,2129.58,2140.74,837383.84
1774324800,2140.75,2151.83,2130.66,2135.45,1212640.62
1774328400,2135.45,2138.24,2128.0,2132.85,885512.77
1774332000,2132.84,2145.99,2130.75,2144.28,908050.37
1774335600,2144.28,2169.92,2143.18,2164.51,3063307.13
1774339200,2164.52,2166.59,2151.0,2154.01,1593372.47
1774342800,2154.01,2166.3,2145.69,2163.64,1304523.92
1774346400,2163.63,2163.75,2154.13,2160.3,688085.34
1774350000,2160.29,2174.63,2151.0,2164.58,2024791.06
1774353600,2164.57,2169.5,2157.65,2161.64,952837.45
1774357200,2161.65,2165.0,2129.03,2137.78,3892197.96
1774360800,2137.78,2147.94,2118.0,2133.38,4500838.5
1774364400,2133.38,2146.8,2130.31,2134.28,2313531.88
1774368000,2134.28,2139.94,2118.7,2126.38,1882902.6
1774371600,2126.38,2127.99,2101.3,2108.27,3069431.77
1774375200,2108.27,2127.1,2103.96,2118.02,1536231.86
1774378800,2118.03,2127.57,2113.15,2115.9,660353.4
1774382400,2115.9,2154.17,2114.36,2147.78,2361973.7
1774386000,2147.78,2151.54,2139.32,2147.71,601277.49
1774389600,2147.72,2154.98,2139.1,2144.39,860076.15
1774393200,2144.39,2162.87,2142.17,2155.16,1174834.05
1774396800,2155.16,2167.89,2143.73,2160.43,1584641.45
1774400400,2160.43,2166.0,2155.11,2155.45,858780.84
1774404000,2155.45,2160.5,2152.24,2154.52,806508.58
1774407600,2154.52,2159.5,2145.0,2157.34,1036192.49
1774411200,2157.33,2166.84,2155.35,2165.09,864835.35
1774414800,2165.09,2179.6,2163.0,2167.75,2067709.81
1774418400,2167.74,2172.0,2161.0,2162.62,1187902.37
1774422000,2162.63,2177.0,2158.0,2163.71,1491276.78
1774425600,2163.71,2189.69,2163.18,2175.24,2969093.5
1774429200,2175.23,2188.0,2173.62,2185.14,1369860.51
1774432800,2185.15,2187.34,2179.57,2183.81,1011063.59
1774436400,2183.8,2199.0,2177.98,2184.92,2787974.07
1774440000,2184.93,2194.39,2163.66,2182.45,3819298.71
1774443600,2182.44,2197.46,2178.5,2183.33,2207236.65
1774447200,2183.32,2187.0,2172.0,2173.3,1786843.12
1774450800,2173.31,2176.06,2146.46,2161.69,3513446.58
1774454400,2161.7,2187.0,2155.08,2173.06,2510380.55
1774458000,2173.05,2175.4,2158.58,2163.25,1232560.91
1774461600,2163.24,2172.98,2156.56,2161.35,877909.72
1774465200,2161.34,2175.92,2158.5,2171.75,838845.18
1774468800,2171.75,2172.22,2158.04,2165.61,484162.94
1774472400,2165.61,2168.68,2160.77,2162.98,271591.06
1774476000,2162.99,2183.6,2160.53,2173.71,1157899.41
1774479600,2173.71,2176.56,2163.42,2168.29,577163.89
1774483200,2168.29,2171.55,2161.33,2165.57,579759.93
1774486800,2165.56,2168.83,2158.6,2164.0,646163.02
1774490400,2164.01,2165.2,2142.47,2149.22,1665585.57
1774494000,2149.22,2155.28,2143.8,2152.4,817751.86
1774497600,2152.4,2153.62,2146.81,2148.67,564351.16
1774501200,2148.67,2150.06,2112.24,2119.08,3787439.71
1774504800,2119.08,2124.37,2111.09,2121.02,1696562.55
1774508400,2121.03,2124.26,2111.33,2122.57,1149717.71
1774512000,2122.58,2126.46,2113.04,2118.98,1120773.49
1774515600,2118.99,2121.7,2073.47,2081.55,5090791.38
1774519200,2081.55,2082.96,2071.43,2077.71,1634110.0
1774522800,2077.71,2081.0,2059.94,2067.38,2104475.14
1774526400,2067.38,2074.56,2064.67,2072.58,1154805.66
1774530000,2072.58,2093.0,2068.42,2080.07,3276951.46
1774533600,2080.08,2084.8,2065.5,2074.9,1929253.98
1774537200,2074.91,2075.71,2050.01,2069.22,3113955.38
1774540800,2069.23,2070.09,2058.39,2059.99,1054979.22
1774544400,2060.0,2070.0,2041.85,2048.49,1805233.36
1774548000,2048.49,2054.89,2032.92,2045.98,2421116.16
1774551600,2045.97,2053.15,2038.2,2047.7,921835.62
1774555200,2047.71,2079.68,2045.2,2063.66,2765051.05
1774558800,2063.66,2076.79,2058.59,2067.25,710375.97
1774562400,2067.26,2072.63,2052.47,2064.79,755497.33
1774566000,2064.8,2068.88,2055.01,2059.36,642914.41
1774569600,2059.36,2066.8,2055.57,2064.19,730997.87
1774573200,2064.18,2074.31,2062.35,2073.31,737813.86
1774576800,2073.3,2076.29,2065.72,2067.1,679038.34
1774580400,2067.11,2068.0,2058.02,2060.51,810761.35
1774584000,2060.51,2061.11,2042.0,2052.13,1933825.92
1774587600,2052.14,2066.52,2050.98,2060.16,1147342.22
1774591200,2060.16,2067.89,2057.54,2061.56,648845.82
1774594800,2061.56,2072.99,2058.28,2064.77,1385691.01
1774598400,2064.77,2068.74,2032.71,2046.45,3185081.6
1774602000,2046.46,2050.8,2035.0,2040.05,1439541.76
1774605600,2040.06,2044.13,1977.02,1989.73,6932864.49
1774609200,1989.73,1997.0,1980.5,1990.22,2418235.72
1774612800,1990.22,1992.18,1980.11,1988.01,1648420.64
1774616400,1988.01,1995.97,1962.54,1977.79,4003618.91
1774620000,1977.8,1989.22,1970.54,1988.05,2839070.04
1774623600,1988.04,2009.75,1982.0,1990.0,3910227.78
1774627200,1990.0,1992.42,1978.84,1985.64,1744254.39
1774630800,1985.64,1997.04,1973.66,1976.32,1503379.87
1774634400,1976.31,1985.8,1973.09,1983.3,861796.53
1774638000,1983.3,1997.0,1977.56,1990.3,1147965.45
1774641600,1990.31,1995.0,1976.49,1985.0,724946.04
1774645200,1985.0,1990.62,1983.08,1984.68,276980.82
1774648800,1984.69,1986.16,1980.3,1984.31,252953.94
1774652400,1984.3,1993.25,1979.24,1991.71,472446.88
1774656000,1991.71,1994.5,1988.51,1991.4,433834.38
1774659600,1991.4,1991.71,1983.25,1989.39,429842.35
1774663200,1989.39,1992.67,1981.28,1986.05,513539.93
1774666800,1986.06,1990.21,1985.82,1988.12,316573.44
1774670400,1988.12,1991.64,1985.99,1989.53,324034.82
1774674000,1989.52,1993.99,1986.97,1992.99,452309.81
1774677600,1992.99,2006.59,1991.83,1999.6,1528029.06
1774681200,1999.6,2007.46,1999.36,2005.91,584359.29
1774684800,2005.91,2007.37,1997.03,1998.11,769670.74
1774688400,1998.1,1998.74,1994.04,1998.32,533333.23
1774692000,1998.32,2003.59,1991.2,1995.71,757494.8
1774695600,1995.71,1999.99,1994.49,1996.47,398645.06
1774699200,1996.47,2003.5,1990.41,1998.56,794945.35
1774702800,1998.57,2054.01,1998.09,2025.55,4020910.03
1774706400,2025.54,2028.26,2013.02,2019.91,1446239.29
1774710000,2019.9,2041.45,2017.5,2026.0,1902024.35
1774713600,2026.0,2029.38,2020.01,2023.45,628961.66
1774717200,2023.45,2026.0,2015.3,2019.98,606305.63
1774720800,2019.98,2024.0,2019.45,2020.67,212704.6
1774724400,2020.67,2021.94,2016.39,2019.69,207546.51
1774728000,2019.69,2025.93,2019.59,2023.54,293266.44
1774731600,2023.55,2024.8,2004.0,2008.67,744740.08
1774735200,2008.67,2012.3,2004.2,2010.76,491487.7
1774738800,2010.75,2010.76,1987.14,1993.46,1478223.79
1774742400,1993.47,1998.88,1990.18,1997.89,691665.21
1774746000,1997.89,2008.09,1996.69,2004.03,783079.6
1774749600,2004.04,2009.99,2001.44,2008.0,530745.51
1774753200,2008.0,2018.93,2005.85,2010.17,843819.3
1774756800,2010.17,2011.99,2003.05,2005.04,552699.37
1774760400,2005.04,2006.76,1996.25,2004.41,734005.93
1774764000,2004.4,2007.77,1998.83,2003.86,439879.05
1774767600,2003.85,2008.94,1999.0,2005.09,457698.64
1774771200,2005.1,2006.5,2001.39,2003.31,296833.14
1774774800,2003.3,2004.56,1992.37,1998.19,740444.59
1774778400,1998.19,1998.19,1990.3,1995.01,883559.88
1774782000,1995.01,2007.5,1994.4,2002.66,885520.42
1774785600,2002.67,2004.0,1996.61,2000.9,484755.39
1774789200,2000.9,2001.32,1982.06,1986.37,1786235.24
1774792800,1986.38,2001.98,1983.0,1993.22,1349747.28
1774796400,1993.21,1999.54,1985.14,1992.02,1701980.77
1774800000,1992.02,2003.97,1990.78,1996.78,1158543.72
1774803600,1996.78,1999.31,1986.68,1994.42,833210.69
1774807200,1994.43,2001.75,1990.5,1996.51,644847.62
1774810800,1996.5,1999.55,1993.14,1994.93,245212.09
1774814400,1994.93,2008.94,1994.8,2001.65,576192.51
1774818000,2001.64,2006.5,2000.38,2005.34,272918.72
1774821600,2005.34,2005.46,1936.0,1972.52,5180547.37
1774825200,1972.51,1993.96,1971.0,1983.26,3366652.27
1774828800,1983.27,2024.48,1978.6,1996.17,3181412.64
1774832400,1996.18,2015.7,1995.74,2009.57,1454841.76
1774836000,2009.57,2043.0,2006.1,2029.07,3162527.11
1774839600,2029.07,2041.79,2026.51,2035.24,1313370.44
1774843200,2035.24,2053.59,2035.04,2047.5,1862951.06
1774846800,2047.5,2058.79,2042.66,2046.82,1924892.03
1774850400,2046.82,2051.29,2040.0,2041.48,1160600.98
1774854000,2041.49,2069.43,2040.48,2058.62,1968850.61
1774857600,2058.62,2075.89,2057.06,2061.13,2182769.03
1774861200,2061.13,2062.0,2052.69,2054.2,1101332.27
1774864800,2054.2,2057.59,2046.63,2057.2,933106.78
1774868400,2057.2,2081.92,2056.73,2070.48,2716944.96
1774872000,2070.48,2077.77,2068.0,2073.55,1230764.08
1774875600,2073.54,2084.81,2056.95,2059.8,2842328.61
1774879200,2059.79,2075.31,2043.0,2070.63,3926799.03
1774882800,2070.62,2079.32,2060.5,2073.3,2241759.44
1774886400,2073.3,2074.0,2057.7,2065.26,1318223.75
1774890000,2065.26,2071.92,2030.67,2040.96,2901254.45
1774893600,2040.96,2043.85,2026.49,2031.8,1606007.32
1774897200,2031.79,2032.01,2012.0,2022.93,1935921.89
1774900800,2022.92,2027.38,2020.19,2022.55,621405.66
1774904400,2022.55,2048.25,2020.26,2035.13,1276916.75
1774908000,2035.12,2043.24,2027.75,2032.2,524967.56
1774911600,2032.21,2032.21,2012.58,2025.71,1245061.97
1774915200,2025.7,2041.01,2015.22,2036.08,1681375.15
1774918800,2036.08,2091.88,2031.3,2072.03,4385383.5
1774922400,2072.02,2082.8,2065.8,2072.02,1077040.76
1774926000,2072.02,2075.86,2060.41,2065.99,1238246.08
1774929600,2066.0,2071.83,2056.09,2059.94,1186936.44
1774933200,2059.94,2068.5,2054.1,2063.42,900407.03
1774936800,2063.42,2064.0,2054.03,2061.46,693505.9
1774940400,2061.5,2062.24,2040.87,2054.99,1734727.27
1774944000,2054.99,2058.19,2034.48,2039.01,1630190.37
1774947600,2039.0,2043.65,2010.79,2017.5,3077194.16
1774951200,2017.49,2029.5,2016.0,2025.45,1278191.16
1774954800,2025.45,2043.6,2021.6,2040.1,2315388.37
1774958400,2040.09,2057.46,2033.88,2046.61,2636977.35
1774962000,2046.61,2078.96,2046.6,2074.02,3322717.1
1774965600,2074.01,2091.29,2036.03,2045.01,6542181.65
1774969200,2045.01,2077.66,2044.5,2054.0,4272819.15
1774972800,2054.0,2109.0,2053.38,2090.91,5901645.35
1774976400,2090.9,2124.44,2087.9,2092.78,5363938.16
1774980000,2092.77,2114.5,2092.69,2098.99,1657034.32
1774983600,2098.98,2103.56,2091.05,2095.74,805892.33
1774987200,2095.74,2109.98,2095.34,2106.81,695629.76
1774990800,2106.8,2108.49,2092.22,2101.53,647835.13
1774994400,2101.54,2103.31,2085.74,2095.57,909433.82
1774998000,2095.58,2107.99,2091.86,2104.51,831719.76
1775001600,2104.51,2117.47,2095.58,2113.68,1444644.51
1775005200,2113.68,2114.96,2090.01,2092.01,1236728.22
1775008800,2092.0,2095.89,2079.05,2087.7,1514136.2
1775012400,2087.7,2106.35,2087.7,2101.53,1304869.03
1775016000,2101.54,2115.84,2098.76,2110.14,1331230.18
1775019600,2110.15,2136.0,2105.0,2121.65,3184541.49
1775023200,2121.65,2155.59,2121.64,2150.02,4264454.09
1775026800,2150.02,2157.1,2129.02,2130.19,2520573.9
1775030400,2130.19,2142.38,2124.09,2135.99,2092174.11
1775034000,2136.0,2139.38,2127.0,2135.44,1161462.33
1775037600,2135.44,2137.0,2125.21,2131.57,841636.07
1775041200,2131.56,2139.62,2129.7,2134.19,675378.85
1775044800,2134.2,2150.68,2120.88,2129.99,2409338.96
1775048400,2130.0,2134.44,2107.04,2118.63,3890990.91
1775052000,2118.63,2129.99,2113.0,2125.91,1888060.95
1775055600,2125.91,2137.58,2121.33,2133.88,1610374.33
1775059200,2133.9,2152.18,2123.78,2144.99,2492730.86
1775062800,2145.0,2167.42,2132.13,2135.76,3360154.34
1775066400,2135.76,2136.66,2122.27,2128.19,1471208.66
1775070000,2128.19,2144.45,2126.67,2140.34,982078.03
1775073600,2140.34,2146.4,2129.01,2142.4,793641.37
1775077200,2142.39,2164.8,2141.75,2155.52,1388143.46
1775080800,2155.5,2157.5,2136.43,2138.75,1128786.32
1775084400,2138.75,2145.12,2133.75,2138.86,645771.21
1775088000,2138.85,2158.9,2134.62,2154.57,1362987.99
1775091600,2154.57,2154.71,2087.56,2098.8,6557834.85
1775095200,2098.8,2098.8,2062.34,2073.21,3853148.92
1775098800,2073.21,2076.22,2045.0,2055.41,2867065.17
1775102400,2055.4,2057.82,2040.5,2044.01,1823595.65
1775106000,2044.01,2050.91,2036.34,2049.17,1561427.22
1775109600,2049.18,2052.99,2043.87,2049.01,1005820.63
1775113200,2049.0,2056.0,2043.08,2054.85,946347.83
1775116800,2054.85,2054.85,2044.3,2045.33,808463.31
1775120400,2045.33,2047.5,2037.54,2043.21,1055228.69
1775124000,2043.21,2044.25,2030.8,2038.0,1427730.14
1775127600,2038.0,2039.65,2021.69,2032.11,1641733.57
1775131200,2032.1,2032.54,2023.28,2026.28,1517511.66
1775134800,2026.28,2041.81,2015.41,2038.01,3421497.91
1775138400,2038.0,2071.09,2031.74,2062.19,5637475.61
1775142000,2062.18,2066.65,2046.73,2058.44,2542426.57
1775145600,2058.44,2075.66,2050.82,2061.94,1755433.85
1775149200,2061.93,2071.0,2043.26,2046.06,1951910.53
1775152800,2046.06,2062.8,2042.06,2057.43,1089930.61
1775156400,2057.43,2065.75,2053.5,2064.4,760213.35
1775160000,2064.4,2073.0,2059.84,2067.22,953618.06
1775163600,2067.23,2069.56,2054.42,2062.29,568537.76
1775167200,2062.3,2064.0,2052.11,2058.94,476577.23
1775170800,2058.95,2061.3,2052.65,2056.03,504596.79
1775174400,2056.03,2058.66,2048.06,2052.0,542486.98
1775178000,2052.0,2061.7,2044.0,2049.38,999239.35
1775181600,2049.38,2058.75,2039.12,2051.25,1489653.11
1775185200,2051.26,2056.23,2048.85,2052.95,727089.37
1775188800,2052.94,2057.32,2047.07,2053.5,525881.87
1775192400,2053.5,2064.28,2046.09,2056.1,952187.58
1775196000,2056.09,2065.95,2053.67,2062.61,714658.63
1775199600,2062.61,2074.88,2060.66,2065.19,1226142.62
1775203200,2065.18,2071.2,2057.47,2059.74,969914.33
1775206800,2059.74,2063.14,2056.0,2060.18,539480.2
1775210400,2060.17,2060.18,2052.19,2058.81,630542.77
1775214000,2058.81,2064.56,2056.81,2062.07,489846.13
1775217600,2062.08,2082.0,2044.0,2049.17,2908077.04
1775221200,2049.16,2050.5,2040.5,2047.24,1578147.46
1775224800,2047.24,2056.66,2044.47,2053.54,1074681.43
1775228400,2053.55,2056.91,2048.09,2050.39,553420.96
1775232000,2050.38,2055.97,2048.75,2053.88,671504.97
1775235600,2053.87,2054.52,2042.68,2049.29,615722.44
1775239200,2049.29,2052.53,2047.0,2048.44,327438.87
1775242800,2048.43,2053.78,2044.21,2051.7,337784.89
1775246400,2051.71,2054.09,2050.78,2051.69,243198.66
1775250000,2051.69,2061.63,2051.52,2057.59,455971.8
1775253600,2057.58,2059.0,2048.37,2051.17,250983.37
1775257200,2051.17,2053.47,2048.43,2052.95,218436.61
1775260800,2052.95,2053.07,2050.5,2051.37,178178.21
1775264400,2051.37,2053.21,2048.75,2050.74,212513.59
1775268000,2050.73,2052.98,2046.87,2049.34,370687.39
1775271600,2049.35,2051.4,2048.7,2049.4,202325.79
1775275200,2049.4,2051.01,2047.64,2050.28,197581.13
1775278800,2050.27,2054.16,2049.02,2052.86,291204.38
1775282400,2052.86,2057.0,2051.61,2055.28,405531.49
1775286000,2055.28,2056.0,2050.3,2052.8,304453.4
1775289600,2052.8,2054.29,2048.01,2049.63,297410.7
1775293200,2049.63,2051.08,2048.13,2049.57,243467.8
1775296800,2049.56,2054.46,2046.59,2053.36,571248.56
1775300400,2053.35,2054.3,2050.36,2051.0,271777.28
1775304000,2051.0,2052.65,2047.26,2049.3,332901.65
1775307600,2049.29,2054.0,2048.46,2052.3,404301.35
1775311200,2052.31,2053.73,2043.0,2052.01,602339.41
1775314800,2052.01,2061.71,2051.19,2055.21,1156889.27
1775318400,2055.22,2061.26,2052.24,2054.69,662617.65
1775322000,2054.7,2057.28,2051.6,2055.92,356983.65
1775325600,2055.92,2057.63,2053.92,2054.44,155118.88
1775329200,2054.44,2083.36,2054.25,2063.96,2125991.71
1775332800,2063.96,2064.24,2058.26,2061.99,343729.85
1775336400,2061.99,2071.0,2061.75,2067.74,376003.88
1775340000,2067.74,2071.46,2067.2,2067.92,255350.48
1775343600,2067.92,2068.2,2061.48,2064.66,361782.03
1775347200,2064.66,2065.08,2059.0,2061.33,297474.99
1775350800,2061.33,2061.53,2056.0,2056.39,486954.89
1775354400,2056.39,2058.95,2052.3,2058.82,458457.75
1775358000,2058.83,2059.65,2054.01,2055.67,246848.02
1775361600,2055.67,2057.3,2053.0,2054.37,325837.89
1775365200,2054.37,2056.11,2046.12,2047.88,730781.1
1775368800,2047.88,2048.28,2026.01,2037.21,2626358.53
1775372400,2037.21,2041.7,2033.0,2036.02,697680.43
1775376000,2036.01,2038.87,2034.6,2038.01,293049.42
1775379600,2038.01,2044.87,2037.69,2043.09,573246.22
1775383200,2043.1,2051.99,2041.02,2043.58,702859.58
1775386800,2043.57,2044.82,2039.08,2041.0,384258.38
1775390400,2041.0,2041.0,2020.01,2027.36,2020435.83
1775394000,2027.36,2036.92,2024.24,2035.39,1130505.49
1775397600,2035.38,2042.55,2034.0,2037.55,920823.78
1775401200,2037.55,2069.63,2033.21,2053.0,3168043.09
1775404800,2052.99,2058.42,2048.85,2051.04,767014.12
1775408400,2051.04,2061.83,2047.0,2061.41,698637.73
1775412000,2061.41,2066.74,2055.4,2061.94,717506.27
1775415600,2061.95,2068.95,2056.63,2060.97,463413.91
1775419200,2060.97,2074.73,2060.62,2067.87,680397.73
1775422800,2067.88,2068.17,2055.35,2059.09,562019.43
1775426400,2059.08,2087.33,2048.6,2084.69,2159122.54
1775430000,2084.69,2123.0,2080.89,2109.32,3948180.9
1775433600,2109.33,2134.57,2109.33,2120.99,2724643.96
1775437200,2121.0,2123.79,2111.4,2114.14,1390476.66
1775440800,2114.15,2146.55,2113.39,2132.62,2456636.41
1775444400,2132.62,2136.43,2125.0,2128.52,1014232.6
1775448000,2128.53,2134.0,2124.0,2130.0,922065.79
1775451600,2130.0,2133.76,2127.46,2130.26,377077.9
1775455200,2130.27,2138.0,2118.35,2126.45,1762570.52
1775458800,2126.46,2141.3,2121.62,2134.06,1307449.63
1775462400,2134.06,2147.3,2132.4,2137.34,1453177.87
1775466000,2137.33,2174.07,2137.13,2149.91,5166388.41
1775469600,2149.91,2156.8,2147.97,2152.45,938433.17
1775473200,2152.44,2153.0,2145.2,2150.74,715202.77
1775476800,2150.74,2153.79,2140.35,2142.1,1354722.46
1775480400,2142.1,2148.64,2135.39,2144.72,1843369.26
1775484000,2144.73,2164.78,2136.17,2155.2,4508834.46
1775487600,2155.21,2169.0,2153.79,2163.51,2732572.98
1775491200,2163.51,2167.54,2138.4,2138.89,2396230.27
1775494800,2138.89,2139.61,2122.15,2133.87,3049651.59
1775498400,2133.87,2147.93,2130.38,2143.69,1194832.86
1775502000,2143.7,2145.15,2134.44,2143.28,699402.9
1775505600,2143.28,2154.44,2139.26,2147.6,646453.47
1775509200,2147.59,2147.6,2136.25,2138.46,349866.31
1775512800,2138.45,2139.8,2103.5,2104.02,2019160.69
1775516400,2104.02,2109.67,2086.0,2106.27,3300952.15
1775520000,2106.27,2119.71,2104.46,2111.59,1518433.85
1775523600,2111.59,2118.95,2096.0,2098.29,1825909.82
1775527200,2098.29,2111.42,2091.67,2105.56,1155307.47
1775530800,2105.55,2108.9,2102.52,2107.36,540938.68
1775534400,2107.35,2118.14,2102.31,2112.96,976116.23
1775538000,2112.95,2113.48,2102.5,2104.51,667463.55
1775541600,2104.51,2105.7,2095.37,2103.11,1169968.07
1775545200,2103.11,2105.6,2098.0,2103.01,558129.38
1775548800,2103.01,2116.0,2102.41,2113.88,1343544.82
1775552400,2113.87,2132.94,2112.72,2127.44,2439949.58
1775556000,2127.45,2130.65,2084.09,2088.5,4291475.1
1775559600,2088.49,2093.65,2080.63,2088.68,2049406.45
1775563200,2088.69,2092.85,2072.64,2085.81,3217833.13
1775566800,2085.82,2092.44,2073.34,2074.09,1865172.91
1775570400,2074.08,2081.04,2057.0,2068.54,3802097.08
1775574000,2068.55,2083.19,2063.58,2079.41,2060575.74
1775577600,2079.42,2089.93,2076.22,2082.8,1672761.92
1775581200,2082.8,2114.75,2078.52,2098.41,2886712.03
1775584800,2098.41,2100.7,2080.0,2085.54,1194374.48
1775588400,2085.54,2117.34,2083.45,2112.59,2248623.55
1775592000,2112.59,2124.72,2109.37,2114.5,1525102.9
1775595600,2114.5,2153.33,2114.42,2144.21,2826035.77
1775599200,2144.22,2219.12,2144.22,2219.1,7311706.6
1775602800,2219.1,2273.53,2214.61,2239.25,9044208.04
1775606400,2239.25,2251.0,2226.31,2235.3,2723941.23
1775610000,2235.3,2242.07,2228.98,2233.44,1205347.93
1775613600,2233.44,2248.19,2230.0,2236.55,1614456.84
1775617200,2236.55,2239.15,2231.45,2234.0,710911.66
1775620800,2234.0,2252.68,2233.99,2239.99,1796437.24
1775624400,2240.0,2244.85,2236.63,2239.84,744577.49
1775628000,2239.85,2252.9,2234.57,2244.79,1457920.72
1775631600,2244.78,2259.99,2243.32,2252.66,1482255.34
1775635200,2252.65,2258.0,2248.65,2254.93,1095170.2
1775638800,2254.94,2263.4,2245.04,2248.6,1270185.89
1775642400,2248.59,2253.04,2240.0,2241.78,851912.89
1775646000,2241.79,2254.73,2235.91,2246.5,1402489.87
1775649600,2246.5,2259.64,2241.8,2254.59,1440054.95
1775653200,2254.6,2269.8,2230.26,2235.05,5089681.42
1775656800,2235.06,2240.55,2186.17,2194.79,6637254.71
1775660400,2194.78,2217.97,2192.37,2214.67,3030810.2
1775664000,2214.68,2224.71,2210.2,2219.93,1607151.07
1775667600,2219.93,2238.89,2212.12,2230.98,2015848.2
1775671200,2230.98,2231.74,2197.0,2200.84,2139919.28
1775674800,2200.84,2211.58,2196.97,2210.43,1076999.25
1775678400,2210.42,2216.45,2204.51,2209.12,609217.38
1775682000,2209.12,2222.99,2207.11,2214.29,593620.42
1775685600,2214.3,2214.79,2185.0,2188.98,1541919.14
1775689200,2188.99,2193.4,2178.1,2189.14,1349778.55
1775692800,2189.14,2193.25,2178.11,2182.17,1043190.67
1775696400,2182.17,2184.83,2160.0,2177.87,2317348.31
1775700000,2177.87,2184.5,2173.11,2180.52,1043774.91
1775703600,2180.52,2182.97,2174.34,2181.42,746622.83
1775707200,2181.43,2181.43,2175.33,2176.79,415298.81
1775710800,2176.79,2188.0,2174.42,2181.28,1175754.72
1775714400,2181.27,2185.1,2174.58,2180.53,764122.56
1775718000,2180.53,2184.88,2178.56,2179.89,718486.09
1775721600,2179.9,2191.19,2175.3,2185.02,1316409.9
1775725200,2185.02,2196.96,2178.3,2192.93,1451227.22
1775728800,2192.93,2195.99,2187.0,2189.75,1069986.7
1775732400,2189.75,2192.6,2177.49,2179.29,1361489.6
1775736000,2179.3,2187.57,2172.47,2182.85,1291604.22
1775739600,2182.85,2185.96,2158.01,2164.72,3288734.49
1775743200,2164.72,2182.1,2156.02,2177.05,2851126.14
1775746800,2177.06,2224.44,2168.64,2217.13,6623061.97
1775750400,2217.13,2230.0,2192.04,2207.59,4181978.63
1775754000,2207.59,2224.79,2205.49,2222.0,3151843.45
1775757600,2221.99,2222.99,2199.66,2206.25,1678863.69
1775761200,2206.24,2224.25,2203.64,2215.53,1389221.59
1775764800,2215.53,2221.59,2210.0,2212.32,522063.04
1775768400,2212.33,2226.77,2207.03,2209.97,816268.85
1775772000,2209.97,2246.04,2196.23,2196.9,2559457.5
1775775600,2196.9,2200.78,2181.94,2189.02,1799550.57
1775779200,2189.02,2196.56,2181.01,2194.39,1154388.65
1775782800,2194.39,2203.3,2174.77,2193.73,2035588.64
1775786400,2193.73,2197.87,2186.02,2188.33,831757.42
1775790000,2188.33,2191.66,2181.72,2185.63,625531.68
1775793600,2185.63,2198.97,2185.27,2194.99,740986.21
1775797200,2194.99,2202.45,2191.52,2196.15,840702.42
1775800800,2196.14,2197.6,2183.05,2185.74,953272.93
1775804400,2185.74,2187.91,2175.57,2179.04,1128410.65
1775808000,2179.04,2189.95,2176.13,2185.18,1119622.22
1775811600,2185.19,2196.86,2184.85,2195.14,1308339.56
1775815200,2195.14,2197.68,2189.43,2196.52,862865.59
1775818800,2196.53,2223.35,2196.4,2214.5,2960181.19
1775822400,2214.5,2227.99,2206.45,2217.99,2948485.27
1775826000,2217.98,2224.76,2207.08,2221.73,1948983.24
1775829600,2221.73,2252.76,2218.49,2241.3,5248543.0
1775833200,2241.3,2258.0,2218.01,2223.43,3408958.33
1775836800,2223.43,2247.53,2220.12,2244.21,2163696.38
1775840400,2244.22,2248.44,2237.62,2247.23,1032412.98
1775844000,2247.22,2251.99,2237.7,2248.0,906433.92
1775847600,2248.01,2254.85,2242.23,2251.81,905724.35
1775851200,2251.8,2256.93,2241.71,2254.23,809617.88
1775854800,2254.23,2254.88,2241.18,2253.66,638227.33
1775858400,2253.67,2254.26,2233.44,2241.22,770749.77
1775862000,2241.22,2244.8,2238.0,2244.04,328054.5
1775865600,2244.04,2244.04,2234.51,2237.71,429683.42
1775869200,2237.71,2245.99,2233.75,2243.5,511417.63
1775872800,2243.49,2251.17,2241.03,2246.99,592209.62
1775876400,2247.0,2249.5,2234.68,2236.33,696389.89
1775880000,2236.34,2242.08,2234.33,2240.23,509955.56
1775883600,2240.23,2241.17,2228.06,2231.92,1057529.92
1775887200,2231.91,2236.11,2228.8,2234.99,544863.86
1775890800,2234.99,2235.98,2230.01,2231.98,351160.42
1775894400,2231.99,2234.98,2231.0,2232.01,376351.51
1775898000,2232.01,2248.64,2231.3,2242.59,1367119.89
1775901600,2242.6,2244.18,2236.3,2239.33,507348.66
1775905200,2239.32,2246.0,2237.64,2244.89,476603.26
1775908800,2244.9,2245.87,2239.92,2244.41,438165.06
1775912400,2244.41,2244.41,2232.12,2238.42,943159.12
1775916000,2238.43,2243.0,2237.06,2240.81,389755.46
1775919600,2240.82,2255.5,2240.06,2248.26,1054118.17
1775923200,2248.26,2274.7,2245.02,2257.57,2285810.15
1775926800,2257.56,2264.88,2252.19,2258.73,959199.41
1775930400,2258.73,2314.66,2256.0,2304.1,4397367.05
1775934000,2304.09,2329.85,2304.09,2315.23,3155115.18
1775937600,2315.23,2316.39,2287.53,2297.58,1663074.06
1775941200,2297.58,2304.35,2291.21,2298.57,596619.86
1775944800,2298.57,2307.88,2288.34,2295.87,947842.65
1775948400,2295.86,2295.87,2275.21,2283.73,1044552.79
1775952000,2283.73,2287.99,2275.56,2284.69,975896.45
1775955600,2284.7,2287.8,2208.02,2218.07,5959515.99
1775959200,2218.06,2233.86,2205.93,2222.61,2918639.07
1775962800,2222.6,2226.34,2211.88,2213.14,1309724.32
1775966400,2213.13,2215.88,2208.0,2211.58,809453.59
1775970000,2211.58,2219.66,2207.01,2216.07,916626.6
1775973600,2216.07,2219.98,2213.67,2214.92,635578.66
1775977200,2214.92,2219.49,2211.51,2216.87,599256.14
1775980800,2216.87,2218.18,2210.41,2213.01,540846.5
1775984400,2213.0,2215.34,2210.18,2213.27,463762.4
1775988000,2213.26,2216.62,2190.6,2200.94,1832185.37
1775991600,2200.94,2206.82,2195.75,2203.53,870345.92
1775995200,2203.52,2207.61,2186.0,2193.37,1559317.49
1775998800,2193.38,2198.22,2182.92,2185.89,1934465.72
1776002400,2185.89,2192.57,2175.2,2179.85,1742790.35
1776006000,2179.84,2188.13,2173.0,2185.5,1247713.64
1776009600,2185.5,2189.59,2181.5,2186.29,757642.46
1776013200,2186.29,2204.79,2186.28,2202.21,1376207.5
1776016800,2202.22,2206.73,2198.23,2199.24,727539.09
1776020400,2199.24,2204.26,2196.26,2197.24,353217.22
1776024000,2197.23,2218.0,2192.15,2212.35,1134747.82
1776027600,2212.35,2217.33,2203.75,2210.04,572281.53
1776031200,2210.03,2210.32,2181.88,2198.24,2017272.12
1776034800,2198.25,2198.25,2185.0,2190.46,721567.47
1776038400,2190.46,2207.31,2186.0,2204.06,1033980.68
1776042000,2204.06,2208.31,2199.14,2202.51,681960.7
1776045600,2202.51,2204.78,2191.1,2193.18,823417.14
1776049200,2193.18,2195.33,2189.16,2193.25,455483.31
1776052800,2193.25,2198.52,2186.35,2189.33,634110.18
1776056400,2189.33,2190.8,2180.24,2190.3,1024501.76
1776060000,2190.3,2200.85,2189.8,2197.49,944285.87
1776063600,2197.5,2198.81,2181.93,2185.81,1083298.12
1776067200,2185.81,2188.69,2177.01,2184.32,1031670.49
1776070800,2184.32,2194.95,2184.31,2187.16,831882.02
1776074400,2187.16,2188.24,2177.9,2182.97,765975.25
1776078000,2182.98,2190.4,2181.7,2186.56,690056.61
1776081600,2186.56,2198.0,2173.16,2191.53,1899771.59
1776085200,2191.55,2215.0,2180.05,2214.0,3629700.14
1776088800,2213.99,2233.77,2201.76,2232.73,4131040.12
1776092400,2232.73,2235.99,2197.78,2208.51,3066146.17
1776096000,2208.51,2233.7,2198.61,2224.81,3222450.86
1776099600,2224.8,2242.38,2221.3,2223.96,2120496.53
1776103200,2223.97,2233.57,2217.35,2231.27,1175554.38
1776106800,2231.27,2268.25,2226.81,2261.11,3796093.93
1776110400,2261.11,2262.62,2246.6,2251.6,1326664.78
1776114000,2251.6,2265.83,2248.84,2258.77,696625.52
1776117600,2258.77,2365.0,2258.6,2352.12,8551550.43
1776121200,2352.13,2396.0,2340.26,2368.29,5996572.89
1776124800,2368.28,2374.11,2358.02,2359.91,1695067.89
1776128400,2359.92,2372.44,2352.53,2367.24,1575244.7
1776132000,2367.25,2377.86,2364.67,2366.17,1173095.09
1776135600,2366.17,2369.34,2360.36,2364.48,697310.27
1776139200,2364.47,2367.4,2360.87,2363.21,478323.5
1776142800,2363.2,2369.0,2353.7,2354.8,984389.98
1776146400,2354.8,2376.08,2354.8,2371.76,1101283.46
1776150000,2371.77,2390.0,2369.16,2376.79,2361737.89
1776153600,2376.8,2396.6,2372.99,2386.87,2360410.4
1776157200,2386.87,2394.0,2382.23,2386.2,1685130.06
1776160800,2386.21,2386.93,2372.12,2374.18,1038141.5
1776164400,2374.17,2377.48,2366.66,2373.41,1154709.46
1776168000,2373.41,2377.68,2367.84,2373.21,991964.91
1776171600,2373.22,2394.6,2371.57,2389.99,3443409.52
1776175200,2390.0,2416.4,2350.66,2351.8,7509112.46
1776178800,2351.79,2371.54,2330.8,2363.23,6173820.34
1776182400,2363.23,2370.5,2327.78,2332.63,2664216.49
1776186000,2332.62,2344.61,2322.02,2337.4,2158826.97
1776189600,2337.4,2343.29,2307.72,2312.83,2286482.51
1776193200,2312.82,2321.76,2301.38,2312.5,1452268.24
1776196800,2312.5,2322.64,2307.57,2314.05,722878.29
1776200400,2314.05,2326.06,2313.6,2322.31,648443.85
1776204000,2322.31,2332.0,2310.37,2313.78,1094870.64
1776207600,2313.78,2325.76,2313.05,2321.26,749243.48
1776211200,2321.25,2342.63,2320.5,2332.51,1376851.1
1776214800,2332.5,2341.63,2330.12,2334.58,854736.86
1776218400,2334.57,2336.99,2316.56,2323.95,1013803.55
1776222000,2323.95,2328.6,2319.5,2327.89,596975.0
1776225600,2327.88,2333.77,2326.56,2332.17,561315.55
1776229200,2332.17,2337.64,2312.55,2318.6,1465268.87
1776232800,2318.6,2320.49,2314.33,2316.22,587622.89
1776236400,2316.23,2322.86,2306.42,2315.47,1440018.06
1776240000,2315.48,2332.0,2312.73,2326.61,1263179.59
1776243600,2326.6,2329.15,2317.09,2319.03,617851.51
1776247200,2319.02,2327.74,2311.0,2315.91,1233168.69
1776250800,2315.92,2338.94,2315.6,2336.28,1465685.19
1776254400,2336.28,2338.79,2328.13,2331.2,1129545.31
1776258000,2331.2,2333.75,2316.2,2325.72,2014466.47
1776261600,2325.72,2344.01,2320.76,2337.38,2627191.44
1776265200,2337.38,2349.0,2319.27,2330.62,2784224.42
1776268800,2330.61,2348.66,2328.06,2340.3,1751381.43
1776272400,2340.3,2357.42,2338.59,2347.44,1805520.8
1776276000,2347.44,2358.64,2345.03,2357.12,975069.9
1776279600,2357.11,2385.11,2355.92,2373.58,2505428.52
1776283200,2373.59,2374.89,2352.35,2361.71,1080392.92
1776286800,2361.7,2363.0,2346.48,2360.1,733131.15
1776290400,2360.1,2379.99,2359.0,2362.58,1433152.19
1776294000,2362.58,2362.59,2348.0,2358.89,1251861.41
1776297600,2358.89,2363.83,2348.29,2359.26,800719.64
1776301200,2359.26,2359.32,2342.05,2350.86,851515.7
1776304800,2350.86,2368.66,2348.55,2355.58,1301458.05
1776308400,2355.58,2364.57,2354.69,2356.48,583485.7
1776312000,2356.48,2362.86,2346.34,2353.0,800728.59
1776315600,2353.0,2360.58,2349.0,2355.79,638629.72
1776319200,2355.8,2359.38,2348.5,2354.92,554286.23
1776322800,2354.93,2356.0,2333.67,2340.55,1503869.23
1776326400,2340.55,2345.0,2333.03,2338.0,1340239.15
1776330000,2338.0,2347.12,2336.58,2336.99,811878.41
1776333600,2336.99,2339.36,2327.01,2331.12,1479376.86
1776337200,2331.13,2335.36,2328.46,2334.69,674798.04
1776340800,2334.69,2348.76,2333.39,2339.27,1275647.28
1776344400,2339.27,2351.99,2288.0,2306.92,5151888.29
1776348000,2306.92,2315.15,2281.85,2308.4,5023264.16
1776351600,2308.39,2348.88,2306.82,2337.53,3983836.73
1776355200,2337.53,2347.73,2308.21,2315.52,2848830.49
1776358800,2315.52,2328.6,2308.5,2324.62,1618174.75
1776362400,2324.62,2345.82,2318.71,2342.22,1486944.82
1776366000,2342.23,2362.0,2333.09,2358.65,2152826.71
1776369600,2358.65,2363.94,2340.04,2348.81,1255486.01
1776373200,2348.82,2355.67,2335.0,2340.35,794870.67
1776376800,2340.35,2349.92,2337.75,2341.33,625780.73
1776380400,2341.34,2353.8,2340.24,2346.91,718106.82
1776384000,2346.9,2349.61,2339.63,2343.26,615330.58
1776387600,2343.25,2348.0,2325.36,2334.08,1797606.6
1776391200,2334.08,2337.95,2323.19,2330.88,700907.67
1776394800,2330.89,2331.0,2322.06,2324.6,566100.88
1776398400,2324.59,2333.0,2322.93,2328.0,483809.98
1776402000,2328.0,2328.38,2315.7,2318.28,952023.71
1776405600,2318.28,2331.84,2316.68,2330.02,728645.43
1776409200,2330.01,2341.25,2329.08,2333.41,1437361.58
1776412800,2333.41,2358.0,2332.0,2353.59,2345684.04
1776416400,2353.59,2377.53,2346.6,2357.49,3533730.05
1776420000,2357.49,2359.6,2334.09,2342.54,1927694.95
1776423600,2342.54,2355.68,2341.59,2353.38,991062.19
1776427200,2353.38,2381.79,2347.91,2370.53,3111229.21
1776430800,2370.53,2439.84,2365.0,2435.82,12285457.71
1776434400,2435.82,2457.0,2423.14,2445.66,5536531.77
1776438000,2445.66,2448.43,2431.58,2440.65,2667716.2
1776441600,2440.65,2464.99,2439.66,2450.46,3005800.95
1776445200,2450.47,2451.83,2420.41,2439.01,3275327.76
1776448800,2439.0,2441.34,2414.2,2419.07,2107779.23
1776452400,2419.07,2432.0,2416.25,2426.45,975023.9
1776456000,2426.45,2434.29,2415.69,2425.35,750560.41
1776459600,2425.35,2432.26,2418.16,2428.33,437368.58
1776463200,2428.33,2441.55,2421.8,2431.66,923167.65
1776466800,2431.66,2432.16,2413.9,2417.61,764961.46
1776470400,2417.61,2422.5,2407.01,2420.29,995747.24
1776474000,2420.29,2426.58,2416.0,2420.03,544432.85
1776477600,2420.03,2423.76,2415.6,2418.41,354325.96
1776481200,2418.41,2419.3,2397.6,2404.4,1138863.31
1776484800,2404.4,2409.4,2398.35,2406.57,1028446.31
1776488400,2406.56,2412.75,2404.47,2407.97,455868.33
1776492000,2407.97,2410.77,2404.05,2408.47,354839.27
1776495600,2408.47,2410.0,2400.74,2402.65,450803.46
1776499200,2402.65,2404.17,2366.01,2379.9,4381852.86
1776502800,2379.9,2380.38,2369.03,2375.35,1287696.7
1776506400,2375.34,2375.35,2353.25,2358.59,2416543.24
1776510000,2358.59,2359.78,2342.51,2352.12,2006729.46
1776513600,2352.13,2362.81,2350.91,2357.15,1125311.07
1776517200,2357.15,2359.96,2344.74,2354.54,1063528.37
1776520800,2354.53,2364.59,2348.55,2364.06,1042498.04
1776524400,2364.05,2369.87,2356.56,2362.25,928574.65
1776528000,2362.24,2374.45,2352.8,2359.18,1589624.76
1776531600,2359.18,2363.33,2350.0,2359.98,951302.58
1776535200,2359.97,2361.95,2335.72,2345.88,1725805.03
1776538800,2345.89,2354.22,2344.81,2347.01,442550.33
1776542400,2347.01,2353.4,2343.18,2350.88,396305.63
1776546000,2350.87,2354.39,2345.45,2354.03,271583.78
1776549600,2354.03,2358.0,2347.06,2355.1,434203.06
1776553200,2355.1,2359.6,2348.19,2349.25,286754.15
1776556800,2349.26,2354.18,2342.84,2347.68,510444.51
1776560400,2347.68,2351.71,2340.01,2346.4,524139.32
1776564000,2346.41,2348.0,2331.41,2336.87,1216556.41
1776567600,2336.88,2342.97,2330.27,2338.45,679683.84
1776571200,2338.45,2344.96,2320.0,2332.0,1498834.89
1776574800,2332.0,2337.56,2327.58,2331.61,592822.77
1776578400,2331.6,2332.2,2320.02,2326.24,1143169.88
1776582000,2326.24,2326.27,2295.17,2314.52,3406627.79
1776585600,2314.52,2319.53,2309.28,2317.21,807506.06
1776589200,2317.21,2318.0,2304.36,2308.99,847669.68
1776592800,2308.99,2318.85,2305.27,2316.8,929805.04
1776596400,2316.81,2330.97,2316.0,2327.73,1443818.89
1776600000,2327.74,2335.99,2322.61,2329.37,1503164.46
1776603600,2329.37,2348.82,2328.46,2337.19,2147270.71
1776607200,2337.2,2341.95,2325.5,2336.57,1282686.95
1776610800,2336.58,2340.43,2313.41,2329.5,1535477.6
1776614400,2329.49,2330.32,2303.02,2310.44,1823130.87
1776618000,2310.45,2316.4,2291.87,2295.36,2396696.2
1776621600,2295.37,2301.19,2286.76,2295.03,1705482.76
1776625200,2295.03,2304.44,2293.51,2299.01,910498.04
1776628800,2299.01,2299.84,2271.33,2279.41,1725311.3
1776632400,2279.41,2289.36,2273.35,2275.01,897821.61
1776636000,2275.0,2275.0,2251.05,2268.45,3261303.0
1776639600,2268.46,2269.98,2255.54,2262.48,1146212.1
1776643200,2262.49,2282.13,2258.51,2278.5,1395594.03
1776646800,2278.49,2293.32,2276.52,2284.85,1261438.31
1776650400,2284.84,2285.93,2270.48,2276.3,979575.68
1776654000,2276.3,2287.67,2274.72,2285.03,617030.5
1776657600,2285.04,2285.04,2277.21,2282.0,469331.31
1776661200,2282.01,2282.01,2261.68,2269.16,1305892.21
1776664800,2269.17,2288.31,2267.37,2284.97,1250320.33
1776668400,2284.96,2333.49,2281.58,2296.99,5289526.78
1776672000,2296.99,2306.99,2288.22,2292.83,1308719.47
1776675600,2292.84,2312.8,2292.17,2307.69,1454199.36
1776679200,2307.7,2318.82,2301.56,2302.02,1164907.82
1776682800,2302.02,2311.41,2298.25,2307.14,768680.4
1776686400,2307.14,2322.55,2303.14,2317.55,1318016.76
1776690000,2317.54,2325.94,2300.15,2309.73,2550649.74
1776693600,2309.73,2321.29,2280.89,2289.71,3992785.66
1776697200,2289.7,2317.88,2277.23,2312.56,3489743.64
1776700800,2312.56,2313.47,2296.79,2298.69,1106810.76
1776704400,2298.68,2321.76,2296.5,2315.99,1534670.54
1776708000,2316.0,2343.68,2316.0,2332.98,2910999.52
1776711600,2332.98,2334.98,2325.5,2330.49,717499.79
1776715200,2330.49,2339.73,2322.54,2335.95,784238.95
1776718800,2335.95,2345.42,2313.0,2320.14,1460778.15
1776722400,2320.13,2327.54,2315.11,2318.0,518867.47
1776726000,2317.99,2317.99,2305.0,2312.4,761170.41
1776729600,2312.4,2324.04,2310.31,2320.85,707063.71
1776733200,2320.85,2326.81,2311.24,2313.92,688966.59
1776736800,2313.92,2314.52,2305.04,2307.37,667429.4
1776740400,2307.36,2311.69,2297.0,2310.35,963939.31
1776744000,2310.35,2314.97,2303.26,2313.32,593321.41
1776747600,2313.31,2319.88,2311.34,2312.92,693922.38
1776751200,2312.91,2326.97,2306.67,2316.0,1051439.93
1776754800,2316.0,2323.37,2310.03,2316.87,1079035.59
1776758400,2316.88,2338.0,2312.5,2322.09,1523856.16
1776762000,2322.09,2326.36,2316.42,2324.28,829438.93
1776765600,2324.27,2335.78,2323.52,2329.65,1089580.9
1776769200,2329.65,2329.98,2314.01,2319.01,1643724.81
1776772800,2319.01,2323.15,2292.0,2306.8,2915740.87
1776776400,2306.79,2316.79,2299.05,2311.65,1563594.34
1776780000,2311.66,2326.67,2293.96,2298.01,2651097.72
1776783600,2298.0,2309.9,2288.22,2309.21,2727855.89
1776787200,2309.21,2323.99,2305.0,2306.26,1826658.94
1776790800,2306.25,2318.88,2282.0,2305.07,2959057.47
1776794400,2305.07,2312.33,2298.95,2311.67,1047938.02
1776798000,2311.66,2331.31,2286.07,2297.5,3137807.55
1776801600,2297.5,2324.68,2294.55,2313.34,2346440.2
1776805200,2313.34,2316.97,2308.22,2311.06,322940.63
1776808800,2311.06,2315.89,2300.0,2310.21,663851.28
1776812400,2310.21,2329.14,2309.7,2326.2,983622.16
1776816000,2326.2,2329.68,2321.05,2324.36,620807.32
1776819600,2324.36,2327.55,2311.9,2321.5,984495.15
1776823200,2321.49,2375.0,2319.0,2369.53,5333773.81
1776826800,2369.53,2378.78,2357.15,2362.65,2361128.05
1776830400,2362.65,2368.86,2357.17,2363.0,1111153.94
1776834000,2363.0,2413.48,2360.77,2395.41,6351635.55
1776837600,2395.41,2395.84,2388.12,2392.08,1172126.72
1776841200,2392.07,2396.47,2382.77,2388.9,1329999.19
1776844800,2388.89,2392.64,2382.0,2387.03,883240.81
1776848400,2387.03,2392.97,2383.6,2386.63,689829.72
1776852000,2386.62,2392.49,2383.8,2389.09,379006.57
1776855600,2389.08,2399.6,2385.3,2397.39,955089.8
1776859200,2397.4,2406.14,2394.76,2403.62,1606771.34
1776862800,2403.63,2422.45,2399.14,2415.95,3417220.08
1776866400,2415.95,2422.79,2390.5,2401.8,3327325.36
1776870000,2401.8,2412.75,2388.88,2402.76,2418526.24
1776873600,2402.76,2412.73,2383.14,2385.47,2077359.59
1776877200,2385.48,2401.65,2385.47,2398.02,1289135.48
1776880800,2398.01,2403.6,2394.0,2396.07,685312.73
1776884400,2396.08,2406.0,2387.68,2396.53,1118808.81
1776888000,2396.53,2401.45,2389.66,2390.79,652207.91
1776891600,2390.78,2405.0,2390.58,2401.12,376608.95
1776895200,2401.13,2404.13,2393.0,2398.61,419335.44
1776898800,2398.62,2399.35,2372.03,2372.93,1711604.87
1776902400,2372.94,2382.19,2342.5,2371.92,3516728.71
1776906000,2371.93,2372.0,2359.16,2365.93,980710.57
1776909600,2365.94,2366.45,2343.0,2351.16,2439597.77
1776913200,2351.15,2352.23,2330.13,2339.83,2499941.4
1776916800,2339.83,2347.5,2336.25,2346.56,919956.63
1776920400,2346.57,2351.68,2339.2,2347.78,1038881.77
1776924000,2347.77,2358.0,2347.77,2353.22,1133549.89
1776927600,2353.22,2355.51,2339.53,2343.17,1044268.27
1776931200,2343.16,2343.97,2334.0,2339.1,1285091.25
1776934800,2339.1,2339.1,2312.0,2315.43,3003876.1
1776938400,2315.43,2318.54,2303.01,2313.35,1980255.1
1776942000,2313.35,2331.46,2313.35,2327.94,1472777.11
1776945600,2327.93,2334.57,2318.74,2327.48,1352894.52
1776949200,2327.49,2331.25,2314.08,2318.6,1398494.65
1776952800,2318.6,2334.11,2314.81,2332.77,1542742.25
1776956400,2332.77,2343.0,2322.52,2332.0,2066531.26
1776960000,2331.99,2334.27,2321.43,2324.96,866391.26
1776963600,2324.96,2328.28,2283.59,2308.95,5035142.15
1776967200,2308.94,2318.15,2303.01,2303.93,1668332.63
1776970800,2303.94,2317.86,2298.34,2311.89,923418.94
1776974400,2311.88,2328.84,2311.57,2324.22,970292.07
1776978000,2324.22,2327.51,2319.61,2320.16,427007.29
1776981600,2320.16,2338.81,2320.15,2330.55,909937.75
1776985200,2330.55,2332.2,2322.3,2328.97,467682.91
1776988800,2328.98,2336.4,2325.48,2331.27,607834.45
1776992400,2331.27,2333.62,2317.04,2331.59,1000483.8
1776996000,2331.59,2334.46,2313.72,2318.61,947379.67
1776999600,2318.6,2321.17,2298.53,2307.19,1792686.17
1777003200,2307.2,2310.81,2298.2,2305.11,835546.12
1777006800,2305.1,2316.4,2298.82,2313.76,981764.55
1777010400,2313.77,2315.9,2307.14,2308.11,674434.85
1777014000,2308.11,2315.41,2307.22,2310.64,787602.52
1777017600,2310.64,2322.45,2306.25,2313.76,1140644.12
1777021200,2313.77,2314.43,2302.12,2308.74,992395.16
1777024800,2308.74,2317.95,2304.7,2314.59,754778.56
1777028400,2314.6,2331.2,2314.53,2326.61,2146335.64
1777032000,2326.61,2330.84,2316.27,2324.01,1232554.37
1777035600,2324.01,2330.96,2309.03,2316.2,1853760.79
1777039200,2316.19,2317.36,2303.0,2312.63,2024669.25
1777042800,2312.63,2329.45,2300.01,2323.0,2068900.89
1777046400,2323.0,2323.28,2309.0,2315.76,878598.38
1777050000,2315.77,2321.6,2307.6,2318.93,725334.69
1777053600,2318.93,2320.31,2309.0,2318.84,543158.15
1777057200,2318.84,2324.5,2318.0,2320.48,385479.6
1777060800,2320.48,2328.0,2313.5,2325.74,724145.31
1777064400,2325.73,2326.67,2311.11,2314.32,562214.66
1777068000,2314.32,2315.15,2305.78,2311.08,460324.39
1777071600,2311.08,2315.38,2311.08,2314.05,200551.14
1777075200,2314.05,2315.23,2310.36,2315.0,205714.41
1777078800,2315.0,2320.32,2314.55,2316.78,341464.98
1777082400,2316.77,2318.28,2313.1,2316.35,297145.56
1777086000,2316.35,2319.8,2314.54,2317.54,218779.92
1777089600,2317.54,2318.08,2315.0,2315.5,162996.95
1777093200,2315.51,2315.51,2312.1,2315.16,264916.75
1777096800,2315.15,2316.62,2313.78,2315.06,163123.2
1777100400,2315.07,2317.82,2313.2,2315.46,206607.89
1777104000,2315.45,2319.88,2314.9,2318.1,337510.44
1777107600,2318.11,2321.86,2315.48,2317.8,475566.92
1777111200,2317.8,2321.49,2317.32,2319.0,313981.5
1777114800,2319.0,2319.0,2310.05,2312.97,673860.46
1777118400,2312.97,2316.92,2310.32,2312.35,449701.25
1777122000,2312.36,2316.89,2312.36,2315.13,268800.0
1777125600,2315.13,2318.0,2314.0,2314.68,337011.84
1777129200,2314.68,2317.42,2301.0,2306.93,991551.98
1777132800,2306.93,2310.63,2298.64,2308.83,1121609.42
1777136400,2308.83,2313.0,2306.38,2308.42,409331.66
1777140000,2308.42,2313.6,2307.55,2310.82,270665.65
1777143600,2310.83,2311.53,2306.25,2309.19,268448.5
1777147200,2309.2,2312.43,2308.17,2312.07,183428.77
1777150800,2312.07,2316.8,2311.85,2314.97,331379.79
1777154400,2314.97,2319.67,2314.11,2317.02,322923.67
1777158000,2317.02,2318.89,2315.47,2318.42,249104.04
1777161600,2318.43,2318.75,2310.05,2314.19,359071.96
1777165200,2314.19,2317.17,2312.33,2312.97,312763.84
1777168800,2312.97,2317.6,2312.55,2314.26,245033.85
1777172400,2314.26,2315.63,2305.63,2309.23,504311.66
1777176000,2309.24,2318.76,2308.11,2316.43,533995.23
1777179600,2316.4,2337.75,2316.28,2326.7,2439617.08
1777183200,2326.7,2332.2,2326.04,2328.96,540591.01
1777186800,2328.97,2331.13,2327.03,2330.05,348406.74
1777190400,2330.05,2336.76,2329.01,2331.29,693310.34
1777194000,2331.29,2334.26,2328.21,2333.36,431389.65
1777197600,2333.35,2335.5,2330.1,2331.64,375261.99
1777201200,2331.63,2336.42,2331.19,2334.74,460169.03
1777204800,2334.74,2335.13,2323.0,2327.88,900301.01
1777208400,2327.89,2334.73,2326.83,2333.99,524877.17
1777212000,2333.98,2354.0,2332.3,2345.4,2555460.44
1777215600,2345.39,2348.09,2343.04,2347.55,662109.92
1777219200,2347.56,2349.18,2341.68,2341.89,690404.53
1777222800,2341.89,2350.22,2339.04,2348.41,545725.94
1777226400,2348.4,2367.89,2346.54,2360.58,1981030.38
1777230000,2360.58,2375.75,2358.34,2366.48,1558729.05
1777233600,2366.48,2371.95,2361.08,2361.24,605276.99
1777237200,2361.25,2369.87,2345.01,2363.09,1416870.1
1777240800,2363.09,2379.99,2351.62,2360.26,1781760.54
1777244400,2360.25,2378.68,2355.5,2368.22,1282763.89
1777248000,2368.23,2392.0,2356.32,2389.0,2179486.5
1777251600,2389.0,2404.0,2376.25,2393.62,2925961.61
1777255200,2393.62,2395.77,2385.56,2390.88,837718.5
1777258800,2390.88,2399.99,2389.22,2393.56,1018418.72
1777262400,2393.57,2394.92,2379.59,2382.05,1207315.18
1777266000,2382.06,2382.71,2316.84,2321.94,7855181.5
1777269600,2321.93,2327.78,2310.57,2319.45,2062900.79
1777273200,2319.45,2322.28,2313.48,2314.58,912070.52
1777276800,2314.57,2318.58,2307.47,2318.57,1431885.29
1777280400,2318.58,2324.43,2314.0,2320.73,867193.02
1777284000,2320.73,2322.92,2316.83,2318.51,406774.24
1777287600,2318.5,2321.3,2315.35,2318.76,342253.54
1777291200,2318.75,2319.64,2311.28,2313.08,708564.28
1777294800,2313.08,2319.9,2301.32,2311.22,1988110.33
1777298400,2311.22,2329.0,2307.45,2313.94,2399562.73
1777302000,2313.94,2314.14,2263.25,2273.75,7338580.19
1777305600,2273.75,2279.42,2268.88,2276.56,1296959.08
1777309200,2276.57,2291.28,2276.56,2285.53,1251139.3
1777312800,2285.52,2290.63,2283.15,2287.24,448890.25
1777316400,2287.23,2289.94,2273.03,2287.86,839499.08
1777320000,2287.86,2295.6,2287.79,2290.23,536094.55
1777323600,2290.23,2291.0,2285.6,2286.09,232575.38
1777327200,2286.09,2294.94,2283.23,2293.08,438047.76
1777330800,2293.08,2307.57,2289.73,2302.7,1157710.92
1777334400,2302.7,2309.99,2298.01,2305.41,839191.5
1777338000,2305.4,2307.6,2296.2,2297.47,686879.67
1777341600,2297.47,2299.7,2278.63,2287.6,1510821.84
1777345200,2287.59,2289.75,2280.94,2289.64,595288.24
1777348800,2289.64,2293.46,2281.8,2287.37,788363.4
1777352400,2287.37,2296.24,2285.2,2286.75,711900.68
1777356000,2286.76,2289.75,2267.25,2276.4,1710302.83
1777359600,2276.4,2288.0,2268.88,2286.6,1361539.77
1777363200,2286.61,2290.98,2282.31,2286.11,775357.53
1777366800,2286.1,2287.51,2275.35,2281.4,600912.23
1777370400,2281.4,2286.35,2279.61,2283.23,483188.15
1777374000,2283.24,2284.23,2269.0,2274.58,1324319.58
1777377600,2274.58,2280.25,2270.45,2277.28,1006546.32
1777381200,2277.27,2285.7,2256.3,2275.07,4041785.29
1777384800,2275.08,2275.68,2258.65,2272.25,1871872.25
1777388400,2272.24,2279.68,2268.0,2278.27,1252840.49
1777392000,2278.27,2287.42,2273.0,2284.76,1209860.09
1777395600,2284.76,2292.2,2277.53,2289.17,1082384.29
1777399200,2289.17,2297.66,2286.33,2295.84,1524048.5
1777402800,2295.85,2304.85,2289.01,2300.87,1166381.74
1777406400,2300.87,2304.8,2294.34,2294.34,578690.79
1777410000,2294.34,2296.33,2283.5,2289.31,652853.26
1777413600,2289.3,2293.62,2284.03,2285.28,380677.66
1777417200,2285.28,2289.41,2282.15,2288.27,355407.17
1777420800,2288.26,2293.96,2284.32,2291.5,508309.49
1777424400,2291.5,2296.37,2278.01,2291.56,1580121.62
1777428000,2291.57,2294.8,2283.55,2287.99,644837.44
1777431600,2288.0,2316.65,2287.0,2310.76,2848737.28
1777435200,2310.76,2341.88,2308.39,2326.01,3845740.72
1777438800,2326.0,2331.65,2321.11,2327.99,1303854.08
1777442400,2327.99,2336.0,2319.0,2323.68,1490732.51
1777446000,2323.69,2329.8,2320.79,2322.79,811146.42
1777449600,2322.79,2328.0,2320.07,2324.42,685693.4
1777453200,2324.41,2346.27,2322.0,2338.51,2170987.17
1777456800,2338.51,2346.0,2328.23,2332.18,1973119.22
1777460400,2332.17,2334.86,2327.22,2330.46,828836.29
1777464000,2330.46,2330.8,2306.4,2315.24,2973580.52
1777467600,2315.23,2317.45,2288.55,2302.01,3287165.36
1777471200,2302.0,2307.78,2292.53,2298.4,1451630.15
1777474800,2298.41,2300.42,2261.45,2271.58,4390483.39
1777478400,2271.58,2278.58,2261.54,2266.59,2000722.89
1777482000,2266.6,2282.97,2265.12,2282.8,1349584.71
1777485600,2282.8,2285.8,2218.82,2237.82,8823364.69
1777489200,2237.83,2241.39,2223.48,2232.33,1354568.74
1777492800,2232.34,2247.6,2229.33,2239.25,1209267.87
1777496400,2239.25,2265.0,2237.25,2251.85,1127765.49
1777500000,2251.86,2258.0,2248.68,2256.52,589444.17
1777503600,2256.52,2259.75,2249.01,2251.92,635470.24
1777507200,2251.92,2275.0,2248.01,2271.24,1614265.73
1777510800,2271.24,2278.51,2265.77,2268.25,1243665.86
1777514400,2268.26,2272.5,2234.59,2243.89,2302437.05
1777518000,2243.88,2256.0,2242.72,2252.07,844112.76
1777521600,2252.06,2253.22,2235.6,2238.23,1108225.27
1777525200,2238.24,2247.78,2230.38,2241.72,1082922.25
1777528800,2241.72,2251.8,2240.7,2246.9,705745.82
1777532400,2246.89,2261.31,2242.42,2259.0,1221941.89
1777536000,2259.0,2261.0,2253.65,2255.07,828316.0
1777539600,2255.07,2270.0,2254.51,2260.5,1220002.55
1777543200,2260.5,2264.5,2255.32,2260.31,714900.91
1777546800,2260.32,2273.83,2251.0,2257.33,1806158.62
1777550400,2257.32,2270.0,2256.7,2264.31,948961.53
1777554000,2264.31,2271.47,2253.35,2262.8,1740850.07
1777557600,2262.8,2269.8,2245.29,2261.08,2496346.89
1777561200,2261.09,2275.0,2256.19,2264.47,1323823.95
1777564800,2264.46,2266.0,2254.15,2255.87,712711.82
1777568400,2255.87,2259.74,2250.01,2257.21,897442.08
1777572000,2257.21,2264.36,2253.3,2258.51,628755.74
1777575600,2258.5,2265.92,2256.63,2260.64,374876.8
1777579200,2260.64,2266.28,2259.28,2263.02,230454.49
1777582800,2263.02,2263.53,2252.45,2255.16,309378.26
1777586400,2255.15,2260.3,2251.2,2253.35,308080.11
1777590000,2253.35,2258.05,2252.76,2256.74,307201.03
1777593600,2256.75,2265.0,2256.26,2258.92,509627.7
1777597200,2258.92,2269.47,2258.63,2266.26,699020.43
1777600800,2266.27,2269.12,2263.63,2265.82,391345.07
1777604400,2265.82,2294.71,2264.79,2281.89,2772734.23
1777608000,2281.88,2285.0,2276.28,2279.13,939007.96
1777611600,2279.13,2285.61,2277.42,2282.38,511422.48
1777615200,2282.39,2285.51,2270.94,2276.01,932481.46
1777618800,2276.01,2279.96,2272.0,2278.39,585199.1
1777622400,2278.4,2287.9,2276.04,2285.4,853204.08
1777626000,2285.41,2285.73,2278.28,2280.59,442556.67
1777629600,2280.59,2284.8,2275.65,2281.34,577536.89
1777633200,2281.34,2292.19,2280.51,2285.16,866063.59
1777636800,2285.16,2312.27,2282.52,2300.02,4075971.29
1777640400,2300.01,2324.2,2300.01,2316.99,3229021.71
1777644000,2316.98,2325.0,2300.2,2306.77,2669520.84
1777647600,2306.77,2316.0,2296.63,2306.88,1766398.21
1777651200,2306.87,2313.34,2297.27,2300.79,1481028.2
1777654800,2300.78,2312.93,2297.69,2310.86,1143290.16
1777658400,2310.87,2311.67,2302.6,2303.6,937310.17
1777662000,2303.61,2307.14,2301.4,2304.01,479136.84
1777665600,2304.01,2305.3,2277.41,2283.81,2113045.06
1777669200,2283.8,2294.29,2282.26,2291.35,747907.13
1777672800,2291.35,2298.35,2289.19,2292.06,475634.85
1777676400,2292.07,2295.21,2287.5,2294.37,351810.72
1777680000,2294.37,2298.38,2291.12,2296.43,352581.1
1777683600,2296.44,2299.78,2294.41,2297.63,347044.79
1777687200,2297.64,2307.88,2294.24,2302.37,691322.42
1777690800,2302.37,2307.44,2299.88,2303.25,505536.75
1777694400,2303.26,2304.08,2298.1,2300.27,376581.65
1777698000,2300.27,2300.64,2295.26,2298.29,381005.08
1777701600,2298.28,2305.38,2296.04,2304.06,412357.41
1777705200,2304.06,2305.12,2299.62,2299.91,303487.85
1777708800,2299.92,2303.52,2297.64,2302.03,271153.94
1777712400,2302.03,2306.74,2302.03,2304.0,287995.22
1777716000,2304.0,2304.8,2300.64,2302.11,253180.51
1777719600,2302.11,2304.0,2298.9,2301.14,289554.18
1777723200,2301.13,2304.54,2300.01,2302.45,241543.53
1777726800,2302.45,2311.99,2302.44,2307.0,702224.14
1777730400,2307.0,2307.58,2304.03,2305.25,296847.61
1777734000,2305.24,2308.6,2303.87,2307.64,274355.39
1777737600,2307.64,2312.88,2306.42,2307.99,491622.66
1777741200,2308.0,2309.15,2304.2,2304.95,284882.16
1777744800,2304.95,2310.6,2302.08,2308.68,325459.13
1777748400,2308.68,2311.77,2307.82,2310.34,172412.99
1777752000,2310.34,2310.83,2308.2,2310.4,153171.51
1777755600,2310.4,2343.56,2309.93,2324.61,1845416.1
1777759200,2324.61,2327.4,2317.0,2326.01,787117.88
1777762800,2326.0,2326.01,2312.04,2316.25,622266.83
1777766400,2316.24,2316.93,2307.51,2313.04,755232.89
1777770000,2313.05,2313.5,2302.0,2302.79,882226.83
1777773600,2302.8,2305.81,2297.24,2302.32,820278.72
1777777200,2302.32,2303.02,2298.53,2301.0,396275.65
1777780800,2301.0,2303.71,2296.36,2300.4,482061.7
1777784400,2300.39,2304.03,2300.29,2303.14,215392.67
1777788000,2303.14,2305.65,2298.5,2303.27,330627.78
1777791600,2303.27,2313.55,2303.27,2308.47,850552.27
1777795200,2308.46,2311.88,2306.26,2307.19,233717.25
1777798800,2307.2,2321.69,2306.5,2315.4,915028.69
1777802400,2315.39,2315.7,2310.24,2310.54,343325.98
1777806000,2310.53,2327.0,2309.16,2318.65,1070805.14
1777809600,2318.65,2332.17,2318.65,2324.33,1015606.37
1777813200,2324.32,2327.5,2319.13,2321.0,576514.75
1777816800,2321.0,2328.72,2320.3,2327.12,483427.07
1777820400,2327.11,2332.96,2323.28,2327.5,903516.65
1777824000,2327.49,2334.99,2320.67,2327.36,809459.95
1777827600,2327.36,2334.71,2323.0,2330.75,541462.45
1777831200,2330.75,2332.58,2326.91,2329.9,219130.03
1777834800,2329.91,2337.74,2327.28,2334.31,419191.14
1777838400,2334.31,2343.7,2327.1,2328.6,1026264.33
1777842000,2328.6,2334.23,2313.02,2322.95,1051542.78
1777845600,2322.96,2356.01,2322.96,2342.95,2392255.05
1777849200,2342.95,2346.69,2318.53,2321.95,1354420.42
1777852800,2321.95,2321.95,2308.01,2317.98,1666561.09
1777856400,2317.98,2353.66,2311.67,2349.98,2749511.39
1777860000,2349.98,2388.0,2344.1,2374.2,5868211.81
1777863600,2374.2,2392.0,2370.78,2384.21,2149466.46
1777867200,2384.21,2399.87,2383.27,2389.23,1843994.5
1777870800,2389.24,2390.26,2374.29,2375.5,1374084.77
1777874400,2375.5,2378.27,2353.0,2367.59,2077768.43
1777878000,2367.58,2372.86,2361.51,2362.0,728275.8
1777881600,2362.01,2364.41,2357.0,2359.34,837535.4
1777885200,2359.34,2370.16,2357.1,2367.56,831196.85
1777888800,2367.55,2368.99,2313.0,2337.02,6994927.52
1777892400,2337.01,2342.38,2331.35,2336.16,933926.11
1777896000,2336.15,2342.58,2331.25,2333.86,721754.34
1777899600,2333.85,2343.83,2324.25,2335.35,1592684.12
1777903200,2335.34,2382.06,2326.18,2370.37,4870506.17
1777906800,2370.37,2373.33,2334.76,2348.99,4606153.76
1777910400,2349.0,2364.81,2335.39,2354.18,2572994.43
1777914000,2354.18,2379.6,2352.83,2369.39,1751872.66
1777917600,2369.4,2374.36,2355.27,2360.52,1056138.95
1777921200,2360.52,2363.48,2352.51,2355.35,752727.93
1777924800,2355.36,2358.52,2346.13,2349.01,496543.39
1777928400,2349.0,2363.66,2348.1,2359.58,414298.62
1777932000,2359.58,2364.99,2352.72,2353.11,445341.78
1777935600,2353.11,2353.11,2343.42,2346.0,539144.22
1777939200,2346.0,2358.15,2343.72,2357.59,456140.27
1777942800,2357.59,2363.32,2353.81,2360.69,550786.43
1777946400,2360.69,2376.98,2357.84,2366.61,1711580.84
1777950000,2366.61,2388.3,2363.14,2381.13,1681473.35
1777953600,2381.12,2384.65,2374.07,2379.76,934857.29
1777957200,2379.76,2389.63,2375.75,2378.87,1326884.18
1777960800,2378.87,2380.43,2366.02,2378.14,1036963.76
1777964400,2378.14,2387.9,2375.0,2379.24,1081578.98
1777968000,2379.24,2383.29,2371.5,2375.63,698347.44
1777971600,2375.63,2375.9,2365.9,2369.25,884853.98
1777975200,2369.25,2379.0,2366.56,2377.58,837957.18
1777978800,2377.58,2382.87,2371.8,2378.67,783586.49
1777982400,2378.68,2388.88,2374.97,2387.05,1582714.53
1777986000,2387.06,2399.0,2381.55,2387.28,3347463.0
1777989600,2387.28,2391.6,2367.05,2377.69,3154571.39
1777993200,2377.7,2387.5,2374.3,2380.25,1153941.16
1777996800,2380.24,2382.57,2360.0,2365.13,1951535.48
1778000400,2365.12,2369.64,2358.8,2362.35,934419.01
1778004000,2362.36,2374.11,2362.27,2371.22,674409.18
1778007600,2371.21,2375.55,2368.3,2370.82,497427.12
1778011200,2370.82,2386.5,2370.31,2381.51,1091682.44
1778014800,2381.51,2387.7,2367.11,2374.42,821249.21
1778018400,2374.42,2380.93,2352.0,2366.33,1677243.04
1778022000,2366.32,2368.86,2353.4,2359.7,963988.17
1778025600,2359.7,2367.0,2353.0,2363.44,896890.66
1778029200,2363.44,2376.0,2361.5,2372.13,1039180.17
1778032800,2372.13,2372.99,2359.0,2368.54,889010.0
1778036400,2368.53,2379.85,2366.63,2375.49,1004685.85
1778040000,2375.49,2378.0,2359.2,2365.03,1001110.92
1778043600,2365.02,2366.0,2353.61,2364.28,1074622.84
1778047200,2364.28,2370.72,2360.0,2369.6,790908.84
1778050800,2369.59,2374.14,2367.71,2370.3,709638.27
1778054400,2370.3,2395.68,2368.01,2393.48,2782896.6
1778058000,2393.47,2417.96,2383.47,2411.88,4978028.01
1778061600,2411.87,2414.55,2404.12,2409.03,1727822.61
1778065200,2409.02,2423.77,2407.05,2409.78,2660018.67
1778068800,2409.77,2412.98,2397.19,2403.89,2092681.19
1778072400,2403.9,2403.9,2363.59,2367.6,5335040.83
1778076000,2367.6,2372.28,2344.0,2358.6,5212340.92
1778079600,2358.6,2365.28,2353.24,2357.91,1583847.41
1778083200,2357.92,2368.44,2349.2,2357.06,1738226.14
1778086800,2357.05,2360.0,2346.25,2349.19,936631.24
1778090400,2349.19,2351.57,2335.31,2344.11,1826319.33
1778094000,2344.1,2349.34,2341.33,2348.05,540480.37
1778097600,2348.05,2356.4,2343.99,2350.18,899117.87
1778101200,2350.18,2356.94,2344.7,2353.62,413893.62
1778104800,2353.62,2354.35,2343.83,2346.38,427793.65
1778108400,2346.38,2350.94,2337.29,2350.15,743338.2
1778112000,2350.15,2351.81,2327.59,2328.18,1596597.74
1778115600,2328.18,2334.1,2311.44,2326.21,2632122.02
1778119200,2326.2,2326.9,2312.54,2321.17,1645926.6
1778122800,2321.16,2324.88,2314.3,2321.29,678054.53
1778126400,2321.3,2326.68,2316.58,2326.5,696077.44
1778130000,2326.49,2333.2,2326.0,2330.2,629911.88
1778133600,2330.2,2337.54,2319.0,2336.24,1443679.29
1778137200,2336.24,2345.89,2335.6,2343.37,1499661.05
1778140800,2343.38,2345.58,2330.66,2332.78,1064501.61
1778144400,2332.79,2336.19,2325.35,2327.9,991012.97
1778148000,2327.91,2330.99,2316.34,2326.0,1246914.44
1778151600,2326.01,2331.09,2324.36,2329.38,639923.86
1778155200,2329.38,2336.83,2328.07,2331.85,670147.59
1778158800,2331.84,2331.84,2303.1,2313.54,2960730.39
1778162400,2313.55,2318.0,2287.63,2298.25,4326007.53
1778166000,2298.25,2303.99,2284.28,2293.85,2165284.88
1778169600,2293.86,2297.92,2284.47,2290.91,1333218.29
1778173200,2290.9,2301.23,2278.13,2299.07,1858862.59
1778176800,2299.07,2303.76,2290.62,2295.51,925240.01
1778180400,2295.51,2296.5,2287.1,2295.5,752875.85
1778184000,2295.5,2302.31,2287.39,2288.64,884567.23
1778187600,2288.63,2293.84,2281.0,2287.23,739153.16
1778191200,2287.22,2289.68,2279.79,2286.5,1382981.74
1778194800,2286.5,2292.95,2285.66,2290.61,446283.27
1778198400,2290.62,2294.0,2283.13,2286.63,641209.35
1778202000,2286.63,2288.85,2279.22,2284.73,536863.66
1778205600,2284.73,2285.24,2266.51,2278.03,2157022.86
1778209200,2278.03,2280.87,2262.45,2278.0,1517943.95
1778212800,2278.0,2283.69,2275.38,2280.66,503118.59
1778216400,2280.67,2283.21,2275.13,2275.23,383459.23
1778220000,2275.23,2277.99,2267.65,2274.41,831871.59
1778223600,2274.41,2281.43,2266.08,2280.28,1075575.69
1778227200,2280.28,2288.4,2278.63,2282.27,934754.26
1778230800,2282.27,2291.64,2278.58,2283.24,1509793.09
1778234400,2283.23,2289.97,2280.01,2286.9,716147.16
1778238000,2286.9,2299.08,2286.9,2294.5,1080974.57
1778241600,2294.5,2304.08,2281.2,2283.75,1803001.31
1778245200,2283.75,2286.15,2268.37,2275.42,2114423.29
1778248800,2275.42,2292.18,2272.12,2284.92,1902012.24
1778252400,2284.92,2293.69,2273.66,2292.48,1348955.25
1778256000,2292.48,2293.59,2285.14,2288.95,737864.74
1778259600,2288.96,2314.88,2288.25,2304.28,2850868.59
1778263200,2304.28,2320.59,2304.27,2312.81,1858584.96
1778266800,2312.82,2319.68,2311.43,2315.4,729364.26
1778270400,2315.4,2316.2,2304.42,2306.22,549240.6
1778274000,2306.22,2314.69,2303.63,2314.13,356284.27
1778277600,2314.13,2318.47,2309.78,2310.01,411427.95
1778281200,2310.0,2310.39,2302.19,2306.34,461147.17
1778284800,2306.34,2311.47,2303.52,2308.02,372750.23
1778288400,2308.02,2317.3,2307.66,2313.29,489078.1
1778292000,2313.28,2319.63,2313.0,2315.99,435967.24
1778295600,2316.0,2320.96,2311.53,2314.28,482193.39
1778299200,2314.27,2324.54,2310.5,2311.72,1009158.02
1778302800,2311.72,2317.6,2310.02,2313.83,427913.09
1778306400,2313.84,2318.11,2311.71,2313.5,467828.19
1778310000,2313.5,2317.6,2310.09,2313.82,372560.7
1778313600,2313.81,2319.45,2313.24,2316.4,590749.55
1778317200,2316.4,2316.67,2310.42,2312.56,444527.43
1778320800,2312.56,2314.5,2309.3,2311.91,362149.09
1778324400,2311.91,2315.31,2311.67,2313.85,243903.63
1778328000,2313.85,2317.8,2312.5,2315.71,359708.03
1778331600,2315.7,2315.79,2310.7,2313.77,248434.95
1778335200,2313.77,2314.72,2304.26,2307.31,887173.7
1778338800,2307.3,2316.59,2297.57,2316.37,1493950.37
1778342400,2316.38,2324.48,2313.87,2318.99,1430603.11
1778346000,2319.02,2332.87,2319.0,2328.72,1955744.0
1778349600,2328.73,2337.74,2327.96,2329.12,850808.32
1778353200,2329.12,2332.31,2325.61,2331.16,344909.81
1778356800,2331.17,2331.88,2326.14,2328.23,223799.82
1778360400,2328.24,2330.9,2327.77,2330.14,156178.1
1778364000,2330.14,2332.81,2326.31,2329.01,182188.1
1778367600,2329.01,2330.8,2323.62,2325.42,322381.67
1778371200,2325.42,2329.0,2320.33,2322.97,422828.77
1778374800,2322.96,2324.32,2317.39,2323.07,574054.62
1778378400,2323.07,2327.5,2319.39,2327.19,372848.01
1778382000,2327.19,2333.81,2323.0,2327.0,603424.09
1778385600,2327.01,2330.39,2325.25,2327.6,321882.34
1778389200,2327.6,2329.63,2325.6,2326.22,200387.38
1778392800,2326.23,2329.91,2325.83,2328.62,249688.97
1778396400,2328.62,2331.45,2326.35,2326.5,218599.03
1778400000,2326.5,2330.95,2325.12,2328.99,319354.84
1778403600,2329.0,2332.58,2326.15,2327.58,389610.45
1778407200,2327.58,2328.0,2322.34,2324.66,645282.47
1778410800,2324.67,2327.0,2317.55,2321.61,708248.57
1778414400,2321.61,2324.61,2319.82,2323.26,436390.66
1778418000,2323.26,2331.25,2322.61,2329.1,767409.25
1778421600,2329.1,2334.4,2326.14,2329.99,599016.75
1778425200,2330.0,2351.17,2329.99,2346.75,2222319.11
1778428800,2346.74,2350.0,2339.0,2348.7,1429132.97
1778432400,2348.7,2367.49,2344.3,2363.22,2762503.62
1778436000,2363.23,2365.95,2355.44,2357.38,793542.48
1778439600,2357.39,2365.77,2350.01,2364.47,763240.82
1778443200,2364.47,2368.88,2310.0,2327.45,3877539.7
1778446800,2327.44,2335.95,2322.85,2329.57,1263468.39
1778450400,2329.56,2377.48,2326.26,2373.45,4615004.55
1778454000,2373.46,2383.11,2367.12,2370.61,2425868.15
1778457600,2370.62,2374.6,2343.67,2352.0,2504231.77
1778461200,2351.99,2365.39,2344.6,2358.13,1269040.33
1778464800,2358.13,2360.2,2342.19,2344.99,1054820.46
1778468400,2344.99,2345.0,2318.98,2329.82,3082661.4
1778472000,2329.81,2335.39,2325.72,2331.9,699607.49
1778475600,2331.9,2339.85,2331.02,2334.16,604980.64
1778479200,2334.15,2343.14,2329.1,2332.61,827496.7
1778482800,2332.61,2332.84,2327.12,2329.57,429455.68
1778486400,2329.58,2333.96,2325.44,2329.51,495318.19
1778490000,2329.5,2337.8,2329.24,2335.1,345139.08
1778493600,2335.1,2338.95,2328.45,2328.94,616955.87
1778497200,2328.94,2335.29,2326.54,2334.99,386876.61
1778500800,2335.0,2338.45,2327.38,2328.7,855558.4
1778504400,2328.7,2332.08,2313.13,2321.01,2342316.67
1778508000,2321.01,2327.88,2302.1,2315.32,2777661.65
1778511600,2315.33,2334.99,2312.33,2332.36,1812221.13
1778515200,2332.36,2340.49,2325.59,2328.7,1852967.5
1778518800,2328.71,2343.51,2322.3,2335.63,1039288.24
1778522400,2335.63,2343.57,2333.18,2334.38,697125.39
1778526000,2334.38,2343.26,2330.76,2339.43,572651.36
1778529600,2339.43,2345.13,2335.01,2336.98,704398.45
1778533200,2336.97,2341.69,2335.06,2339.92,429502.14
1778536800,2339.9,2344.88,2335.7,2340.2,380403.6
1778540400,2340.2,2341.06,2333.32,2338.84,363034.04
1778544000,2338.85,2339.86,2331.0,2332.49,521758.28
1778547600,2332.49,2334.73,2293.91,2310.5,3443703.53
1778551200,2310.51,2316.3,2306.05,2314.8,810359.39
1778554800,2314.8,2316.21,2306.4,2308.55,515823.45
1778558400,2308.56,2313.5,2304.39,2310.01,557892.89
1778562000,2310.0,2313.3,2308.82,2309.37,282026.34
1778565600,2309.37,2313.0,2301.81,2303.04,723254.75
1778569200,2303.03,2303.99,2288.0,2293.81,2646387.65
1778572800,2293.81,2295.1,2276.34,2287.12,2476353.32
1778576400,2287.11,2294.36,2280.3,2291.51,1147402.05
1778580000,2291.5,2292.89,2280.0,2285.48,821818.25
1778583600,2285.48,2286.35,2277.0,2285.97,903249.96
1778587200,2285.97,2294.0,2280.03,2287.82,1654347.89
1778590800,2287.81,2291.44,2267.01,2270.88,2418659.16
1778594400,2270.89,2280.84,2260.01,2268.01,2892814.74
1778598000,2268.01,2273.33,2255.54,2261.18,2326970.06
1778601600,2261.19,2270.27,2255.01,2263.1,1529528.32
1778605200,2263.11,2277.33,2263.11,2275.87,1195160.79
1778608800,2275.86,2284.0,2273.55,2278.62,795882.73
1778612400,2278.62,2286.59,2278.36,2284.32,550499.26
1778616000,2284.33,2286.63,2280.34,2284.01,408421.38
1778619600,2284.0,2286.78,2281.82,2284.38,340495.73
1778623200,2284.39,2290.99,2281.1,2281.36,528192.87
1778626800,2281.35,2283.0,2272.18,2274.05,576604.23
1778630400,2274.05,2285.8,2272.19,2280.55,597848.86
1778634000,2280.56,2294.98,2280.01,2289.08,1133686.27
1778637600,2289.09,2299.23,2286.3,2293.0,970592.95
1778641200,2292.99,2302.99,2291.12,2300.77,1037499.42
1778644800,2300.78,2308.91,2297.32,2305.92,1120194.48
1778648400,2305.92,2306.8,2294.0,2296.89,842003.43
1778652000,2296.9,2304.3,2296.37,2300.82,570556.1
1778655600,2300.83,2302.01,2295.78,2300.38,469420.39
1778659200,2300.37,2316.31,2299.75,2316.0,2030281.02
1778662800,2315.99,2322.73,2313.56,2320.08,1759103.65
1778666400,2320.08,2320.79,2303.44,2307.59,1541196.66
1778670000,2307.58,2308.2,2298.01,2301.07,1463316.09
1778673600,2301.07,2306.88,2269.37,2283.49,3943453.15
1778677200,2283.5,2287.93,2257.48,2261.51,3565760.32
1778680800,2261.52,2269.81,2248.0,2266.4,2862582.94
1778684400,2266.4,2269.18,2233.01,2235.75,3586625.89
1778688000,2235.75,2252.8,2234.02,2249.96,2119550.79
1778691600,2249.95,2261.0,2249.95,2257.4,920470.48
1778695200,2257.41,2268.0,2257.41,2258.49,960476.13
1778698800,2258.49,2259.73,2248.34,2255.76,636425.28
1778702400,2255.75,2263.6,2255.66,2262.84,372658.25
1778706000,2262.84,2263.14,2252.63,2255.03,359670.58
1778709600,2255.04,2259.75,2249.6,2258.33,419112.33
1778713200,2258.32,2260.93,2253.46,2257.66,381159.37
1778716800,2257.65,2268.59,2257.13,2265.48,808380.57
1778720400,2265.48,2268.54,2258.22,2263.91,592953.31
1778724000,2263.91,2265.98,2246.04,2250.5,1086756.82
1778727600,2250.5,2254.24,2237.26,2241.0,1886997.41
1778731200,2241.01,2257.65,2238.29,2255.5,913236.49
1778734800,2255.49,2272.75,2253.87,2267.1,1650866.94
1778738400,2267.1,2274.54,2265.32,2266.53,1480047.25
1778742000,2266.54,2270.02,2262.33,2264.24,829980.34
1778745600,2264.24,2270.1,2260.5,2265.53,694009.59
1778749200,2265.53,2267.0,2251.42,2256.77,1165218.45
1778752800,2256.77,2264.79,2254.56,2261.29,939689.99
1778756400,2261.3,2263.25,2251.55,2252.85,840539.49
1778760000,2252.86,2262.9,2247.13,2260.67,1484070.68
1778763600,2260.67,2264.75,2247.64,2248.48,1753557.89
1778767200,2248.48,2288.0,2245.04,2285.8,4011027.93
1778770800,2285.81,2298.58,2279.08,2297.35,3565177.61
1778774400,2297.36,2317.88,2292.5,2315.04,4386430.61
1778778000,2315.04,2318.55,2295.22,2307.14,2640698.8
1778781600,2307.14,2315.88,2302.0,2308.35,1296295.58
1778785200,2308.36,2311.24,2296.5,2297.62,835637.5
1778788800,2297.62,2300.54,2287.52,2297.49,1014851.73
1778792400,2297.49,2299.57,2288.71,2296.16,514256.08
1778796000,2296.17,2301.53,2294.17,2296.95,359716.36
1778799600,2296.95,2296.95,2279.63,2282.32,1064400.44
1778803200,2282.33,2299.46,2280.6,2290.24,1160664.33
1778806800,2290.23,2294.0,2272.16,2274.88,1350426.96
1778810400,2274.89,2278.99,2259.44,2275.87,2549145.92
1778814000,2275.87,2278.73,2267.0,2272.42,829491.95
1778817600,2272.43,2273.0,2261.55,2262.21,774107.73
1778821200,2262.21,2266.41,2236.33,2244.19,3786169.49
1778824800,2244.2,2255.8,2242.6,2254.14,1274338.48
1778828400,2254.14,2271.99,2252.5,2263.99,1758253.64
1778832000,2264.0,2264.33,2248.13,2256.51,1324758.1
1778835600,2256.51,2259.0,2249.57,2253.36,788038.77
1778839200,2253.36,2263.61,2251.24,2261.49,834618.56
1778842800,2261.5,2263.04,2256.48,2256.56,482832.22
1778846400,2256.56,2259.98,2250.17,2253.32,824260.36
1778850000,2253.33,2253.33,2208.78,2212.76,7164647.9
1778853600,2212.76,2223.05,2203.25,2212.35,4576769.48
1778857200,2212.35,2223.05,2208.58,2221.67,1408638.36
1778860800,2221.66,2230.0,2217.6,2223.49,1421860.31
1778864400,2223.5,2233.09,2222.92,2228.23,880883.0
1778868000,2228.23,2231.8,2223.47,2226.91,622489.23
1778871600,2226.9,2227.36,2221.06,2222.15,422685.63
1778875200,2222.15,2225.0,2215.5,2219.0,670116.13
1778878800,2219.01,2224.3,2213.02,2216.05,447034.21
1778882400,2216.04,2224.02,2216.0,2222.84,250566.31
1778886000,2222.83,2225.6,2221.66,2223.68,233560.03
1778889600,2223.68,2230.6,2222.6,2225.88,446402.46
1778893200,2225.89,2229.83,2222.5,2228.51,407966.2
1778896800,2228.5,2230.36,2225.61,2228.62,311004.01
1778900400,2228.63,2229.49,2225.92,2226.75,218189.4
1778904000,2226.74,2227.75,2216.96,2224.94,600459.97
1778907600,2224.94,2226.27,2221.7,2224.57,251546.61
1778911200,2224.57,2225.95,2208.39,2214.62,1211996.51
1778914800,2214.62,2215.74,2180.3,2193.36,5105455.09
1778918400,2193.35,2196.0,2191.0,2192.21,564764.25
1778922000,2192.2,2192.9,2160.01,2172.42,4000663.69
1778925600,2172.42,2174.32,2161.05,2173.41,1730124.19
1778929200,2173.41,2180.54,2173.41,2175.4,829829.86
1778932800,2175.4,2178.6,2172.25,2175.5,542819.63
1778936400,2175.51,2179.89,2171.21,2176.28,678964.23
1778940000,2176.29,2187.99,2172.6,2179.08,1062750.43
1778943600,2179.09,2183.28,2176.0,2179.24,589527.79
1778947200,2179.24,2182.79,2169.09,2173.45,893944.01
1778950800,2173.45,2180.23,2173.3,2177.93,357075.62
1778954400,2177.93,2184.32,2175.14,2180.47,350429.7
1778958000,2180.47,2181.95,2178.07,2178.79,191705.58
1778961600,2178.79,2182.47,2178.79,2180.39,188879.71
1778965200,2180.39,2182.7,2179.84,2181.67,165712.82
1778968800,2181.67,2182.53,2178.79,2179.21,199870.42
1778972400,2179.21,2181.99,2178.14,2179.7,206641.04
1778976000,2179.69,2184.95,2172.12,2176.67,555338.01
1778979600,2176.66,2182.65,2167.02,2168.42,1345491.38
1778983200,2168.43,2175.33,2168.25,2173.5,535310.21
1778986800,2173.51,2183.71,2173.13,2180.67,704958.47
1778990400,2180.67,2189.5,2180.07,2186.3,943792.76
1778994000,2186.3,2194.99,2184.17,2184.56,833006.94
1778997600,2184.56,2186.9,2180.16,2184.11,416076.26
1779001200,2184.11,2187.46,2181.3,2185.52,447969.38
1779004800,2185.51,2186.45,2182.13,2185.15,234488.13
1779008400,2185.14,2190.5,2184.88,2189.0,422090.11
1779012000,2189.01,2197.77,2189.0,2193.4,1289434.19
1779015600,2193.4,2193.75,2187.0,2191.1,500247.36
1779019200,2191.09,2197.15,2190.35,2193.4,498561.36
1779022800,2193.39,2194.14,2186.2,2191.09,680601.8
1779026400,2191.1,2191.49,2177.0,2185.68,1442930.54
1779030000,2185.67,2187.79,2180.0,2185.34,457003.23
1779033600,2185.35,2188.14,2181.33,2181.66,448356.96
1779037200,2181.66,2184.0,2175.17,2182.81,866230.88
1779040800,2182.82,2187.72,2178.0,2187.4,477767.59
1779044400,2187.41,2193.0,2186.24,2191.26,400465.0
1779048000,2191.26,2192.96,2185.69,2188.26,216515.78
1779051600,2188.26,2194.15,2186.04,2190.75,249389.25
1779055200,2190.75,2190.75,2172.02,2178.84,1082697.69
1779058800,2178.85,2179.0,2081.14,2129.6,8941470.02
1779062400,2129.6,2130.63,2102.42,2114.57,3331591.08
1779066000,2114.57,2120.55,2105.25,2116.59,1814662.74
1779069600,2116.59,2123.33,2111.46,2115.4,1173597.41
1779073200,2115.41,2122.8,2114.7,2117.38,891229.76
1779076800,2117.37,2124.77,2113.22,2123.74,862066.49
1779080400,2123.74,2124.7,2116.0,2117.52,731185.13
1779084000,2117.52,2120.3,2108.01,2117.93,1692465.72
1779087600,2117.94,2123.0,2110.7,2119.52,1075640.34
1779091200,2119.53,2122.86,2116.33,2120.16,594385.67
1779094800,2120.15,2120.52,2114.67,2115.89,461780.16
1779098400,2115.88,2116.66,2111.5,2113.5,807303.38
1779102000,2113.51,2139.76,2109.19,2133.11,2622375.86
1779105600,2133.11,2156.71,2133.11,2150.0,3476763.05
1779109200,2150.0,2150.64,2119.06,2130.06,3756796.59
1779112800,2130.05,2130.2,2096.17,2109.41,4417136.0
1779116400,2109.41,2110.66,2091.78,2106.72,3377016.37
1779120000,2106.72,2110.93,2088.9,2096.87,2210548.84
1779123600,2096.86,2109.61,2094.19,2107.3,982140.74
1779127200,2107.3,2108.34,2076.01,2080.17,3067643.1
1779130800,2080.17,2127.94,2078.1,2124.4,3911999.6
1779134400,2124.41,2130.6,2113.69,2116.61,1188892.06
1779138000,2116.6,2142.0,2113.32,2136.12,1279601.09
1779141600,2136.13,2142.0,2128.49,2134.5,916226.23
1779145200,2134.51,2137.95,2126.22,2129.03,610096.56
1779148800,2129.03,2146.61,2127.16,2134.98,1118197.5
1779152400,2134.97,2137.28,2122.22,2123.92,1242304.02
1779156000,2123.91,2135.0,2118.21,2122.3,1324839.72
1779159600,2122.29,2133.84,2121.13,2130.62,703965.65
1779163200,2130.62,2136.0,2126.81,2132.64,764597.3
1779166800,2132.63,2136.49,2122.42,2134.02,1062457.35
1779170400,2134.03,2139.38,2131.2,2136.33,694825.3
1779174000,2136.33,2144.0,2134.11,2139.85,894867.35
1779177600,2139.86,2140.58,2129.61,2132.27,1002804.15
1779181200,2132.27,2133.26,2110.3,2113.65,2378643.71
1779184800,2113.66,2121.49,2105.6,2117.74,2047070.78
1779188400,2117.74,2119.63,2108.28,2109.97,855867.59
1779192000,2109.97,2118.8,2107.76,2117.51,661669.84
1779195600,2117.5,2126.82,2106.61,2118.04,3041618.28
1779199200,2118.04,2122.73,2092.4,2105.69,4067830.02
1779202800,2105.68,2112.99,2102.59,2109.28,1290635.71
1779206400,2109.28,2121.36,2106.02,2119.99,1301704.59
1779210000,2120.0,2124.34,2111.68,2114.86,1071476.44
1779213600,2114.86,2118.8,2109.72,2114.05,573888.24
1779217200,2114.06,2122.21,2109.32,2112.39,677472.68
1779220800,2112.38,2118.0,2111.5,2117.39,217086.4
1779224400,2117.4,2119.8,2115.85,2116.23,209815.27
1779228000,2116.23,2116.23,2101.5,2105.27,847601.89
1779231600,2105.28,2117.83,2103.63,2110.93,765742.89
1779235200,2110.93,2115.86,2102.37,2110.56,916566.77
1779238800,2110.55,2118.26,2102.21,2114.2,1068781.55
1779242400,2114.2,2116.29,2105.3,2108.54,591211.92
1779246000,2108.53,2115.36,2105.13,2110.73,528139.38
1779249600,2110.74,2113.9,2106.2,2112.38,392832.77
1779253200,2112.39,2129.66,2112.38,2124.66,1902722.87
1779256800,2124.65,2133.36,2124.39,2132.91,1005606.15
1779260400,2132.91,2135.53,2127.01,2128.6,1021785.53
1779264000,2128.59,2137.14,2126.7,2130.46,1197012.42
1779267600,2130.45,2132.0,2126.5,2128.38,575860.78
1779271200,2128.38,2135.95,2128.37,2129.55,661211.27
1779274800,2129.55,2131.0,2123.13,2127.32,786726.49
1779278400,2127.31,2139.63,2125.88,2133.0,944685.8
1779282000,2133.0,2134.53,2113.85,2119.96,2471895.56
1779285600,2119.96,2139.0,2112.35,2134.01,3005361.98
1779289200,2134.0,2148.57,2128.0,2135.88,2659866.13
1779292800,2135.87,2139.83,2123.0,2134.36,1482284.23
1779296400,2134.35,2148.0,2131.04,2139.34,1513734.24
1779300000,2139.34,2140.33,2130.01,2131.24,876533.99
1779303600,2131.23,2141.29,2128.06,2138.42,756688.0
1779307200,2138.41,2140.0,2128.28,2135.01,695926.65
1779310800,2135.01,2137.81,2129.6,2129.94,251832.52
1779314400,2129.93,2129.93,2117.31,2127.19,976124.57
1779318000,2127.2,2129.64,2121.57,2128.66,406174.15
1779321600,2128.67,2144.3,2127.61,2142.01,963431.65
1779325200,2142.0,2158.07,2138.19,2140.17,2108011.28
1779328800,2140.18,2147.32,2138.64,2140.93,615450.55
1779332400,2140.94,2146.18,2139.85,2144.9,374274.02
1779336000,2144.9,2148.34,2141.64,2143.91,409174.71
1779339600,2143.91,2147.22,2131.67,2135.64,892502.57
1779343200,2135.64,2137.84,2126.7,2127.85,1191798.52
1779346800,2127.85,2136.31,2123.03,2134.05,1306077.73
1779350400,2134.04,2147.73,2134.0,2137.01,1706426.62
1779354000,2137.0,2139.9,2126.78,2127.12,990202.1
1779357600,2127.12,2129.45,2108.62,2113.49,3261604.23
1779361200,2113.49,2119.14,2110.85,2114.2,898193.51
1779364800,2114.2,2118.87,2111.23,2116.32,956168.75
1779368400,2116.32,2124.22,2103.18,2119.51,2553767.36
1779372000,2119.5,2124.91,2109.19,2121.14,1890422.36
1779375600,2121.14,2137.5,2118.13,2131.36,2483943.45
1779379200,2131.35,2135.45,2121.56,2126.95,1119102.23
1779382800,2126.95,2153.0,2124.95,2145.76,3493449.89
1779386400,2145.77,2147.2,2120.0,2126.19,2124855.54
1779390000,2126.18,2145.2,2125.58,2142.09,1151596.67
1779393600,2142.1,2142.72,2136.14,2137.87,475969.6
1779397200,2137.87,2140.26,2133.17,2134.63,302045.09
1779400800,2134.63,2136.13,2129.63,2130.7,388046.66
1779404400,2130.69,2136.28,2126.06,2132.91,500313.67
1779408000,2132.9,2134.35,2128.12,2128.32,467533.11
1779411600,2128.33,2136.44,2124.59,2134.98,608648.09
1779415200,2134.99,2139.2,2132.86,2136.95,532764.78
1779418800,2136.95,2140.61,2134.09,2137.08,330369.59
1779422400,2137.09,2140.58,2131.56,2132.83,536833.88
1779426000,2132.83,2135.28,2126.43,2128.57,619632.33
1779429600,2128.57,2130.33,2123.04,2124.98,835895.74
1779433200,2124.97,2132.0,2121.22,2127.6,817802.54
1779436800,2127.61,2132.8,2119.0,2121.65,1157331.76
1779440400,2121.65,2124.74,2118.26,2123.18,792526.78
1779444000,2123.17,2124.86,2120.26,2122.43,297330.4
1779447600,2122.43,2129.99,2119.2,2129.71,679712.11
1779451200,2129.71,2137.42,2128.12,2133.91,1104653.19
1779454800,2133.91,2134.5,2122.65,2129.04,1264792.41
1779458400,2129.04,2129.04,2111.2,2116.0,2105175.72
1779462000,2116.0,2124.99,2111.11,2118.72,1508125.46
1779465600,2118.72,2123.22,2117.31,2122.13,558503.35
1779469200,2122.13,2129.59,2118.32,2118.8,1240420.98
1779472800,2118.8,2120.89,2083.0,2099.21,3944221.45
1779476400,2099.22,2102.42,2055.58,2064.72,5749845.13
1779480000,2064.72,2078.0,2063.52,2072.36,1685335.11
1779483600,2072.36,2078.8,2070.63,2077.2,606917.8
1779487200,2077.2,2078.79,2065.0,2071.89,816783.58
1779490800,2071.9,2076.46,2055.8,2065.14,1252541.0
1779494400,2065.15,2069.8,2050.34,2064.01,1801520.74
1779498000,2064.01,2069.63,2062.0,2068.11,646506.78
1779501600,2068.12,2069.82,2063.8,2067.43,392034.86
1779505200,2067.42,2071.33,2067.24,2070.02,381046.24
1779508800,2070.02,2070.21,2064.5,2066.2,424025.67
1779512400,2066.2,2067.05,2061.0,2064.16,451346.95
1779516000,2064.16,2064.94,2059.63,2061.0,428126.11
1779519600,2060.99,2062.41,2006.47,2027.74,7291741.83
1779523200,2027.74,2031.45,2020.2,2029.51,2122967.14
1779526800,2029.5,2030.31,2026.17,2026.5,622060.78
1779530400,2026.5,2032.78,2026.04,2030.5,462775.32
1779534000,2030.49,2034.67,2029.41,2030.29,566800.37
1779537600,2030.3,2031.08,2026.14,2030.1,406812.99
1779541200,2030.1,2045.29,2030.01,2043.64,2216560.12
1779544800,2043.64,2064.81,2039.55,2060.39,2494539.7
1779548400,2060.39,2067.81,2054.67,2059.46,2134878.19
1779552000,2059.47,2064.24,2056.14,2060.61,844315.13
1779555600,2060.61,2064.5,2058.3,2063.02,481251.97
1779559200,2063.02,2082.69,2062.47,2073.32,2287797.79
1779562800,2073.32,2080.0,2068.63,2076.55,748493.43
1779566400,2076.56,2146.45,2073.5,2145.22,6487253.26
1779570000,2145.22,2149.37,2102.04,2115.99,3432138.68
1779573600,2116.0,2119.35,2102.24,2115.57,1119894.46
1779577200,2115.56,2120.75,2113.24,2116.72,569582.36
1779580800,2116.72,2120.54,2111.35,2118.37,520214.38
1779584400,2118.38,2124.53,2117.11,2121.44,625917.65
1779588000,2121.43,2124.5,2117.12,2121.54,468511.67
1779591600,2121.54,2126.58,2115.36,2118.16,596002.98
1779595200,2118.16,2122.71,2118.16,2119.11,260945.77
1779598800,2119.1,2120.59,2112.63,2119.03,609081.06
1779602400,2119.03,2129.39,2116.26,2127.14,742412.44
1779606000,2127.15,2128.99,2118.57,2120.26,522966.64
1779609600,2120.26,2122.72,2118.24,2119.6,391162.35
1779613200,2119.59,2123.64,2118.27,2122.58,434935.36
1779616800,2122.58,2131.46,2118.42,2121.49,896389.39
1779620400,2121.49,2126.67,2121.34,2124.99,490815.6
1779624000,2125.0,2125.74,2116.02,2119.16,737140.93
1779627600,2119.17,2120.25,2105.04,2109.46,1380163.29
1779631200,2109.47,2111.86,2077.63,2097.4,4458792.79
1779634800,2097.39,2099.34,2093.0,2095.07,636115.43
1779638400,2095.06,2108.58,2094.2,2102.81,1353221.59
1779642000,2102.82,2105.79,2100.37,2102.01,371134.16
1779645600,2102.0,2104.0,2096.63,2099.01,350330.6
1779649200,2099.01,2101.88,2095.23,2099.87,344944.16
1779652800,2099.88,2101.26,2090.53,2092.21,572312.36
1779656400,2092.21,2098.19,2060.59,2069.76,2404291.44
1779660000,2069.77,2098.68,2069.35,2091.47,1877763.35
1779663600,2091.47,2106.63,2090.39,2099.01,1006165.81
1779667200,2099.0,2108.88,2098.8,2104.31,740467.75
1779670800,2104.32,2107.28,2091.82,2093.5,745641.95
1779674400,2093.5,2112.93,2093.5,2097.43,1202898.37
1779678000,2097.44,2099.3,2091.13,2094.71,522616.95
1779681600,2094.71,2107.42,2091.38,2105.11,914391.33
1779685200,2105.1,2110.86,2103.35,2107.18,832489.55
1779688800,2107.18,2110.48,2098.19,2108.0,1034606.82
1779692400,2108.0,2118.08,2104.57,2115.29,1494650.32
1779696000,2115.29,2116.9,2110.53,2115.82,507419.98
1779699600,2115.81,2123.54,2114.8,2115.58,1073926.27
1779703200,2115.59,2120.21,2113.6,2115.84,512250.34
1779706800,2115.83,2119.48,2112.55,2113.84,595772.26
1779710400,2113.85,2118.56,2110.96,2116.12,700384.53
1779714000,2116.12,2118.96,2113.29,2115.34,394699.09
1779717600,2115.34,2129.79,2114.79,2127.53,1755395.06
1779721200,2127.54,2137.99,2121.68,2126.12,1946405.97
1779724800,2126.12,2141.42,2123.67,2135.53,1284367.76
1779728400,2135.53,2139.97,2127.28,2127.89,950107.57
1779732000,2127.89,2133.2,2125.27,2125.9,509957.11
1779735600,2125.91,2126.25,2115.31,2120.36,885753.39
1779739200,2120.35,2122.28,2106.12,2107.75,1000945.82
1779742800,2107.74,2112.2,2106.73,2110.0,474789.87
1779746400,2110.0,2114.78,2101.3,2102.69,928051.69
1779750000,2102.68,2113.0,2101.4,2111.81,527619.34
1779753600,2111.81,2113.09,2083.68,2096.6,2006291.44
1779757200,2096.6,2099.68,2087.0,2093.27,1195933.27
1779760800,2093.28,2094.92,2083.36,2088.05,925943.98
1779764400,2088.06,2093.3,2083.51,2092.49,778311.3
1779768000,2092.49,2095.5,2087.71,2092.67,608494.51
1779771600,2092.68,2102.68,2090.8,2099.81,842164.38
1779775200,2099.81,2103.81,2094.0,2100.98,568205.86
1779778800,2100.97,2101.67,2089.28,2094.31,1013926.25
1779782400,2094.32,2099.0,2094.0,2096.33,318339.0
1779786000,2096.32,2098.78,2093.0,2095.59,353951.67
1779789600,2095.59,2136.6,2093.3,2126.71,4465416.67
1779793200,2126.7,2130.88,2117.19,2119.83,1733309.53
1779796800,2119.83,2126.1,2110.12,2125.65,1764295.05
1779800400,2125.65,2130.94,2108.24,2124.27,2702012.34
1779804000,2124.28,2139.62,2104.07,2108.32,4695584.84
1779807600,2108.32,2111.22,2077.0,2086.31,4604430.37
1779811200,2086.31,2089.3,2072.09,2078.7,2539417.26
1779814800,2078.71,2083.25,2054.0,2069.67,3696131.48
1779818400,2069.67,2080.7,2065.37,2068.08,1448633.13
1779822000,2068.08,2076.27,2064.62,2073.74,594123.68
1779825600,2073.75,2077.74,2072.91,2077.55,384987.35
1779829200,2077.55,2077.93,2068.3,2072.1,405724.93
1779832800,2072.1,2075.7,2064.82,2067.99,641875.31
1779836400,2068.0,2076.16,2067.99,2072.99,407102.75
1779840000,2073.0,2083.93,2072.68,2082.53,818703.55
1779843600,2082.53,2083.12,2070.52,2073.57,817302.55
1779847200,2073.57,2075.3,2067.81,2075.29,642228.28
1779850800,2075.3,2079.59,2067.77,2069.0,828671.62
1779854400,2069.01,2072.49,2055.31,2071.24,1737119.06
1779858000,2071.24,2078.8,2070.54,2076.18,866161.7
1779861600,2076.19,2080.4,2073.74,2078.69,839557.71
1779865200,2078.69,2083.46,2074.39,2082.71,900980.78
1779868800,2082.72,2095.93,2082.49,2084.0,2414060.85
1779872400,2084.0,2087.2,2077.44,2082.55,1192478.79
1779876000,2082.55,2087.24,2078.3,2078.7,625382.02
1779879600,2078.7,2084.42,2077.34,2079.74,702328.0
1779883200,2079.73,2096.78,2073.27,2077.8,2299071.86
1779886800,2077.81,2080.0,2051.0,2063.85,3699206.72
1779890400,2063.86,2071.18,2053.9,2061.89,2362541.42
1779894000,2061.88,2079.18,2060.4,2070.82,2004360.76
1779897600,2070.82,2073.84,2058.79,2069.34,1147300.3
1779901200,2069.33,2069.56,2042.9,2051.5,2398107.8
1779904800,2051.5,2056.3,2042.44,2055.89,1256635.69
1779908400,2055.89,2060.58,2053.49,2056.88,629856.33
1779912000,2056.89,2065.8,2056.52,2062.31,527534.31
1779915600,2062.3,2062.3,2014.34,2020.44,2892946.72
1779919200,2020.45,2034.4,2015.0,2024.63,1935276.54
1779922800,2024.63,2029.53,2017.2,2024.02,1283567.76
1779926400,2024.02,2028.65,2020.0,2027.62,795867.02
1779930000,2027.62,2028.5,2011.23,2019.73,1702092.5
1779933600,2019.72,2021.26,2013.76,2016.91,787715.64
1779937200,2016.9,2020.27,1965.28,1980.87,7818602.33
1779940800,1980.86,1985.74,1966.05,1981.31,2930658.02
1779944400,1981.31,1982.44,1974.6,1978.0,1047168.7
1779948000,1977.99,1984.04,1970.8,1983.25,1253774.06
1779951600,1983.25,1996.0,1981.51,1994.3,1586475.84
1779955200,1994.31,1995.23,1983.76,1987.2,1085656.8
1779958800,1987.2,1994.4,1983.02,1992.99,863221.43
1779962400,1993.0,1997.76,1987.05,1989.27,1024632.42
1779966000,1989.28,1991.96,1985.31,1989.0,781718.7
1779969600,1989.0,1993.9,1980.07,1991.19,1240952.19
1779973200,1991.19,1994.5,1974.1,1980.67,2693126.63
1779976800,1980.67,2001.76,1966.01,1992.34,5294527.99
1779980400,1992.34,1998.4,1982.7,1989.57,1588959.65
1779984000,1989.56,2014.89,1984.0,2012.48,2920411.53
1779987600,2012.48,2026.4,2008.02,2018.27,2205095.04
1779991200,2018.28,2029.49,2017.0,2023.9,1264188.38
1779994800,2023.9,2024.0,2013.09,2013.86,981870.51
1779998400,2013.86,2019.43,2005.65,2013.41,1461936.0
1780002000,2013.41,2023.82,2012.63,2019.02,473836.92
1780005600,2019.01,2022.06,2004.02,2004.76,749900.4
1780009200,2004.76,2011.91,2004.75,2009.05,556712.26
1780012800,2009.05,2016.5,2009.05,2011.65,621520.8
1780016400,2011.65,2015.59,2005.1,2007.36,671447.29
1780020000,2007.36,2009.84,1995.89,1998.31,1222023.53
1780023600,1998.32,2007.0,1998.32,2001.88,494475.03
1780027200,2001.87,2007.73,1997.4,2007.48,684648.97
1780030800,2007.48,2015.0,2007.02,2013.41,1053305.88
1780034400,2013.41,2020.71,2011.07,2017.14,1139698.07
1780038000,2017.15,2019.0,2002.51,2006.77,1622668.83
1780041600,2006.77,2013.0,2004.65,2005.64,982880.88
1780045200,2005.64,2015.2,2005.3,2013.74,808960.75
1780048800,2013.74,2013.91,2008.45,2010.1,503772.92
1780052400,2010.11,2013.58,2001.2,2006.42,815355.69
1780056000,2006.43,2006.43,1994.01,1998.8,1573549.44
1780059600,1998.8,2005.36,1986.68,1998.69,2267818.63
1780063200,1998.7,2003.3,1975.35,2000.79,4093367.83
1780066800,2000.8,2045.55,1998.25,2030.87,8336919.54
1780070400,2030.88,2042.58,2021.21,2039.53,3132276.43
1780074000,2039.53,2043.34,2025.11,2027.4,1722060.26
1780077600,2027.4,2030.88,2005.0,2010.56,2338880.85
1780081200,2010.55,2021.55,2003.56,2016.02,1384568.68
1780084800,2016.02,2023.0,2013.64,2017.48,700997.04
1780088400,2017.47,2023.36,2007.0,2008.75,622619.3
1780092000,2008.75,2016.87,2006.8,2012.84,526654.3
1780095600,2012.84,2014.91,2005.43,2013.44,750951.19
1780099200,2013.44,2015.5,2009.66,2013.95,401261.46
1780102800,2013.94,2020.8,2012.6,2018.65,573449.38
1780106400,2018.64,2020.47,2016.1,2020.47,292763.8
1780110000,2020.47,2022.7,2014.0,2015.77,558520.95
1780113600,2015.78,2017.65,2000.78,2010.18,1523144.53
1780117200,2010.17,2018.19,2007.16,2014.92,845421.84
1780120800,2014.91,2019.99,2011.67,2016.01,512891.48
1780124400,2016.01,2016.9,2012.52,2015.31,286613.45
1780128000,2015.32,2015.32,2012.77,2013.42,149748.68
1780131600,2013.43,2016.44,2012.88,2015.75,272063.63
1780135200,2015.74,2021.8,2015.4,2017.1,635354.34
1780138800,2017.1,2018.44,2014.22,2016.6,274797.22
1780142400,2016.6,2019.42,2016.09,2019.01,239928.46
1780146000,2019.01,2021.99,2016.33,2019.92,530905.19
1780149600,2019.92,2029.99,2019.47,2025.74,1276959.83
1780153200,2025.74,2031.51,2023.16,2025.69,691817.96
1780156800,2025.69,2027.44,2023.58,2026.14,365178.73
1780160400,2026.13,2028.0,2018.58,2026.21,742186.1
1780164000,2026.2,2029.29,2023.62,2026.58,326298.05
1780167600,2026.58,2028.14,2023.89,2027.72,302540.11
1780171200,2027.71,2028.6,2024.79,2026.03,158892.34
1780174800,2026.04,2030.5,2026.03,2027.57,230601.92
1780178400,2027.58,2027.58,2019.74,2022.51,393048.63
1780182000,2022.5,2025.3,2019.2,2021.41,358435.32
1780185600,2021.41,2027.0,2019.75,2026.03,347311.09
1780189200,2026.03,2033.44,2025.66,2028.27,764218.4
1780192800,2028.28,2037.4,2026.89,2033.36,1081867.24
1780196400,2033.36,2036.0,2031.05,2032.44,375891.95
1780200000,2032.45,2034.2,2030.36,2032.78,222271.77
1780203600,2032.78,2032.99,2028.44,2029.41,217784.01
1780207200,2029.4,2030.18,2027.68,2029.0,234786.51
1780210800,2029.0,2029.0,2021.66,2023.12,645276.96
1780214400,2023.12,2028.51,2022.0,2026.8,609070.29
1780218000,2026.8,2027.39,2017.5,2020.35,658556.29
1780221600,2020.35,2020.99,2014.01,2020.29,1113333.14
1780225200,2020.29,2023.62,2020.06,2022.32,375757.64
1780228800,2022.33,2024.31,2018.22,2021.41,438578.18
1780232400,2021.41,2025.58,2018.56,2019.39,420315.96
1780236000,2019.39,2020.46,2004.5,2007.05,2376271.89
1780239600,2007.05,2014.25,2006.29,2009.36,974945.42
1780243200,2009.35,2011.6,1997.02,2001.54,1586861.58
1780246800,2001.54,2007.31,1995.89,2005.14,928368.57
1780250400,2005.13,2005.47,1998.28,1999.86,519281.61
1780254000,1999.86,2002.03,1992.27,1999.0,629830.98
1780257600,1999.01,2008.93,1998.96,2006.57,609707.45
1780261200,2006.57,2013.9,2004.35,2011.49,859475.9
1780264800,2011.49,2013.67,2003.16,2011.76,653750.8
1780268400,2011.76,2022.4,1999.12,2006.39,1186153.69
1780272000,2006.4,2020.83,2005.33,2014.71,1225056.8
1780275600,2014.7,2016.16,1993.5,1994.19,1415443.55
1780279200,1994.19,2017.21,1990.03,2010.63,1695630.93
1780282800,2010.62,2017.61,2007.62,2008.19,947766.24
1780286400,2008.19,2011.17,1992.98,1999.08,1499802.77
1780290000,1999.09,2000.7,1990.62,1993.86,901111.67
1780293600,1993.86,1994.58,1978.9,1987.06,2451118.73
1780297200,1987.07,1989.99,1970.12,1975.53,2052058.55
1780300800,1975.52,1984.66,1971.17,1983.21,1392870.1
1780304400,1983.22,1989.58,1982.89,1986.81,979184.85
1780308000,1986.81,1988.08,1979.61,1983.76,872599.51
1780311600,1983.77,1986.03,1975.36,1980.6,683229.29
1780315200,1980.6,1993.83,1966.0,1988.49,3013083.85
1780318800,1988.5,1989.42,1955.0,1970.59,4914763.62
1780322400,1970.63,1976.7,1963.5,1968.0,1845758.45
1780326000,1967.99,1979.79,1958.87,1967.73,2288339.55
1780329600,1967.73,1978.35,1957.01,1977.49,2031733.76
1780333200,1977.48,1995.93,1977.02,1989.68,2461106.59
1780336800,1989.68,1994.96,1982.54,1991.65,1023374.21
1780340400,1991.64,2008.0,1991.0,2003.92,1221925.95
1780344000,2003.91,2007.72,2000.0,2004.74,554353.6
1780347600,2004.74,2008.53,1991.33,1993.63,961126.52
1780351200,1993.62,2005.42,1983.53,2003.49,1415703.78
1780354800,2003.5,2007.99,1996.7,2005.83,1000341.56
1780358400,2005.84,2006.0,1994.23,1995.52,750205.8
1780362000,1995.52,1998.49,1978.41,1979.55,1377727.38
1780365600,1979.54,1996.81,1961.89,1996.2,3508007.42
1780369200,1996.19,2004.25,1994.25,2003.09,1383300.7
1780372800,2003.08,2005.85,1994.58,1996.01,1070432.87
1780376400,1996.0,2000.5,1983.55,1984.21,1374440.39
1780380000,1984.22,1988.41,1977.09,1981.75,1492489.64
1780383600,1981.76,1989.31,1973.1,1981.08,1748870.75
1780387200,1981.08,1988.85,1975.75,1978.68,1217035.36
1780390800,1978.68,1979.24,1965.89,1974.55,2119819.9
1780394400,1974.55,1983.19,1970.7,1982.66,1030146.24
1780398000,1982.66,1983.08,1974.74,1977.65,646997.33
1780401600,1977.65,1981.93,1971.18,1975.4,1340792.28
1780405200,1975.4,1980.99,1970.02,1973.62,2178719.47
1780408800,1973.63,1974.54,1923.56,1940.85,9464936.92
1780412400,1940.84,1941.13,1888.0,1914.12,9502584.96
1780416000,1914.12,1944.21,1908.78,1919.97,4223538.35
1780419600,1919.97,1930.97,1918.47,1923.61,1155145.28
1780423200,1923.62,1927.46,1901.3,1912.51,2039527.67
1780426800,1912.53,1917.52,1878.32,1911.48,3644579.04
1780430400,1911.49,1917.99,1894.52,1905.86,1595547.3
1780434000,1905.87,1910.86,1896.2,1899.68,880358.8
1780437600,1899.68,1908.8,1860.41,1867.65,4765356.57
1780441200,1867.65,1872.64,1836.93,1858.82,4846887.74
1780444800,1858.79,1874.23,1853.01,1866.23,2066991.75
1780448400,1866.23,1869.24,1848.16,1863.54,2044311.13
1780452000,1863.54,1864.0,1850.4,1853.61,1168797.5
1780455600,1853.61,1856.25,1815.08,1827.22,5016281.32
1780459200,1827.23,1851.52,1826.76,1849.92,2329906.32
1780462800,1849.93,1875.77,1848.65,1872.28,3261694.6
1780466400,1872.27,1883.4,1869.11,1870.92,2119260.61
1780470000,1870.92,1879.57,1866.8,1877.45,1208520.47
1780473600,1877.44,1882.81,1872.3,1879.07,1050506.03
1780477200,1879.06,1886.94,1868.53,1875.59,1650566.42
1780480800,1875.58,1892.79,1874.07,1883.91,1707597.61
1780484400,1883.92,1887.94,1875.44,1877.49,965045.26
1780488000,1877.5,1879.51,1867.06,1875.81,1461292.45
1780491600,1875.81,1878.95,1860.55,1866.75,2192876.2
1780495200,1866.75,1868.0,1851.79,1857.79,2238388.39
1780498800,1857.8,1859.18,1835.18,1836.33,3110459.7
1780502400,1836.32,1843.22,1810.36,1831.78,5824982.18
1780506000,1831.79,1838.69,1817.13,1827.3,2226760.45
1780509600,1827.3,1833.77,1820.56,1831.58,1156516.47
1780513200,1831.58,1833.06,1793.7,1802.59,3500886.21
1780516800,1802.6,1812.62,1766.0,1780.4,4605644.64
1780520400,1780.4,1849.55,1776.6,1849.49,4432045.68
1780524000,1849.48,1852.47,1821.61,1828.29,2642379.84
1780527600,1828.29,1830.24,1811.05,1812.56,1944121.9
1780531200,1812.57,1820.0,1781.35,1793.25,4377357.23
1780534800,1793.25,1800.57,1754.3,1759.36,5169322.17
1780538400,1759.35,1777.8,1714.94,1765.99,8884810.82
1780542000,1766.0,1813.67,1765.54,1808.35,4390632.32
1780545600,1808.36,1817.64,1801.47,1804.44,2102798.18
1780549200,1804.44,1804.49,1779.0,1783.11,3243249.97
1780552800,1783.11,1801.8,1781.17,1789.25,2088646.71
1780556400,1789.25,1790.19,1772.35,1776.48,2267449.07
1780560000,1776.49,1783.02,1763.0,1772.81,2762152.57
1780563600,1772.8,1773.5,1743.79,1765.89,4320590.92
1780567200,1765.89,1766.43,1728.94,1736.07,4497540.43
1780570800,1736.08,1754.37,1731.8,1750.77,2746659.8
1780574400,1750.77,1782.0,1743.59,1777.3,3899475.12
1780578000,1777.3,1789.75,1754.45,1784.68,4421447.91
1780581600,1784.69,1794.06,1765.35,1773.69,2853548.05
1780585200,1773.69,1790.88,1769.21,1776.01,2106802.6
1780588800,1776.0,1780.65,1765.0,1771.35,1474729.05
1780592400,1771.35,1775.35,1752.27,1767.06,2237250.59
1780596000,1767.07,1783.48,1759.02,1775.26,1665370.19
1780599600,1775.25,1786.77,1770.07,1776.13,1193456.61
1780603200,1776.13,1776.68,1763.0,1773.9,907463.46
1780606800,1773.89,1782.54,1755.62,1760.27,1151910.13
1780610400,1760.27,1769.91,1751.47,1767.91,1825769.49
1780614000,1767.92,1776.37,1756.5,1770.01,1173169.3
1780617600,1770.0,1774.0,1757.6,1758.74,1163899.87
1780621200,1758.74,1763.56,1745.3,1752.67,1995621.21
1780624800,1752.67,1754.32,1726.54,1729.6,2984091.52
1780628400,1729.59,1739.0,1721.31,1729.2,2678921.84
1780632000,1729.21,1745.55,1717.0,1743.72,4167946.55
1780635600,1743.72,1747.0,1680.08,1683.41,8416429.16
1780639200,1683.4,1688.25,1620.06,1655.5,13363269.68
1780642800,1655.51,1679.35,1632.12,1678.34,5366595.67
1780646400,1678.35,1678.79,1658.0,1662.97,2434515.8
1780650000,1662.98,1689.42,1661.76,1681.95,2976147.45
1780653600,1681.95,1684.35,1671.17,1675.87,1437078.3
1780657200,1675.86,1680.89,1661.87,1662.4,1762545.19
1780660800,1662.41,1670.93,1645.03,1656.31,4268806.36
1780664400,1656.31,1677.0,1611.08,1613.51,7560017.28
1780668000,1613.51,1623.34,1588.0,1599.47,11658434.24
1780671600,1599.47,1603.65,1570.16,1582.0,9177420.65
1780675200,1582.0,1611.3,1545.78,1607.36,12623423.45
1780678800,1607.35,1611.83,1586.53,1593.19,3294558.8
1780682400,1593.2,1597.76,1543.8,1551.95,6068959.81
1780686000,1551.96,1579.52,1538.33,1572.85,5671565.94
1780689600,1572.85,1607.71,1555.7,1602.51,4634533.17
1780693200,1602.5,1618.96,1601.3,1608.88,2386585.09
1780696800,1608.87,1609.64,1588.52,1596.61,2468870.32
1780700400,1596.62,1603.46,1559.12,1582.49,2559917.42
1780704000,1582.5,1600.89,1581.84,1592.14,1345413.82
1780707600,1592.13,1595.98,1576.7,1582.15,1252766.75
1780711200,1582.16,1584.99,1565.44,1575.2,1592643.84
1780714800,1575.17,1575.53,1553.25,1562.28,1920026.26
1780718400,1562.29,1569.04,1507.82,1521.28,6891240.49
1780722000,1521.29,1568.0,1503.6,1565.74,6892376.42
1780725600,1565.74,1580.71,1553.63,1559.23,3423819.07
1780729200,1559.23,1579.99,1555.1,1574.25,1786271.16
1780732800,1574.24,1592.72,1568.7,1581.65,2173713.4
1780736400,1581.65,1587.94,1564.31,1569.84,2000226.36
1780740000,1569.84,1569.85,1534.4,1547.36,4197922.56
1780743600,1547.37,1566.8,1546.34,1557.93,2153105.6
1780747200,1557.94,1576.26,1550.16,1570.51,2020433.6
1780750800,1570.51,1572.8,1553.39,1556.54,1700215.59
1780754400,1556.53,1566.0,1555.39,1557.13,1095351.04
1780758000,1557.13,1565.0,1543.1,1559.65,2299484.26
1780761600,1559.64,1565.0,1551.68,1562.84,1272125.59
1780765200,1562.84,1565.7,1545.7,1552.31,1462657.48
1780768800,1552.3,1565.29,1548.87,1555.84,1183420.33
1780772400,1555.84,1562.73,1552.6,1553.62,532795.4
1780776000,1553.62,1559.32,1550.0,1556.68,811094.9
1780779600,1556.68,1564.2,1556.54,1556.95,615989.26
1780783200,1556.94,1561.0,1550.56,1557.25,759912.95
1780786800,1557.25,1569.48,1555.75,1568.62,900874.49
1780790400,1568.62,1571.92,1563.03,1564.01,909039.13
1780794000,1564.01,1595.94,1563.26,1589.12,3177654.96
1780797600,1589.12,1594.74,1581.26,1591.43,1351066.75
1780801200,1591.43,1600.0,1588.33,1593.75,1431416.25
1780804800,1593.75,1598.24,1583.66,1595.79,1295880.92
1780808400,1595.79,1609.83,1592.14,1602.84,2639486.2
1780812000,1602.84,1622.73,1597.19,1610.67,3601788.36
1780815600,1610.68,1616.75,1606.49,1614.48,1314728.68
1780819200,1614.48,1642.0,1607.5,1640.63,4239577.03
1780822800,1640.63,1647.65,1627.05,1632.37,2956258.05
1780826400,1632.37,1634.86,1623.42,1625.0,1510389.06
1780830000,1625.0,1633.38,1621.25,1629.16,1320405.64
1780833600,1629.16,1630.4,1605.13,1619.05,4019402.98
1780837200,1619.04,1621.95,1612.2,1616.28,1164671.25
1780840800,1616.27,1639.64,1615.63,1627.03,2999202.95
1780844400,1627.04,1635.44,1620.0,1629.19,1618195.34
1780848000,1629.19,1632.91,1622.3,1627.63,1048266.05
1780851600,1627.64,1636.9,1626.57,1630.26,971031.18
1780855200,1630.27,1635.71,1627.6,1629.32,751611.65
1780858800,1629.33,1629.54,1602.0,1611.89,2994702.93
1780862400,1611.88,1630.87,1608.11,1626.95,1324691.79
1780866000,1626.96,1633.9,1622.6,1633.83,508371.16
1780869600,1633.83,1723.22,1628.06,1671.76,7720921.2
1780873200,1671.77,1692.0,1669.86,1689.63,1652940.27
1780876800,1689.62,1711.31,1682.3,1696.72,2636013.49
1780880400,1696.71,1699.5,1670.31,1686.24,2382918.07
1780884000,1686.25,1688.58,1675.91,1682.87,1052159.0
1780887600,1682.88,1692.3,1676.01,1678.88,1206246.51
1780891200,1678.89,1680.0,1654.72,1656.08,2568013.8
1780894800,1656.01,1659.0,1643.54,1652.86,2364199.76
1780898400,1652.86,1669.1,1651.69,1665.64,2083072.72
1780902000,1665.64,1678.53,1660.61,1672.59,1956548.17
1780905600,1672.58,1672.58,1656.18,1660.26,1555436.56
1780909200,1660.26,1671.56,1656.24,1669.92,1763432.4
1780912800,1669.93,1676.58,1660.58,1671.49,1527036.84
1780916400,1671.48,1696.28,1666.56,1682.78,3502452.85
1780920000,1682.77,1697.74,1665.0,1694.31,3969916.02
1780923600,1694.31,1695.96,1677.39,1680.78,2574503.56
1780927200,1680.77,1693.64,1675.8,1690.41,1687289.24
1780930800,1690.42,1705.68,1687.5,1690.66,2997220.92
1780934400,1690.66,1702.88,1681.45,1681.5,1977195.75
1780938000,1681.5,1686.99,1673.99,1685.53,1860454.57
1780941600,1685.53,1691.64,1677.6,1683.45,1045332.16
1780945200,1683.45,1689.83,1680.2,1683.65,1020311.95
1780948800,1683.66,1688.59,1677.04,1688.58,780313.18
1780952400,1688.59,1713.59,1688.59,1702.44,1760396.47
1780956000,1702.44,1703.27,1687.21,1702.21,1252999.28
1780959600,1702.2,1713.69,1685.28,1689.19,1644348.26
1780963200,1689.18,1695.89,1657.6,1662.16,3867288.17
1780966800,1662.15,1673.18,1657.64,1667.96,1442895.69
1780970400,1667.95,1671.61,1653.6,1667.17,1434675.91
1780974000,1667.16,1670.87,1662.9,1668.47,1016253.69
1780977600,1668.46,1695.62,1663.27,1685.4,3057018.94
1780981200,1685.4,1694.48,1680.5,1687.42,1300796.25
1780984800,1687.42,1694.93,1682.66,1684.99,1168835.07
1780988400,1684.99,1690.79,1673.22,1679.15,1465528.9
1780992000,1679.16,1679.83,1667.34,1674.26,1595037.14
1780995600,1674.25,1679.29,1664.0,1669.62,1246516.5
1780999200,1669.61,1675.9,1666.01,1673.58,805710.07
1781002800,1673.58,1674.61,1665.01,1670.78,811835.05
1781006400,1670.77,1684.15,1670.14,1675.78,1724027.01
1781010000,1675.79,1679.66,1662.56,1665.83,2290669.49
1781013600,1665.82,1670.14,1631.88,1645.08,6444145.26
1781017200,1645.08,1653.57,1633.9,1635.64,3322300.95
1781020800,1635.63,1638.72,1612.68,1631.33,5530663.51
1781024400,1631.33,1648.89,1631.33,1642.0,2711277.1
1781028000,1642.0,1655.3,1638.96,1651.41,1431837.66
1781031600,1651.42,1657.82,1646.72,1654.53,915889.93
